Name : Ahmed ElMousel
Problem : X-n115-k10 
Whale Algorithm 
cost : 13445.0980755
Routes : 
1->4->94->19->100->50->110->48->80->88->87->61->49->74->107->1
1->1
1->22->83->89->106->28->45->31->10->55->63->101->29->79->54->30->51->1
1->105->42->92->3->24->66->1
1->1
1->70->103->25->77->56->81->98->62->104->34->82->12->32->57->37->1
1->90->6->109->7->20->1
1->33->18->67->17->26->52->23->97->46->13->114->59->78->39->71->14->1
1->16->11->1
1->35->64->99->8->2->91->75->86->1
1->47->65->27->73->72->38->40->68->41->44->69->15->9->84->76->85->113->111->112->1
1->53->115->95->21->102->5->93->58->36->108->96->60->43->1
best solutions : 
[15541.592973036393, 15541.592973036393, 15541.592973036393, 15541.592973036393, 15541.592973036393, 15541.592973036393, 15541.592973036393, 15541.592973036393, 15497.045224777412, 15237.92641215259, 14965.70954173935, 14965.70954173935, 14965.70954173935, 14916.752066469096, 14916.752066469096, 14916.752066469096, 14860.608121597215, 14860.608121597215, 14860.608121597215, 14860.608121597215, 14832.984770299954, 14832.984770299954, 14832.984770299954, 14832.984770299954, 14706.212865577774, 14706.212865577774, 14706.212865577774, 14706.212865577774, 14694.651257475598, 14694.651257475598, 14694.651257475598, 14687.714399502514, 14687.714399502514, 14687.714399502514, 14687.714399502514, 14586.077385117547, 14586.077385117547, 14586.077385117547, 14545.224761523785, 14429.273612456816, 14429.273612456816, 14429.273612456816, 14429.273612456816, 14429.273612456816, 14429.273612456816, 14429.273612456816, 14429.273612456816, 14429.273612456816, 14429.273612456816, 14424.003417670441, 14424.003417670441, 14424.003417670441, 14424.003417670441, 14424.003417670441, 14375.206334390916, 14375.206334390916, 14375.206334390916, 14375.206334390916, 14375.206334390916, 14375.206334390916, 14362.063722886429, 14362.063722886429, 14355.03453603686, 14355.03453603686, 14355.03453603686, 14289.596591613285, 14289.596591613285, 14289.596591613285, 14289.596591613285, 14252.733229065416, 14252.733229065416, 14252.733229065416, 14252.733229065416, 14252.733229065416, 14252.733229065416, 14252.733229065416, 14252.733229065416, 14252.733229065416, 14252.733229065416, 14252.733229065416, 14252.733229065416, 14252.733229065416, 14241.510381633798, 14241.510381633798, 14241.510381633798, 14241.510381633798, 14241.510381633798, 14241.510381633798, 14241.510381633798, 14241.510381633798, 14241.510381633798, 14241.510381633798, 14241.510381633798, 14241.510381633798, 14241.510381633798, 14241.510381633798, 14241.510381633798, 14241.510381633798, 14241.510381633798, 14241.510381633798, 14241.510381633798, 14241.510381633798, 14241.510381633798, 14241.510381633798, 14241.510381633798, 14241.510381633798, 14241.510381633798, 14241.510381633798, 14241.510381633798, 14241.510381633798, 14210.084185746133, 14203.87853512893, 14203.87853512893, 14203.87853512893, 14203.87853512893, 14203.87853512893, 14203.87853512893, 14203.87853512893, 14203.87853512893, 14203.87853512893, 14201.683428978258, 14201.683428978258, 14154.103532887986, 14154.103532887986, 14105.649472022531, 14105.649472022531, 14105.649472022531, 14105.649472022531, 14105.649472022531, 14105.649472022531, 14102.486910613734, 14082.732198079131, 14082.732198079131, 14082.732198079131, 14082.732198079131, 14072.944797889968, 14070.693824569014, 14070.693824569014, 14070.693824569014, 14070.693824569014, 14070.693824569014, 14070.693824569014, 14070.693824569014, 14070.693824569014, 14070.693824569014, 14070.693824569014, 14065.423629782637, 14065.423629782637, 14065.423629782637, 14065.423629782637, 14060.544768901607, 14060.544768901607, 14060.544768901607, 14060.544768901607, 14060.544768901607, 14060.544768901607, 14060.544768901607, 14060.544768901607, 14060.544768901607, 14027.25683785079, 14027.25683785079, 13936.965574803426, 13936.965574803426, 13936.965574803426, 13936.965574803426, 13936.965574803426, 13936.965574803426, 13936.965574803426, 13936.965574803426, 13936.965574803424, 13936.965574803424, 13936.965574803424, 13936.965574803424, 13936.965574803424, 13936.965574803424, 13936.965574803424, 13936.965574803424, 13936.965574803424, 13936.965574803424, 13936.965574803424, 13936.965574803424, 13936.965574803424, 13936.965574803424, 13936.965574803424, 13936.965574803424, 13904.240716094264, 13904.240716094264, 13904.240716094264, 13904.240716094264, 13904.240716094264, 13904.240716094264, 13904.240716094264, 13904.240716094264, 13904.240716094264, 13904.240716094264, 13904.240716094264, 13904.240716094264, 13904.240716094264, 13904.240716094264, 13904.240716094264, 13904.240716094264, 13904.240716094264, 13904.240716094264, 13901.349116491856, 13901.349116491856, 13901.349116491856, 13901.349116491856, 13901.349116491856, 13901.349116491856, 13901.349116491856, 13901.349116491856, 13901.349116491856, 13901.349116491856, 13901.349116491856, 13901.349116491856, 13901.349116491856, 13901.349116491856, 13901.349116491856, 13901.349116491856, 13901.349116491856, 13901.349116491856, 13901.349116491856, 13901.349116491856, 13901.349116491856, 13901.349116491856, 13901.349116491856, 13901.349116491856, 13901.349116491856, 13901.349116491856, 13901.349116491856, 13901.349116491856, 13901.349116491856, 13901.349116491856, 13901.349116491856, 13901.349116491856, 13901.349116491856, 13901.349116491856, 13901.349116491856, 13901.349116491856, 13901.349116491856, 13901.349116491856, 13901.349116491856, 13901.349116491856, 13901.349116491856, 13901.349116491856, 13901.349116491856, 13901.349116491856, 13901.349116491856, 13901.349116491856, 13901.349116491856, 13901.349116491856, 13901.349116491856, 13901.349116491856, 13901.349116491856, 13901.349116491856, 13901.349116491856, 13901.349116491856, 13901.349116491856, 13901.349116491856, 13901.349116491856, 13901.349116491856, 13901.349116491856, 13901.349116491856, 13901.349116491856, 13901.349116491856, 13901.349116491856, 13901.349116491856, 13901.349116491856, 13901.349116491856, 13901.349116491856, 13901.349116491856, 13901.349116491856, 13901.349116491856, 13901.349116491856, 13901.349116491856, 13901.349116491856, 13901.349116491856, 13901.349116491856, 13884.132257540869, 13884.132257540869, 13884.132257540869, 13884.132257540869, 13884.132257540869, 13884.132257540869, 13884.132257540869, 13884.132257540869, 13884.132257540869, 13884.132257540869, 13884.132257540869, 13884.132257540869, 13884.132257540869, 13884.132257540869, 13884.132257540869, 13884.132257540869, 13884.132257540869, 13884.132257540869, 13884.132257540869, 13884.132257540869, 13884.132257540869, 13884.132257540869, 13879.130202675782, 13879.130202675782, 13879.130202675782, 13879.130202675782, 13879.130202675782, 13879.130202675782, 13879.130202675782, 13879.130202675782, 13879.130202675782, 13879.130202675782, 13879.130202675782, 13879.130202675782, 13879.130202675782, 13879.130202675782, 13879.130202675782, 13879.130202675782, 13879.130202675782, 13879.130202675782, 13879.130202675782, 13877.139730547158, 13877.139730547158, 13877.139730547158, 13877.139730547158, 13836.846473987422, 13836.846473987422, 13836.846473987422, 13836.846473987422, 13836.846473987422, 13836.846473987422, 13836.846473987422, 13835.374080998574, 13834.85689944427, 13834.85689944427, 13816.178148447103, 13816.178148447103, 13816.178148447103, 13816.178148447103, 13816.178148447103, 13816.178148447103, 13816.178148447103, 13816.178148447103, 13816.178148447103, 13816.178148447103, 13816.178148447103, 13816.178148447103, 13805.437714025771, 13805.437714025771, 13805.437714025771, 13805.277166974098, 13805.277166974098, 13805.277166974098, 13805.277166974098, 13805.277166974098, 13805.277166974098, 13805.277166974098, 13805.277166974098, 13803.287592430946, 13803.287592430946, 13803.287592430946, 13803.287592430946, 13803.287592430946, 13803.287592430946, 13803.287592430946, 13803.287592430946, 13803.287592430946, 13803.287592430946, 13803.287592430946, 13803.287592430946, 13803.287592430946, 13803.287592430946, 13803.287592430946, 13803.287592430946, 13803.287592430946, 13803.287592430946, 13803.287592430946, 13803.287592430946, 13803.287592430946, 13803.287592430946, 13803.287592430946, 13803.287592430946, 13798.28553756586, 13798.28553756586, 13774.260404378718, 13774.260404378718, 13774.260404378718, 13774.260404378718, 13774.260404378718, 13774.260404378718, 13774.260404378718, 13774.260404378718, 13767.531279543455, 13767.531279543455, 13736.254487787115, 13736.254487787113, 13736.254487787113, 13736.254487787113, 13736.254487787113, 13736.254487787113, 13736.254487787113, 13736.254487787113, 13736.254487787113, 13736.254487787113, 13736.254487787113, 13736.254487787113, 13736.254487787113, 13724.509595271425, 13724.509595271425, 13724.509595271425, 13724.509595271425, 13724.509595271425, 13724.509595271425, 13724.509595271425, 13724.509595271425, 13724.509595271425, 13724.509595271425, 13724.509595271425, 13710.070345413547, 13710.070345413547, 13710.070345413547, 13710.070345413547, 13710.070345413547, 13710.070345413547, 13710.070345413547, 13710.070345413547, 13710.070345413547, 13710.070345413547, 13710.070345413547, 13710.070345413547, 13710.070345413547, 13710.070345413547, 13710.070345413547, 13710.070345413547, 13710.070345413547, 13710.070345413547, 13710.070345413547, 13710.070345413547, 13710.070345413547, 13710.070345413547, 13710.070345413547, 13710.070345413547, 13710.070345413547, 13710.070345413547, 13710.070345413547, 13710.070345413547, 13710.070345413547, 13710.070345413547, 13710.070345413547, 13710.070345413547, 13710.070345413547, 13710.070345413547, 13710.070345413547, 13710.070345413547, 13710.070345413547, 13710.070345413547, 13710.070345413547, 13710.070345413547, 13710.070345413547, 13710.070345413547, 13710.070345413547, 13710.070345413547, 13710.070345413547, 13710.070345413547, 13710.070345413547, 13710.070345413547, 13710.070345413547, 13710.070345413547, 13710.070345413547, 13710.070345413547, 13710.070345413547, 13710.070345413547, 13710.070345413547, 13710.070345413547, 13710.070345413547, 13710.070345413547, 13710.070345413547, 13710.070345413547, 13710.070345413547, 13710.070345413547, 13710.070345413547, 13710.070345413547, 13710.070345413547, 13710.070345413547, 13710.070345413547, 13710.070345413547, 13710.070345413547, 13710.070345413547, 13710.070345413547, 13710.070345413547, 13710.070345413547, 13710.070345413547, 13710.070345413547, 13710.070345413547, 13710.070345413547, 13710.070345413547, 13710.070345413547, 13710.070345413547, 13710.070345413547, 13710.070345413547, 13710.070345413547, 13710.070345413547, 13710.070345413547, 13710.070345413546, 13710.070345413546, 13710.070345413546, 13710.070345413546, 13710.070345413546, 13710.070345413546, 13710.070345413546, 13710.070345413546, 13710.070345413546, 13710.070345413546, 13710.070345413546, 13710.070345413546, 13710.070345413546, 13710.070345413546, 13710.070345413546, 13710.070345413546, 13710.070345413546, 13710.070345413546, 13710.070345413546, 13710.070345413546, 13710.070345413546, 13710.070345413546, 13710.070345413546, 13710.070345413546, 13710.070345413546, 13710.070345413546, 13710.070345413546, 13710.070345413546, 13710.070345413546, 13710.070345413546, 13710.070345413546, 13710.070345413546, 13710.070345413546, 13710.070345413546, 13710.070345413546, 13710.070345413546, 13710.070345413546, 13704.160011160906, 13704.160011160906, 13704.160011160906, 13704.160011160906, 13704.160011160906, 13704.160011160906, 13704.160011160906, 13704.160011160906, 13704.160011160906, 13704.160011160906, 13676.653959035748, 13676.653959035748, 13676.653959035746, 13676.653959035746, 13676.653959035746, 13676.653959035746, 13676.653959035746, 13676.653959035746, 13676.653959035746, 13676.653959035746, 13676.653959035746, 13676.653959035746, 13676.653959035746, 13676.653959035746, 13676.653959035746, 13676.653959035746, 13666.461243459185, 13666.461243459185, 13666.461243459185, 13666.461243459185, 13666.461243459185, 13666.461243459185, 13666.461243459185, 13666.461243459185, 13666.461243459185, 13666.461243459185, 13666.461243459185, 13666.461243459185, 13666.461243459185, 13666.461243459185, 13666.461243459185, 13666.461243459185, 13666.461243459185, 13666.461243459185, 13666.461243459185, 13666.461243459185, 13666.461243459185, 13666.461243459185, 13666.461243459185, 13666.461243459185, 13666.461243459185, 13666.461243459185, 13666.461243459185, 13666.461243459185, 13666.461243459185, 13666.461243459185, 13666.461243459185, 13666.461243459185, 13666.461243459185, 13666.461243459185, 13666.461243459185, 13666.461243459185, 13666.461243459185, 13666.461243459185, 13666.461243459185, 13666.461243459185, 13666.461243459185, 13666.461243459185, 13666.461243459185, 13666.461243459185, 13666.461243459185, 13665.947559889715, 13665.947559889715, 13665.947559889715, 13665.947559889715, 13665.947559889715, 13665.947559889715, 13665.947559889715, 13665.947559889715, 13665.947559889715, 13665.947559889715, 13665.947559889715, 13665.947559889715, 13665.947559889715, 13665.947559889715, 13665.947559889715, 13665.947559889715, 13665.947559889715, 13662.305952944766, 13662.305952944766, 13662.305952944766, 13662.305952944766, 13662.305952944766, 13662.305952944766, 13662.305952944766, 13662.305952944766, 13662.305952944766, 13662.305952944766, 13662.305952944766, 13662.305952944766, 13662.305952944766, 13662.305952944766, 13662.305952944766, 13662.305952944766, 13662.305952944766, 13662.305952944766, 13662.305952944766, 13662.305952944766, 13662.305952944766, 13662.305952944766, 13662.305952944766, 13662.305952944766, 13662.305952944766, 13525.329127142879, 13525.329127142879, 13525.329127142879, 13525.329127142879, 13525.329127142879, 13525.329127142879, 13525.329127142879, 13525.329127142879, 13525.329127142879, 13525.329127142879, 13525.329127142879, 13525.329127142879, 13525.329127142879, 13525.329127142879, 13525.329127142879, 13525.329127142879, 13525.329127142879, 13525.329127142879, 13525.329127142879, 13525.329127142879, 13525.329127142879, 13525.329127142879, 13525.329127142879, 13525.329127142879, 13525.329127142879, 13525.329127142879, 13525.329127142879, 13525.329127142879, 13525.329127142879, 13525.329127142879, 13525.329127142879, 13525.329127142879, 13525.329127142879, 13525.329127142879, 13525.329127142879, 13525.329127142879, 13525.329127142879, 13525.329127142879, 13525.329127142879, 13525.329127142879, 13525.329127142879, 13525.329127142879, 13525.329127142879, 13525.329127142879, 13525.329127142879, 13525.329127142879, 13525.329127142879, 13525.329127142879, 13525.329127142879, 13525.329127142879, 13525.329127142879, 13525.329127142879, 13473.584345465732, 13473.584345465732, 13473.584345465732, 13473.584345465732, 13473.584345465732, 13473.584345465732, 13473.584345465732, 13473.584345465732, 13473.584345465732, 13473.584345465732, 13473.584345465732, 13473.584345465732, 13473.584345465732, 13473.584345465732, 13473.584345465732, 13473.584345465732, 13473.584345465732, 13473.584345465732, 13473.584345465732, 13473.584345465732, 13473.584345465732, 13473.584345465732, 13473.584345465732, 13473.584345465732, 13473.584345465732, 13473.584345465732, 13473.584345465732, 13473.584345465732, 13473.584345465732, 13473.584345465732, 13473.584345465732, 13473.584345465732, 13473.584345465732, 13473.584345465732, 13473.584345465732, 13473.584345465732, 13473.584345465732, 13473.584345465732, 13473.584345465732, 13473.584345465732, 13473.584345465732, 13473.584345465732, 13473.584345465732, 13473.584345465732, 13473.584345465732, 13473.584345465732, 13473.584345465732, 13473.584345465732, 13473.584345465732, 13473.584345465732, 13473.584345465732, 13473.584345465732, 13473.584345465732, 13473.584345465732, 13473.584345465732, 13473.584345465732, 13473.584345465732, 13473.584345465732, 13473.584345465732, 13473.584345465732, 13473.584345465732, 13473.584345465732, 13473.584345465732, 13473.584345465732, 13473.584345465732, 13473.584345465732, 13473.584345465732, 13473.584345465732, 13473.584345465732, 13473.584345465732, 13473.584345465732, 13473.584345465732, 13473.584345465732, 13473.584345465732, 13473.584345465732, 13473.584345465732, 13473.584345465732, 13473.584345465732, 13473.584345465732, 13473.584345465732, 13473.584345465732, 13473.584345465732, 13473.584345465732, 13473.584345465732, 13473.584345465732, 13473.584345465732, 13473.584345465732, 13473.584345465732, 13473.584345465732, 13473.584345465732, 13473.584345465732, 13473.584345465732, 13473.584345465732, 13473.584345465732, 13473.584345465732, 13473.584345465732, 13473.584345465732, 13473.584345465732, 13473.584345465732, 13473.584345465732, 13473.584345465732, 13473.584345465732, 13473.584345465732, 13473.584345465732, 13473.584345465732, 13473.584345465732, 13473.584345465732, 13473.584345465732, 13473.584345465732, 13473.584345465732, 13473.584345465732, 13473.584345465732, 13473.584345465732, 13473.584345465732, 13473.584345465732, 13473.584345465732, 13473.584345465732, 13473.584345465732, 13473.584345465732, 13473.584345465732, 13473.584345465732, 13473.584345465732, 13473.584345465732, 13473.584345465732, 13473.584345465732, 13473.584345465732, 13473.584345465732, 13473.584345465732, 13473.584345465732, 13473.584345465732, 13473.584345465732, 13473.584345465732, 13473.584345465732, 13473.584345465732, 13473.584345465732, 13473.584345465732, 13473.584345465732, 13473.584345465732, 13473.584345465732, 13473.584345465732, 13473.584345465732, 13473.584345465732, 13473.584345465732, 13473.584345465732, 13473.584345465732, 13473.584345465732, 13473.584345465732, 13473.584345465732, 13473.584345465732, 13473.584345465732, 13473.584345465732, 13473.584345465732, 13473.584345465732, 13473.584345465732, 13473.584345465732, 13473.584345465732, 13473.584345465732, 13473.584345465732, 13473.584345465732, 13473.584345465732, 13473.584345465732, 13473.584345465732, 13473.584345465732, 13473.584345465732, 13473.584345465732, 13473.584345465732, 13473.584345465732, 13473.584345465732, 13473.584345465732, 13473.584345465732, 13473.584345465732, 13473.584345465732, 13473.584345465732, 13473.584345465732, 13473.584345465732, 13473.584345465732, 13473.584345465732, 13473.584345465732, 13473.584345465732, 13473.584345465732, 13473.584345465732, 13473.584345465732, 13473.584345465732, 13473.584345465732, 13473.584345465732, 13473.584345465732, 13473.584345465732, 13473.584345465732, 13473.584345465732, 13473.584345465732, 13473.584345465732, 13473.584345465732, 13473.584345465732, 13473.584345465732, 13473.584345465732, 13473.584345465732, 13473.584345465732, 13473.584345465732, 13473.584345465732, 13473.584345465732, 13473.584345465732, 13473.584345465732, 13473.584345465732, 13473.584345465732, 13473.584345465732, 13473.584345465732, 13473.584345465732, 13473.584345465732, 13473.584345465732, 13473.584345465732, 13473.584345465732, 13473.584345465732, 13473.584345465732, 13473.584345465732, 13473.584345465732, 13473.584345465732, 13473.584345465732, 13473.584345465732, 13473.584345465732, 13473.584345465732, 13473.584345465732, 13473.584345465732, 13473.584345465732, 13473.584345465732, 13473.584345465732, 13473.584345465732, 13473.584345465732, 13473.584345465732, 13451.991878812976, 13451.991878812976, 13451.991878812976, 13451.991878812976, 13451.991878812976, 13451.991878812976, 13451.991878812976, 13451.991878812976, 13451.991878812976, 13451.991878812976, 13451.991878812976, 13451.991878812976, 13451.991878812976, 13451.991878812976, 13451.991878812976, 13451.991878812976, 13451.991878812976, 13451.991878812976, 13451.991878812976, 13451.991878812976, 13451.991878812976, 13451.991878812976, 13451.991878812976, 13451.991878812976, 13451.991878812976, 13451.991878812976, 13451.991878812976, 13451.991878812976, 13451.991878812976, 13451.991878812974, 13451.991878812974, 13451.991878812974, 13451.991878812974, 13451.991878812974, 13451.991878812974, 13451.991878812974, 13451.991878812974, 13451.991878812974, 13451.991878812974, 13451.991878812974, 13451.991878812974, 13451.991878812974, 13451.991878812974, 13451.991878812974, 13451.991878812974, 13451.991878812974, 13451.991878812974, 13451.991878812974, 13451.991878812974, 13451.991878812974, 13451.991878812974, 13451.991878812974, 13451.991878812974, 13451.991878812974, 13451.991878812974, 13451.991878812974, 13451.991878812974, 13451.991878812974, 13451.991878812974, 13451.991878812974, 13451.991878812974, 13451.991878812974, 13451.991878812974, 13451.991878812974, 13451.991878812974, 13451.991878812974, 13451.991878812974, 13451.991878812974, 13447.774919461224, 13447.774919461224, 13447.774919461224, 13447.774919461224, 13447.774919461224, 13447.774919461224, 13447.774919461224, 13447.774919461224, 13447.774919461224, 13447.774919461224, 13447.774919461224, 13447.774919461224, 13447.774919461224, 13447.774919461224, 13447.774919461224, 13447.774919461224, 13447.774919461224, 13447.774919461224, 13447.774919461224, 13447.774919461224, 13447.774919461224, 13447.774919461224, 13447.774919461224, 13447.774919461224, 13447.774919461224, 13447.774919461224, 13447.774919461224, 13447.774919461224, 13447.774919461224, 13447.774919461224, 13447.774919461224, 13447.774919461224, 13447.774919461224, 13447.774919461224, 13447.774919461224, 13447.774919461224, 13447.774919461224, 13447.774919461224, 13447.774919461224, 13447.774919461224, 13447.774919461224, 13447.774919461224, 13447.774919461224, 13447.774919461224, 13447.774919461224, 13447.774919461224, 13447.774919461224, 13447.774919461224, 13447.774919461224, 13447.774919461224, 13447.774919461224, 13447.774919461224, 13447.774919461224, 13447.774919461224, 13447.774919461222, 13447.774919461222, 13447.774919461222, 13447.774919461222, 13447.774919461222, 13447.774919461222, 13447.774919461222, 13447.774919461222, 13447.774919461222, 13447.774919461222, 13447.774919461222, 13447.774919461222, 13447.774919461222, 13447.774919461222, 13447.774919461222, 13447.774919461222, 13447.774919461222, 13447.774919461222, 13447.774919461222, 13447.774919461222, 13447.774919461222, 13447.774919461222, 13447.774919461222, 13447.774919461222, 13447.774919461222, 13447.774919461222, 13447.774919461222, 13447.774919461222, 13447.774919461222, 13447.774919461222, 13447.774919461222, 13447.774919461222, 13447.774919461222, 13447.774919461222, 13447.774919461222, 13447.774919461222, 13447.774919461222, 13447.774919461222, 13447.774919461222, 13447.774919461222, 13447.774919461222, 13447.774919461222, 13447.774919461222, 13447.774919461222, 13447.774919461222, 13447.774919461222, 13447.774919461222, 13447.774919461222, 13447.774919461222, 13447.774919461222, 13447.774919461222, 13447.774919461222, 13447.774919461222, 13447.774919461222, 13447.774919461222, 13447.774919461222, 13447.774919461222, 13447.774919461222, 13447.774919461222, 13447.774919461222, 13447.774919461222, 13447.774919461222, 13447.774919461222, 13447.774919461222, 13447.774919461222, 13447.774919461222, 13447.774919461222, 13447.774919461222, 13447.774919461222, 13447.774919461222, 13447.774919461222, 13447.774919461222, 13447.774919461222, 13447.774919461222, 13447.774919461222, 13447.774919461222, 13447.774919461222, 13447.774919461222, 13447.774919461222, 13447.774919461222, 13447.774919461222, 13447.774919461222, 13447.774919461222, 13447.774919461222, 13447.774919461222, 13447.774919461222, 13447.774919461222, 13447.774919461222, 13447.774919461222, 13447.774919461222, 13447.774919461222, 13447.774919461222, 13447.774919461222, 13447.774919461222, 13447.774919461222, 13447.774919461222, 13447.774919461222, 13447.774919461222, 13447.774919461222, 13447.774919461222, 13447.774919461222, 13447.774919461222, 13447.774919461222, 13447.774919461222, 13447.774919461222, 13447.774919461222, 13447.774919461222, 13447.774919461222, 13447.774919461222, 13447.774919461222, 13447.774919461222, 13447.774919461222, 13447.774919461222, 13447.774919461222, 13447.774919461222, 13447.774919461222, 13447.774919461222, 13447.774919461222, 13447.774919461222, 13447.774919461222, 13447.774919461222, 13447.774919461222, 13447.774919461222, 13447.774919461222, 13447.774919461222, 13447.774919461222, 13447.774919461222, 13447.774919461222, 13447.774919461222, 13447.774919461222, 13447.774919461222, 13447.774919461222, 13447.774919461222, 13447.774919461222, 13447.774919461222, 13447.774919461222, 13447.774919461222, 13447.774919461222, 13447.774919461222, 13447.774919461222, 13447.774919461222, 13447.774919461222, 13447.774919461222, 13447.774919461222, 13447.774919461222, 13447.774919461222, 13447.774919461222, 13447.774919461222, 13447.774919461222, 13447.774919461222, 13447.774919461222, 13447.774919461222, 13447.774919461222, 13447.774919461222, 13447.774919461222, 13447.774919461222, 13447.774919461222, 13447.774919461222, 13447.774919461222, 13447.774919461222, 13447.774919461222, 13447.774919461222, 13447.774919461222, 13447.774919461222, 13447.774919461222, 13447.774919461222, 13447.774919461222, 13447.774919461222, 13447.774919461222, 13447.774919461222, 13447.774919461222, 13447.774919461222, 13447.774919461222, 13447.774919461222, 13447.774919461222, 13447.774919461222, 13447.774919461222, 13447.774919461222, 13447.774919461222, 13447.774919461222, 13447.774919461222, 13447.774919461222, 13447.774919461222, 13447.774919461222, 13447.774919461222, 13447.774919461222, 13447.774919461222, 13447.774919461222, 13447.774919461222, 13447.774919461222, 13447.774919461222, 13447.774919461222, 13447.774919461222, 13447.774919461222, 13447.774919461222, 13447.774919461222, 13447.774919461222, 13447.774919461222, 13447.774919461222, 13447.774919461222, 13447.774919461222, 13447.774919461222, 13447.774919461222, 13447.774919461222, 13447.774919461222, 13447.774919461222, 13447.774919461222, 13447.774919461222, 13447.774919461222, 13447.774919461222, 13447.774919461222, 13447.774919461222, 13447.774919461222, 13447.774919461222, 13447.774919461222, 13447.774919461222, 13447.774919461222, 13447.774919461222, 13447.774919461222, 13447.774919461222, 13447.774919461222, 13447.774919461222, 13447.774919461222, 13447.774919461222, 13447.774919461222, 13447.774919461222, 13447.774919461222, 13447.774919461222, 13447.774919461222, 13447.774919461222, 13447.774919461222, 13447.774919461222, 13447.774919461222, 13447.774919461222, 13447.774919461222, 13447.774919461222, 13447.774919461222, 13447.774919461222, 13447.774919461222, 13447.774919461222, 13447.774919461222, 13447.774919461222, 13447.774919461222, 13447.774919461222, 13447.774919461222, 13447.774919461222, 13447.774919461222, 13447.774919461222, 13447.774919461222, 13447.774919461222, 13447.774919461222, 13447.774919461222, 13447.774919461222, 13447.774919461222, 13447.774919461222, 13447.774919461222, 13447.774919461222, 13447.774919461222, 13447.774919461222, 13447.774919461222, 13447.774919461222, 13447.774919461222, 13447.774919461222, 13447.774919461222, 13447.774919461222, 13447.774919461222, 13447.774919461222, 13447.774919461222, 13447.774919461222, 13447.774919461222, 13447.774919461222, 13447.774919461222, 13447.774919461222, 13447.774919461222, 13447.774919461222, 13447.774919461222, 13447.774919461222, 13447.774919461222, 13447.774919461222, 13447.774919461222, 13447.774919461222, 13447.774919461222, 13447.774919461222, 13447.774919461222, 13447.774919461222, 13447.774919461222, 13447.774919461222, 13447.774919461222, 13447.774919461222, 13445.098075510734, 13445.098075510734, 13445.098075510734, 13445.098075510734, 13445.098075510734, 13445.098075510734, 13445.098075510734, 13445.098075510734, 13445.098075510734, 13445.098075510734, 13445.098075510734, 13445.098075510734, 13445.098075510734, 13445.098075510734, 13445.098075510734, 13445.098075510734, 13445.098075510734, 13445.098075510734, 13445.098075510734, 13445.098075510734, 13445.098075510734, 13445.098075510734, 13445.098075510734, 13445.098075510734, 13445.098075510734, 13445.098075510734, 13445.098075510734, 13445.098075510734, 13445.098075510734, 13445.098075510734, 13445.098075510734, 13445.098075510734, 13445.098075510734, 13445.098075510734, 13445.098075510734, 13445.098075510734, 13445.098075510734, 13445.098075510734, 13445.098075510734, 13445.098075510734, 13445.098075510734, 13445.098075510734, 13445.098075510734, 13445.098075510734, 13445.098075510734, 13445.098075510734, 13445.098075510734, 13445.098075510734, 13445.098075510734, 13445.098075510734, 13445.098075510734, 13445.098075510734, 13445.098075510734, 13445.098075510734, 13445.098075510734, 13445.098075510734, 13445.098075510734, 13445.098075510734, 13445.098075510734, 13445.098075510734, 13445.098075510734, 13445.098075510734, 13445.098075510734, 13445.098075510734, 13445.098075510734, 13445.098075510734, 13445.098075510734, 13445.098075510734, 13445.098075510734, 13445.098075510734, 13445.098075510734, 13445.098075510734, 13445.098075510734, 13445.098075510734, 13445.098075510734, 13445.098075510734, 13445.098075510732, 13445.098075510732, 13445.098075510732, 13445.098075510732, 13445.098075510732, 13445.098075510732, 13445.098075510732, 13445.098075510732, 13445.098075510732, 13445.098075510732, 13445.098075510732, 13445.098075510732, 13445.098075510732, 13445.098075510732, 13445.098075510732, 13445.098075510732, 13445.098075510732, 13445.098075510732, 13445.098075510732, 13445.098075510732, 13445.098075510732, 13445.098075510732, 13445.098075510732, 13445.098075510732, 13445.098075510732, 13445.098075510732, 13445.098075510732, 13445.098075510732, 13445.098075510732, 13445.098075510732, 13445.098075510732, 13445.09807551073, 13445.09807551073, 13445.09807551073, 13445.09807551073, 13445.09807551073, 13445.09807551073, 13445.09807551073, 13445.09807551073, 13445.09807551073, 13445.09807551073, 13445.09807551073, 13445.09807551073, 13445.09807551073, 13445.09807551073, 13445.09807551073, 13445.09807551073, 13445.09807551073, 13445.09807551073, 13445.09807551073, 13445.09807551073, 13445.09807551073, 13445.09807551073, 13445.09807551073, 13445.09807551073, 13445.09807551073, 13445.09807551073, 13445.09807551073, 13445.09807551073, 13445.09807551073, 13445.09807551073, 13445.09807551073, 13445.09807551073, 13445.09807551073, 13445.09807551073, 13445.09807551073, 13445.09807551073, 13445.09807551073, 13445.09807551073, 13445.09807551073, 13445.09807551073, 13445.09807551073, 13445.09807551073, 13445.09807551073, 13445.09807551073, 13445.09807551073, 13445.09807551073, 13445.09807551073, 13445.09807551073, 13445.09807551073, 13445.09807551073, 13445.09807551073, 13445.09807551073, 13445.09807551073, 13445.09807551073, 13445.09807551073, 13445.09807551073, 13445.09807551073, 13445.09807551073, 13445.09807551073, 13445.09807551073, 13445.09807551073, 13445.09807551073, 13445.09807551073, 13445.09807551073, 13445.09807551073, 13445.09807551073, 13445.09807551073, 13445.09807551073, 13445.09807551073, 13445.09807551073, 13445.09807551073, 13445.09807551073, 13445.09807551073, 13445.09807551073, 13445.09807551073, 13445.09807551073, 13445.09807551073, 13445.09807551073, 13445.09807551073, 13445.09807551073, 13445.09807551073, 13445.09807551073, 13445.09807551073, 13445.09807551073, 13445.09807551073, 13445.09807551073, 13445.09807551073, 13445.09807551073, 13445.09807551073, 13445.09807551073, 13445.09807551073, 13445.09807551073, 13445.09807551073, 13445.09807551073, 13445.09807551073, 13445.09807551073, 13445.09807551073, 13445.09807551073, 13445.09807551073, 13445.09807551073, 13445.09807551073, 13445.09807551073, 13445.09807551073, 13445.09807551073, 13445.09807551073, 13445.09807551073, 13445.09807551073, 13445.09807551073, 13445.09807551073, 13445.09807551073, 13445.09807551073, 13445.09807551073, 13445.09807551073, 13445.09807551073, 13445.09807551073, 13445.09807551073, 13445.09807551073, 13445.09807551073, 13445.09807551073, 13445.09807551073, 13445.09807551073, 13445.09807551073, 13445.09807551073, 13445.09807551073, 13445.09807551073, 13445.09807551073, 13445.09807551073, 13445.09807551073, 13445.09807551073, 13445.09807551073, 13445.09807551073, 13445.09807551073, 13445.09807551073, 13445.09807551073, 13445.09807551073, 13445.09807551073, 13445.09807551073, 13445.09807551073, 13445.09807551073, 13445.09807551073, 13445.09807551073, 13445.09807551073, 13445.09807551073, 13445.09807551073, 13445.09807551073, 13445.09807551073, 13445.09807551073, 13445.09807551073, 13445.09807551073, 13445.09807551073, 13445.09807551073, 13445.09807551073, 13445.09807551073, 13445.09807551073, 13445.09807551073, 13445.09807551073, 13445.09807551073, 13445.09807551073, 13445.09807551073, 13445.09807551073, 13445.09807551073, 13445.09807551073, 13445.09807551073, 13445.09807551073, 13445.09807551073, 13445.09807551073, 13445.09807551073, 13445.09807551073, 13445.09807551073, 13445.09807551073, 13445.09807551073, 13445.09807551073, 13445.09807551073, 13445.09807551073, 13445.09807551073, 13445.09807551073, 13445.09807551073, 13445.09807551073, 13445.09807551073, 13445.09807551073, 13445.09807551073, 13445.09807551073, 13445.09807551073, 13445.09807551073, 13445.09807551073, 13445.09807551073, 13445.09807551073, 13445.09807551073, 13445.09807551073, 13445.09807551073, 13445.09807551073, 13445.09807551073, 13445.09807551073, 13445.09807551073, 13445.09807551073, 13445.09807551073, 13445.09807551073, 13445.09807551073, 13445.09807551073, 13445.09807551073, 13445.09807551073, 13445.09807551073, 13445.09807551073, 13445.09807551073, 13445.09807551073, 13445.09807551073, 13445.09807551073, 13445.09807551073, 13445.09807551073, 13445.09807551073, 13445.09807551073, 13445.09807551073, 13445.09807551073, 13445.09807551073, 13445.09807551073, 13445.09807551073, 13445.09807551073, 13445.09807551073, 13445.09807551073, 13445.09807551073, 13445.09807551073, 13445.09807551073, 13445.09807551073, 13445.09807551073, 13445.09807551073, 13445.09807551073, 13445.09807551073, 13445.09807551073, 13445.09807551073, 13445.09807551073, 13445.09807551073, 13445.09807551073, 13445.09807551073, 13445.09807551073, 13445.09807551073, 13445.09807551073, 13445.09807551073, 13445.09807551073, 13445.09807551073, 13445.09807551073, 13445.09807551073, 13445.09807551073, 13445.09807551073, 13445.09807551073, 13445.09807551073, 13445.09807551073, 13445.09807551073, 13445.09807551073, 13445.09807551073, 13445.09807551073, 13445.09807551073, 13445.09807551073, 13445.09807551073, 13445.09807551073, 13445.09807551073, 13445.09807551073, 13445.09807551073, 13445.09807551073, 13445.09807551073, 13445.09807551073, 13445.09807551073, 13445.09807551073, 13445.09807551073, 13445.09807551073, 13445.09807551073, 13445.09807551073, 13445.09807551073, 13445.09807551073, 13445.09807551073, 13445.09807551073, 13445.09807551073, 13445.09807551073, 13445.09807551073, 13445.09807551073, 13445.09807551073, 13445.09807551073, 13445.09807551073, 13445.09807551073, 13445.09807551073, 13445.09807551073, 13445.09807551073, 13445.09807551073, 13445.09807551073, 13445.09807551073, 13445.09807551073, 13445.09807551073, 13445.09807551073, 13445.09807551073, 13445.09807551073, 13445.09807551073, 13445.09807551073, 13445.09807551073, 13445.09807551073, 13445.09807551073, 13445.09807551073, 13445.09807551073, 13445.09807551073, 13445.09807551073, 13445.09807551073, 13445.09807551073, 13445.09807551073, 13445.09807551073, 13445.09807551073, 13445.09807551073, 13445.09807551073, 13445.09807551073, 13445.09807551073, 13445.09807551073, 13445.09807551073, 13445.09807551073, 13445.09807551073, 13445.09807551073, 13445.09807551073, 13445.09807551073, 13445.09807551073, 13445.09807551073, 13445.09807551073, 13445.09807551073, 13445.09807551073, 13445.09807551073, 13445.09807551073, 13445.09807551073, 13445.09807551073, 13445.09807551073, 13445.09807551073, 13445.09807551073, 13445.09807551073, 13445.09807551073, 13445.09807551073, 13445.09807551073, 13445.09807551073, 13445.09807551073, 13445.09807551073, 13445.09807551073, 13445.09807551073, 13445.09807551073, 13445.09807551073, 13445.09807551073, 13445.09807551073, 13445.09807551073, 13445.09807551073, 13445.09807551073, 13445.09807551073, 13445.09807551073, 13445.09807551073, 13445.09807551073, 13445.09807551073, 13445.09807551073, 13445.09807551073, 13445.09807551073, 13445.09807551073, 13445.09807551073, 13445.09807551073, 13445.09807551073, 13445.09807551073, 13445.09807551073, 13445.09807551073, 13445.09807551073, 13445.09807551073, 13445.09807551073, 13445.09807551073, 13445.09807551073, 13445.09807551073, 13445.09807551073, 13445.09807551073, 13445.09807551073, 13445.09807551073, 13445.09807551073, 13445.09807551073, 13445.09807551073, 13445.09807551073, 13445.09807551073, 13445.09807551073, 13445.09807551073, 13445.09807551073, 13445.09807551073, 13445.09807551073, 13445.09807551073, 13445.09807551073, 13445.09807551073, 13445.09807551073, 13445.09807551073, 13445.09807551073, 13445.09807551073, 13445.09807551073, 13445.09807551073, 13445.09807551073, 13445.09807551073, 13445.09807551073, 13445.09807551073, 13445.09807551073, 13445.09807551073, 13445.09807551073, 13445.09807551073, 13445.09807551073, 13445.09807551073, 13445.09807551073, 13445.09807551073, 13445.09807551073, 13445.09807551073, 13445.09807551073, 13445.09807551073, 13445.09807551073, 13445.09807551073, 13445.09807551073, 13445.09807551073, 13445.09807551073, 13445.09807551073, 13445.09807551073, 13445.09807551073, 13445.09807551073, 13445.09807551073, 13445.09807551073, 13445.09807551073, 13445.09807551073, 13445.09807551073, 13445.09807551073, 13445.09807551073, 13445.09807551073, 13445.09807551073, 13445.09807551073, 13445.09807551073, 13445.09807551073, 13445.09807551073, 13445.09807551073, 13445.09807551073, 13445.09807551073, 13445.09807551073, 13445.09807551073, 13445.09807551073, 13445.09807551073, 13445.09807551073, 13445.09807551073, 13445.09807551073, 13445.09807551073, 13445.09807551073, 13445.09807551073, 13445.09807551073, 13445.09807551073, 13445.09807551073, 13445.09807551073, 13445.09807551073, 13445.09807551073, 13445.09807551073, 13445.09807551073, 13445.09807551073, 13445.09807551073, 13445.09807551073, 13445.09807551073, 13445.09807551073, 13445.09807551073, 13445.09807551073, 13445.09807551073, 13445.09807551073, 13445.09807551073, 13445.09807551073, 13445.09807551073, 13445.09807551073, 13445.09807551073, 13445.09807551073, 13445.09807551073, 13445.09807551073, 13445.09807551073, 13445.09807551073, 13445.09807551073, 13445.09807551073, 13445.09807551073, 13445.09807551073, 13445.09807551073, 13445.09807551073, 13445.09807551073, 13445.09807551073, 13445.09807551073, 13445.09807551073, 13445.09807551073, 13445.09807551073, 13445.09807551073, 13445.09807551073, 13445.09807551073, 13445.09807551073, 13445.09807551073, 13445.09807551073, 13445.09807551073, 13445.09807551073, 13445.09807551073, 13445.09807551073, 13445.09807551073, 13445.09807551073, 13445.09807551073, 13445.09807551073, 13445.09807551073, 13445.09807551073, 13445.09807551073, 13445.09807551073, 13445.09807551073, 13445.09807551073, 13445.09807551073, 13445.09807551073, 13445.09807551073, 13445.09807551073, 13445.09807551073, 13445.09807551073, 13445.09807551073, 13445.09807551073, 13445.09807551073, 13445.09807551073, 13445.09807551073, 13445.09807551073, 13445.09807551073, 13445.09807551073, 13445.09807551073, 13445.09807551073, 13445.09807551073, 13445.09807551073, 13445.09807551073, 13445.09807551073, 13445.09807551073, 13445.09807551073, 13445.09807551073, 13445.09807551073, 13445.09807551073, 13445.09807551073, 13445.09807551073, 13445.09807551073, 13445.09807551073, 13445.09807551073, 13445.09807551073, 13445.09807551073, 13445.09807551073, 13445.09807551073, 13445.09807551073, 13445.09807551073, 13445.09807551073, 13445.09807551073, 13445.09807551073, 13445.09807551073, 13445.09807551073, 13445.09807551073, 13445.09807551073, 13445.09807551073, 13445.09807551073, 13445.09807551073, 13445.09807551073, 13445.09807551073, 13445.09807551073, 13445.09807551073, 13445.09807551073, 13445.09807551073, 13445.09807551073, 13445.09807551073, 13445.09807551073, 13445.09807551073, 13445.09807551073, 13445.09807551073, 13445.09807551073, 13445.09807551073, 13445.09807551073, 13445.09807551073, 13445.09807551073, 13445.09807551073, 13445.09807551073, 13445.09807551073, 13445.09807551073, 13445.09807551073, 13445.09807551073, 13445.09807551073, 13445.09807551073, 13445.09807551073, 13445.09807551073, 13445.09807551073, 13445.09807551073, 13445.09807551073, 13445.09807551073, 13445.09807551073, 13445.09807551073, 13445.09807551073, 13445.09807551073, 13445.09807551073, 13445.09807551073, 13445.09807551073, 13445.09807551073, 13445.09807551073, 13445.09807551073, 13445.09807551073, 13445.09807551073, 13445.09807551073, 13445.09807551073, 13445.09807551073, 13445.09807551073, 13445.09807551073, 13445.09807551073, 13445.09807551073, 13445.09807551073, 13445.09807551073, 13445.09807551073, 13445.09807551073, 13445.09807551073, 13445.09807551073, 13445.09807551073, 13445.09807551073, 13445.09807551073, 13445.09807551073, 13445.09807551073, 13445.09807551073, 13445.09807551073, 13445.09807551073, 13445.09807551073, 13445.09807551073, 13445.09807551073, 13445.09807551073, 13445.09807551073, 13445.09807551073, 13445.09807551073, 13445.09807551073, 13445.09807551073, 13445.09807551073, 13445.09807551073, 13445.09807551073, 13445.09807551073, 13445.09807551073, 13445.09807551073, 13445.09807551073, 13445.09807551073, 13445.09807551073, 13445.09807551073, 13445.09807551073, 13445.09807551073, 13445.09807551073, 13445.09807551073, 13445.09807551073, 13445.09807551073, 13445.09807551073, 13445.09807551073, 13445.09807551073, 13445.09807551073, 13445.09807551073, 13445.09807551073, 13445.09807551073, 13445.09807551073, 13445.09807551073, 13445.09807551073, 13445.09807551073, 13445.09807551073, 13445.09807551073, 13445.09807551073, 13445.09807551073, 13445.09807551073, 13445.09807551073, 13445.09807551073, 13445.09807551073, 13445.09807551073, 13445.09807551073, 13445.09807551073, 13445.09807551073, 13445.09807551073, 13445.09807551073, 13445.09807551073, 13445.09807551073, 13445.09807551073, 13445.09807551073, 13445.09807551073, 13445.09807551073, 13445.09807551073, 13445.09807551073, 13445.09807551073, 13445.09807551073, 13445.09807551073, 13445.09807551073, 13445.09807551073, 13445.09807551073, 13445.09807551073, 13445.09807551073, 13445.09807551073, 13445.09807551073, 13445.09807551073, 13445.09807551073, 13445.09807551073, 13445.09807551073, 13445.09807551073, 13445.09807551073, 13445.09807551073, 13445.09807551073, 13445.09807551073, 13445.09807551073, 13445.09807551073, 13445.09807551073, 13445.09807551073, 13445.09807551073, 13445.09807551073, 13445.09807551073, 13445.09807551073, 13445.09807551073, 13445.09807551073, 13445.09807551073, 13445.09807551073, 13445.09807551073, 13445.09807551073, 13445.09807551073, 13445.09807551073, 13445.09807551073, 13445.09807551073, 13445.09807551073, 13445.09807551073, 13445.09807551073, 13445.09807551073, 13445.09807551073, 13445.09807551073, 13445.09807551073, 13445.09807551073, 13445.09807551073, 13445.09807551073, 13445.09807551073, 13445.09807551073, 13445.09807551073, 13445.09807551073, 13445.09807551073, 13445.09807551073, 13445.09807551073, 13445.09807551073, 13445.09807551073, 13445.09807551073, 13445.09807551073, 13445.09807551073, 13445.09807551073, 13445.09807551073, 13445.09807551073, 13445.09807551073, 13445.09807551073, 13445.09807551073, 13445.09807551073, 13445.09807551073, 13445.09807551073, 13445.09807551073, 13445.09807551073, 13445.09807551073, 13445.09807551073, 13445.09807551073, 13445.09807551073, 13445.09807551073, 13445.09807551073, 13445.09807551073, 13445.09807551073, 13445.09807551073, 13445.09807551073, 13445.09807551073, 13445.09807551073, 13445.09807551073, 13445.09807551073, 13445.09807551073, 13445.09807551073, 13445.09807551073, 13445.09807551073, 13445.09807551073, 13445.09807551073, 13445.09807551073, 13445.09807551073, 13445.09807551073, 13445.09807551073, 13445.09807551073, 13445.09807551073, 13445.09807551073, 13445.09807551073, 13445.09807551073, 13445.09807551073, 13445.09807551073, 13445.09807551073, 13445.09807551073, 13445.09807551073, 13445.09807551073, 13445.09807551073, 13445.09807551073, 13445.09807551073, 13445.09807551073]
Computational time : 1177.75399995