Name : Ahmed ElMousel
Problem : X-n190-k8 
Whale Algorithm 
cost : 561.942763651
Routes : 
1->24->8->44->25->15->26->19->5->1
1->28->2->33->12->39->17->51->10->50->6->47->1
1->7->49->9->27->32->29->4->37->36->21->30->1
1->48->14->42->41->20->43->45->38->13->1
1->23->3->22->35->31->11->40->34->46->16->18->1
1->1
best solutions : 
[604.6077869277678, 604.6077869277678, 604.6077869277678, 604.6077869277678, 604.6077869277678, 604.6077869277678, 604.6077869277678, 604.6077869277678, 604.6077869277678, 604.6077869277678, 604.6077869277678, 604.6077869277678, 604.6077869277678, 602.0269279213622, 602.0269279213622, 592.5265797289118, 588.4549410773084, 588.4549410773084, 586.545705432871, 583.2469058148959, 580.6536125785946, 574.2637787350768, 564.530460175142, 564.530460175142, 564.530460175142, 564.530460175142, 564.530460175142, 561.9427636513344, 561.9427636513344, 561.9427636513344, 561.9427636513344, 561.9427636513344, 561.9427636513344, 561.9427636513344, 561.9427636513344, 561.9427636513344, 561.9427636513344, 561.9427636513344, 561.9427636513344, 561.9427636513344, 561.9427636513344, 561.9427636513344, 561.9427636513344, 561.9427636513344, 561.9427636513344, 561.9427636513344, 561.9427636513344, 561.9427636513344, 561.9427636513344, 561.9427636513344, 561.9427636513344, 561.9427636513344, 561.9427636513344, 561.9427636513344, 561.9427636513344, 561.9427636513344, 561.9427636513344, 561.9427636513344, 561.9427636513344, 561.9427636513344, 561.9427636513344, 561.9427636513344, 561.9427636513344, 561.9427636513344, 561.9427636513344, 561.9427636513344, 561.9427636513344, 561.9427636513344, 561.9427636513344, 561.9427636513344, 561.9427636513344, 561.9427636513344, 561.9427636513344, 561.9427636513344, 561.9427636513344, 561.9427636513344, 561.9427636513344, 561.9427636513344, 561.9427636513344, 561.9427636513344, 561.9427636513344, 561.9427636513344, 561.9427636513344, 561.9427636513344, 561.9427636513344, 561.9427636513344, 561.9427636513344, 561.9427636513344, 561.9427636513344, 561.9427636513344, 561.9427636513344, 561.9427636513344, 561.9427636513344, 561.9427636513344, 561.9427636513344, 561.9427636513344, 561.9427636513344, 561.9427636513344, 561.9427636513344, 561.9427636513344, 561.9427636513344, 561.9427636513344, 561.9427636513344, 561.9427636513344, 561.9427636513344, 561.9427636513344, 561.9427636513344, 561.9427636513344, 561.9427636513344, 561.9427636513344, 561.9427636513344, 561.9427636513344, 561.9427636513344, 561.9427636513344, 561.9427636513344, 561.9427636513344, 561.9427636513344, 561.9427636513344, 561.9427636513344, 561.9427636513344, 561.9427636513344, 561.9427636513344, 561.9427636513344, 561.9427636513344, 561.9427636513344, 561.9427636513344, 561.9427636513344, 561.9427636513344, 561.9427636513344, 561.9427636513344, 561.9427636513344, 561.9427636513344, 561.9427636513344, 561.9427636513344, 561.9427636513344, 561.9427636513344, 561.9427636513344, 561.9427636513344, 561.9427636513344, 561.9427636513344, 561.9427636513344, 561.9427636513344, 561.9427636513344, 561.9427636513344, 561.9427636513344, 561.9427636513344, 561.9427636513344, 561.9427636513344, 561.9427636513344, 561.9427636513344, 561.9427636513344, 561.9427636513344, 561.9427636513344, 561.9427636513344, 561.9427636513344, 561.9427636513344, 561.9427636513344, 561.9427636513344, 561.9427636513344, 561.9427636513344, 561.9427636513344, 561.9427636513344, 561.9427636513344, 561.9427636513344, 561.9427636513344, 561.9427636513344, 561.9427636513344, 561.9427636513344, 561.9427636513344, 561.9427636513344, 561.9427636513344, 561.9427636513344, 561.9427636513344, 561.9427636513344, 561.9427636513344, 561.9427636513344, 561.9427636513344, 561.9427636513344, 561.9427636513344, 561.9427636513344, 561.9427636513344, 561.9427636513344, 561.9427636513344, 561.9427636513344, 561.9427636513344, 561.9427636513344, 561.9427636513344, 561.9427636513344, 561.9427636513344, 561.9427636513344, 561.9427636513344, 561.9427636513344, 561.9427636513344, 561.9427636513344, 561.9427636513344, 561.9427636513344, 561.9427636513344, 561.9427636513344, 561.9427636513344, 561.9427636513344, 561.9427636513344, 561.9427636513344, 561.9427636513344, 561.9427636513344, 561.9427636513344, 561.9427636513344, 561.9427636513344, 561.9427636513344, 561.9427636513344, 561.9427636513344, 561.9427636513344, 561.9427636513344, 561.9427636513344, 561.9427636513344, 561.9427636513344, 561.9427636513344, 561.9427636513344, 561.9427636513344, 561.9427636513344, 561.9427636513344, 561.9427636513344, 561.9427636513344, 561.9427636513344, 561.9427636513344, 561.9427636513344, 561.9427636513344, 561.9427636513344, 561.9427636513344, 561.9427636513344, 561.9427636513344, 561.9427636513344, 561.9427636513344, 561.9427636513344, 561.9427636513344, 561.9427636513344, 561.9427636513344, 561.9427636513344, 561.9427636513344, 561.9427636513344, 561.9427636513344, 561.9427636513344, 561.9427636513344, 561.9427636513344, 561.9427636513344, 561.9427636513344, 561.9427636513344, 561.9427636513344, 561.9427636513344, 561.9427636513344, 561.9427636513344, 561.9427636513344, 561.9427636513344, 561.9427636513344, 561.9427636513344, 561.9427636513344, 561.9427636513344, 561.9427636513344, 561.9427636513344, 561.9427636513344, 561.9427636513344, 561.9427636513344, 561.9427636513344, 561.9427636513344, 561.9427636513344, 561.9427636513344, 561.9427636513344, 561.9427636513344, 561.9427636513344, 561.9427636513344, 561.9427636513344, 561.9427636513344, 561.9427636513344, 561.9427636513344, 561.9427636513344, 561.9427636513344, 561.9427636513344, 561.9427636513344, 561.9427636513344, 561.9427636513344, 561.9427636513344, 561.9427636513344, 561.9427636513344, 561.9427636513344, 561.9427636513344, 561.9427636513344, 561.9427636513344, 561.9427636513344, 561.9427636513344, 561.9427636513344, 561.9427636513344, 561.9427636513344, 561.9427636513344, 561.9427636513344, 561.9427636513344, 561.9427636513344, 561.9427636513344, 561.9427636513344, 561.9427636513344, 561.9427636513344, 561.9427636513344, 561.9427636513344, 561.9427636513344, 561.9427636513344, 561.9427636513344, 561.9427636513344, 561.9427636513344, 561.9427636513344, 561.9427636513344, 561.9427636513344, 561.9427636513344, 561.9427636513344, 561.9427636513344, 561.9427636513344, 561.9427636513344, 561.9427636513344, 561.9427636513344, 561.9427636513344, 561.9427636513344, 561.9427636513344, 561.9427636513344, 561.9427636513344, 561.9427636513344, 561.9427636513344, 561.9427636513344, 561.9427636513344, 561.9427636513344, 561.9427636513344, 561.9427636513344, 561.9427636513344, 561.9427636513344, 561.9427636513344, 561.9427636513344, 561.9427636513344, 561.9427636513344, 561.9427636513344, 561.9427636513344, 561.9427636513344, 561.9427636513344, 561.9427636513344, 561.9427636513344, 561.9427636513344, 561.9427636513344, 561.9427636513344, 561.9427636513344, 561.9427636513344, 561.9427636513344, 561.9427636513344, 561.9427636513344, 561.9427636513344, 561.9427636513344, 561.9427636513344, 561.9427636513344, 561.9427636513344, 561.9427636513344, 561.9427636513344, 561.9427636513344, 561.9427636513344, 561.9427636513344, 561.9427636513344, 561.9427636513344, 561.9427636513344, 561.9427636513344, 561.9427636513344, 561.9427636513344, 561.9427636513344, 561.9427636513344, 561.9427636513344, 561.9427636513344, 561.9427636513344, 561.9427636513344, 561.9427636513344, 561.9427636513344, 561.9427636513344, 561.9427636513344, 561.9427636513344, 561.9427636513344, 561.9427636513344, 561.9427636513344, 561.9427636513344, 561.9427636513344, 561.9427636513344, 561.9427636513344, 561.9427636513344, 561.9427636513344, 561.9427636513344, 561.9427636513344, 561.9427636513344, 561.9427636513344, 561.9427636513344, 561.9427636513344, 561.9427636513344, 561.9427636513344, 561.9427636513344, 561.9427636513344, 561.9427636513344, 561.9427636513344, 561.9427636513344, 561.9427636513344, 561.9427636513344, 561.9427636513344, 561.9427636513344, 561.9427636513344, 561.9427636513344, 561.9427636513344, 561.9427636513344, 561.9427636513344, 561.9427636513344, 561.9427636513344, 561.9427636513344, 561.9427636513344, 561.9427636513344, 561.9427636513344, 561.9427636513344, 561.9427636513344, 561.9427636513344, 561.9427636513344, 561.9427636513344, 561.9427636513344, 561.9427636513344, 561.9427636513344, 561.9427636513344, 561.9427636513344, 561.9427636513344, 561.9427636513344, 561.9427636513344, 561.9427636513344, 561.9427636513344, 561.9427636513344, 561.9427636513344, 561.9427636513344, 561.9427636513344, 561.9427636513344, 561.9427636513344, 561.9427636513344, 561.9427636513344, 561.9427636513344, 561.9427636513344, 561.9427636513344, 561.9427636513344, 561.9427636513344, 561.9427636513344, 561.9427636513344, 561.9427636513344, 561.9427636513344, 561.9427636513344, 561.9427636513344, 561.9427636513344, 561.9427636513344, 561.9427636513344, 561.9427636513344, 561.9427636513344, 561.9427636513344, 561.9427636513344, 561.9427636513344, 561.9427636513344, 561.9427636513344, 561.9427636513344, 561.9427636513344, 561.9427636513344, 561.9427636513344, 561.9427636513344, 561.9427636513344, 561.9427636513344, 561.9427636513344, 561.9427636513344, 561.9427636513344, 561.9427636513344, 561.9427636513344, 561.9427636513344, 561.9427636513344, 561.9427636513344, 561.9427636513344, 561.9427636513344, 561.9427636513344, 561.9427636513344, 561.9427636513344, 561.9427636513344, 561.9427636513344, 561.9427636513344, 561.9427636513344, 561.9427636513344, 561.9427636513344, 561.9427636513344, 561.9427636513344, 561.9427636513344, 561.9427636513344, 561.9427636513344, 561.9427636513344, 561.9427636513344, 561.9427636513344, 561.9427636513344, 561.9427636513344, 561.9427636513344, 561.9427636513344, 561.9427636513344, 561.9427636513344, 561.9427636513344, 561.9427636513344, 561.9427636513344, 561.9427636513344, 561.9427636513344, 561.9427636513344, 561.9427636513344, 561.9427636513344, 561.9427636513344, 561.9427636513344, 561.9427636513344, 561.9427636513344, 561.9427636513344, 561.9427636513344, 561.9427636513344, 561.9427636513344, 561.9427636513344, 561.9427636513344, 561.9427636513344, 561.9427636513344, 561.9427636513344, 561.9427636513344, 561.9427636513344, 561.9427636513344, 561.9427636513344, 561.9427636513344, 561.9427636513344, 561.9427636513344, 561.9427636513344, 561.9427636513344, 561.9427636513344, 561.9427636513344, 561.9427636513344, 561.9427636513344, 561.9427636513344, 561.9427636513344, 561.9427636513344, 561.9427636513344, 561.9427636513344, 561.9427636513344, 561.9427636513344, 561.9427636513344, 561.9427636513344, 561.9427636513344, 561.9427636513344, 561.9427636513344, 561.9427636513344, 561.9427636513344, 561.9427636513344, 561.9427636513344, 561.9427636513344, 561.9427636513344, 561.9427636513344, 561.9427636513344, 561.9427636513344, 561.9427636513344, 561.9427636513344, 561.9427636513344, 561.9427636513344, 561.9427636513344, 561.9427636513344, 561.9427636513344, 561.9427636513344, 561.9427636513344, 561.9427636513344, 561.9427636513344, 561.9427636513344, 561.9427636513344, 561.9427636513344, 561.9427636513344, 561.9427636513344, 561.9427636513344, 561.9427636513344, 561.9427636513344, 561.9427636513344, 561.9427636513344, 561.9427636513344, 561.9427636513344, 561.9427636513344, 561.9427636513344, 561.9427636513344, 561.9427636513344, 561.9427636513344, 561.9427636513344, 561.9427636513344, 561.9427636513344, 561.9427636513344, 561.9427636513344, 561.9427636513344, 561.9427636513344, 561.9427636513344, 561.9427636513344, 561.9427636513344, 561.9427636513344, 561.9427636513344, 561.9427636513344, 561.9427636513344, 561.9427636513344, 561.9427636513344, 561.9427636513344, 561.9427636513344, 561.9427636513344, 561.9427636513344, 561.9427636513344, 561.9427636513344, 561.9427636513344, 561.9427636513344, 561.9427636513344, 561.9427636513344, 561.9427636513344, 561.9427636513344, 561.9427636513344, 561.9427636513344, 561.9427636513344, 561.9427636513344, 561.9427636513344, 561.9427636513344, 561.9427636513344, 561.9427636513344, 561.9427636513344, 561.9427636513344, 561.9427636513344, 561.9427636513344, 561.9427636513344, 561.9427636513344, 561.9427636513344, 561.9427636513344, 561.9427636513344, 561.9427636513344, 561.9427636513344, 561.9427636513344, 561.9427636513344, 561.9427636513344, 561.9427636513344, 561.9427636513344, 561.9427636513344, 561.9427636513344, 561.9427636513344, 561.9427636513344, 561.9427636513344, 561.9427636513344, 561.9427636513344, 561.9427636513344, 561.9427636513344, 561.9427636513344, 561.9427636513344, 561.9427636513344, 561.9427636513344, 561.9427636513344, 561.9427636513344, 561.9427636513344, 561.9427636513344, 561.9427636513344, 561.9427636513344, 561.9427636513344, 561.9427636513344, 561.9427636513344, 561.9427636513344, 561.9427636513344, 561.9427636513344, 561.9427636513344, 561.9427636513344, 561.9427636513344, 561.9427636513344, 561.9427636513344, 561.9427636513344, 561.9427636513344, 561.9427636513344, 561.9427636513344, 561.9427636513344, 561.9427636513344, 561.9427636513344, 561.9427636513344, 561.9427636513344, 561.9427636513344, 561.9427636513344, 561.9427636513344, 561.9427636513344, 561.9427636513344, 561.9427636513344, 561.9427636513344, 561.9427636513344, 561.9427636513344, 561.9427636513344, 561.9427636513344, 561.9427636513344, 561.9427636513344, 561.9427636513344, 561.9427636513344, 561.9427636513344, 561.9427636513344, 561.9427636513344, 561.9427636513344, 561.9427636513344, 561.9427636513344, 561.9427636513344, 561.9427636513344, 561.9427636513344, 561.9427636513344, 561.9427636513344, 561.9427636513344, 561.9427636513344, 561.9427636513344, 561.9427636513344, 561.9427636513344, 561.9427636513344, 561.9427636513344, 561.9427636513344, 561.9427636513344, 561.9427636513344, 561.9427636513344, 561.9427636513344, 561.9427636513344, 561.9427636513344, 561.9427636513344, 561.9427636513344, 561.9427636513344, 561.9427636513344, 561.9427636513344, 561.9427636513344, 561.9427636513344, 561.9427636513344, 561.9427636513344, 561.9427636513344, 561.9427636513344, 561.9427636513344, 561.9427636513344, 561.9427636513344, 561.9427636513344, 561.9427636513344, 561.9427636513344, 561.9427636513344, 561.9427636513344, 561.9427636513344, 561.9427636513344, 561.9427636513344, 561.9427636513344, 561.9427636513344, 561.9427636513344, 561.9427636513344, 561.9427636513344, 561.9427636513344, 561.9427636513344, 561.9427636513344, 561.9427636513344, 561.9427636513344, 561.9427636513344, 561.9427636513344, 561.9427636513344, 561.9427636513344, 561.9427636513344, 561.9427636513344, 561.9427636513344, 561.9427636513344, 561.9427636513344, 561.9427636513344, 561.9427636513344, 561.9427636513344, 561.9427636513344, 561.9427636513344, 561.9427636513344, 561.9427636513344, 561.9427636513344, 561.9427636513344, 561.9427636513344, 561.9427636513344, 561.9427636513344, 561.9427636513344, 561.9427636513344, 561.9427636513344, 561.9427636513344, 561.9427636513344, 561.9427636513344, 561.9427636513344, 561.9427636513344, 561.9427636513344, 561.9427636513344, 561.9427636513344, 561.9427636513344, 561.9427636513344, 561.9427636513344, 561.9427636513344, 561.9427636513344, 561.9427636513344, 561.9427636513344, 561.9427636513344, 561.9427636513344, 561.9427636513344, 561.9427636513344, 561.9427636513344, 561.9427636513344, 561.9427636513344, 561.9427636513344, 561.9427636513344, 561.9427636513344, 561.9427636513344, 561.9427636513344, 561.9427636513344, 561.9427636513344, 561.9427636513344, 561.9427636513344, 561.9427636513344, 561.9427636513344, 561.9427636513344, 561.9427636513344, 561.9427636513344, 561.9427636513344, 561.9427636513344, 561.9427636513344, 561.9427636513344, 561.9427636513344, 561.9427636513344, 561.9427636513344, 561.9427636513344, 561.9427636513344, 561.9427636513344, 561.9427636513344, 561.9427636513344, 561.9427636513344, 561.9427636513344, 561.9427636513344, 561.9427636513344, 561.9427636513344, 561.9427636513344, 561.9427636513344, 561.9427636513344, 561.9427636513344, 561.9427636513344, 561.9427636513344, 561.9427636513344, 561.9427636513344, 561.9427636513344, 561.9427636513344, 561.9427636513344, 561.9427636513344, 561.9427636513344, 561.9427636513344, 561.9427636513344, 561.9427636513344, 561.9427636513344, 561.9427636513344, 561.9427636513344, 561.9427636513344, 561.9427636513344, 561.9427636513344, 561.9427636513344, 561.9427636513344, 561.9427636513344, 561.9427636513344, 561.9427636513344, 561.9427636513344, 561.9427636513344, 561.9427636513344, 561.9427636513344, 561.9427636513344, 561.9427636513344, 561.9427636513344, 561.9427636513344, 561.9427636513344, 561.9427636513344, 561.9427636513344, 561.9427636513344, 561.9427636513344, 561.9427636513344, 561.9427636513344, 561.9427636513344, 561.9427636513344, 561.9427636513344, 561.9427636513344, 561.9427636513344, 561.9427636513344, 561.9427636513344, 561.9427636513344, 561.9427636513344, 561.9427636513344, 561.9427636513344, 561.9427636513344, 561.9427636513344, 561.9427636513344, 561.9427636513344, 561.9427636513344, 561.9427636513344, 561.9427636513344, 561.9427636513344, 561.9427636513344, 561.9427636513344, 561.9427636513344, 561.9427636513344, 561.9427636513344, 561.9427636513344, 561.9427636513344, 561.9427636513344, 561.9427636513344, 561.9427636513344, 561.9427636513344, 561.9427636513344, 561.9427636513344, 561.9427636513344, 561.9427636513344, 561.9427636513344, 561.9427636513344, 561.9427636513344, 561.9427636513344, 561.9427636513344, 561.9427636513344, 561.9427636513344, 561.9427636513344, 561.9427636513344, 561.9427636513344, 561.9427636513344, 561.9427636513344, 561.9427636513344, 561.9427636513344, 561.9427636513344, 561.9427636513344, 561.9427636513344, 561.9427636513344, 561.9427636513344, 561.9427636513344, 561.9427636513344, 561.9427636513344, 561.9427636513344, 561.9427636513344, 561.9427636513344, 561.9427636513344, 561.9427636513344, 561.9427636513344, 561.9427636513344, 561.9427636513344, 561.9427636513344, 561.9427636513344, 561.9427636513344, 561.9427636513344, 561.9427636513344, 561.9427636513344, 561.9427636513344, 561.9427636513344, 561.9427636513344, 561.9427636513344, 561.9427636513344, 561.9427636513344, 561.9427636513344, 561.9427636513344, 561.9427636513344, 561.9427636513344, 561.9427636513344, 561.9427636513344, 561.9427636513344, 561.9427636513344, 561.9427636513344, 561.9427636513344, 561.9427636513344, 561.9427636513344, 561.9427636513344, 561.9427636513344, 561.9427636513344, 561.9427636513344, 561.9427636513344, 561.9427636513344, 561.9427636513344, 561.9427636513344, 561.9427636513344, 561.9427636513344, 561.9427636513344, 561.9427636513344, 561.9427636513344, 561.9427636513344, 561.9427636513344, 561.9427636513344, 561.9427636513344, 561.9427636513344, 561.9427636513344, 561.9427636513344, 561.9427636513344, 561.9427636513344, 561.9427636513344, 561.9427636513344, 561.9427636513344, 561.9427636513344, 561.9427636513344, 561.9427636513344, 561.9427636513344, 561.9427636513344, 561.9427636513344, 561.9427636513344, 561.9427636513344, 561.9427636513344, 561.9427636513344, 561.9427636513344, 561.9427636513344, 561.9427636513344, 561.9427636513344, 561.9427636513344, 561.9427636513344, 561.9427636513344, 561.9427636513344, 561.9427636513344, 561.9427636513344, 561.9427636513344, 561.9427636513344, 561.9427636513344, 561.9427636513344, 561.9427636513344, 561.9427636513344, 561.9427636513344, 561.9427636513344, 561.9427636513344, 561.9427636513344, 561.9427636513344, 561.9427636513344, 561.9427636513344, 561.9427636513344, 561.9427636513344, 561.9427636513344, 561.9427636513344, 561.9427636513344, 561.9427636513344, 561.9427636513344, 561.9427636513344, 561.9427636513344, 561.9427636513344, 561.9427636513344, 561.9427636513344, 561.9427636513344, 561.9427636513344, 561.9427636513344, 561.9427636513344, 561.9427636513344, 561.9427636513344, 561.9427636513344, 561.9427636513344, 561.9427636513344, 561.9427636513344, 561.9427636513344, 561.9427636513344, 561.9427636513344, 561.9427636513344, 561.9427636513344, 561.9427636513344, 561.9427636513344, 561.9427636513344, 561.9427636513344, 561.9427636513344, 561.9427636513344, 561.9427636513344, 561.9427636513344, 561.9427636513344, 561.9427636513344, 561.9427636513344, 561.9427636513344, 561.9427636513344, 561.9427636513344, 561.9427636513344, 561.9427636513344, 561.9427636513344, 561.9427636513344, 561.9427636513344, 561.9427636513344, 561.9427636513344, 561.9427636513344, 561.9427636513344, 561.9427636513344, 561.9427636513344, 561.9427636513344, 561.9427636513344, 561.9427636513344, 561.9427636513344, 561.9427636513344, 561.9427636513344, 561.9427636513344, 561.9427636513344, 561.9427636513344, 561.9427636513344, 561.9427636513344, 561.9427636513344, 561.9427636513344, 561.9427636513344, 561.9427636513344, 561.9427636513344, 561.9427636513344, 561.9427636513344, 561.9427636513344, 561.9427636513344, 561.9427636513344, 561.9427636513344, 561.9427636513344, 561.9427636513344, 561.9427636513344, 561.9427636513344, 561.9427636513344, 561.9427636513344, 561.9427636513344, 561.9427636513344, 561.9427636513344, 561.9427636513344, 561.9427636513344, 561.9427636513344, 561.9427636513344, 561.9427636513344, 561.9427636513344, 561.9427636513344, 561.9427636513344, 561.9427636513344, 561.9427636513344, 561.9427636513344, 561.9427636513344, 561.9427636513344, 561.9427636513344, 561.9427636513344, 561.9427636513344, 561.9427636513344, 561.9427636513344, 561.9427636513344, 561.9427636513344, 561.9427636513344, 561.9427636513344, 561.9427636513344, 561.9427636513344, 561.9427636513344, 561.9427636513344, 561.9427636513344, 561.9427636513344, 561.9427636513344, 561.9427636513344, 561.9427636513344, 561.9427636513344, 561.9427636513344, 561.9427636513344, 561.9427636513344, 561.9427636513344, 561.9427636513344, 561.9427636513344, 561.9427636513344, 561.9427636513344, 561.9427636513344, 561.9427636513344, 561.9427636513344, 561.9427636513344, 561.9427636513344, 561.9427636513344, 561.9427636513344, 561.9427636513344, 561.9427636513344, 561.9427636513344, 561.9427636513344, 561.9427636513344, 561.9427636513344, 561.9427636513344, 561.9427636513344, 561.9427636513344, 561.9427636513344, 561.9427636513344, 561.9427636513344, 561.9427636513344, 561.9427636513344, 561.9427636513344, 561.9427636513344, 561.9427636513344, 561.9427636513344, 561.9427636513344, 561.9427636513344, 561.9427636513344, 561.9427636513344, 561.9427636513344, 561.9427636513344, 561.9427636513344, 561.9427636513344, 561.9427636513344, 561.9427636513344, 561.9427636513344, 561.9427636513344, 561.9427636513344, 561.9427636513344, 561.9427636513344, 561.9427636513344, 561.9427636513344, 561.9427636513344, 561.9427636513344, 561.9427636513344, 561.9427636513344, 561.9427636513344, 561.9427636513344, 561.9427636513344, 561.9427636513344, 561.9427636513344, 561.9427636513344, 561.9427636513344, 561.9427636513344, 561.9427636513344, 561.9427636513344, 561.9427636513344, 561.9427636513344, 561.9427636513344, 561.9427636513344, 561.9427636513344, 561.9427636513344, 561.9427636513344, 561.9427636513344, 561.9427636513344, 561.9427636513344, 561.9427636513344, 561.9427636513344, 561.9427636513344, 561.9427636513344, 561.9427636513344, 561.9427636513344, 561.9427636513344, 561.9427636513344, 561.9427636513344, 561.9427636513344, 561.9427636513344, 561.9427636513344, 561.9427636513344, 561.9427636513344, 561.9427636513344, 561.9427636513344, 561.9427636513344, 561.9427636513344, 561.9427636513344, 561.9427636513344, 561.9427636513344, 561.9427636513344, 561.9427636513344, 561.9427636513344, 561.9427636513344, 561.9427636513344, 561.9427636513344, 561.9427636513344, 561.9427636513344, 561.9427636513344, 561.9427636513344, 561.9427636513344, 561.9427636513344, 561.9427636513344, 561.9427636513344, 561.9427636513344, 561.9427636513344, 561.9427636513344, 561.9427636513344, 561.9427636513344, 561.9427636513344, 561.9427636513344, 561.9427636513344, 561.9427636513344, 561.9427636513344, 561.9427636513344, 561.9427636513344, 561.9427636513344, 561.9427636513344, 561.9427636513344, 561.9427636513344, 561.9427636513344, 561.9427636513344, 561.9427636513344, 561.9427636513344, 561.9427636513344, 561.9427636513344, 561.9427636513344, 561.9427636513344, 561.9427636513344, 561.9427636513344, 561.9427636513344, 561.9427636513344, 561.9427636513344, 561.9427636513344, 561.9427636513344, 561.9427636513344, 561.9427636513344, 561.9427636513344, 561.9427636513344, 561.9427636513344, 561.9427636513344, 561.9427636513344, 561.9427636513344, 561.9427636513344, 561.9427636513344, 561.9427636513344, 561.9427636513344, 561.9427636513344, 561.9427636513344, 561.9427636513344, 561.9427636513344, 561.9427636513344, 561.9427636513344, 561.9427636513344, 561.9427636513344, 561.9427636513344, 561.9427636513344, 561.9427636513344, 561.9427636513344, 561.9427636513344, 561.9427636513344, 561.9427636513344, 561.9427636513344, 561.9427636513344, 561.9427636513344, 561.9427636513344, 561.9427636513344, 561.9427636513344, 561.9427636513344, 561.9427636513344, 561.9427636513344, 561.9427636513344, 561.9427636513344, 561.9427636513344, 561.9427636513344, 561.9427636513344, 561.9427636513344, 561.9427636513344, 561.9427636513344, 561.9427636513344, 561.9427636513344, 561.9427636513344, 561.9427636513344, 561.9427636513344, 561.9427636513344, 561.9427636513344, 561.9427636513344, 561.9427636513344, 561.9427636513344, 561.9427636513344, 561.9427636513344, 561.9427636513344, 561.9427636513344, 561.9427636513344, 561.9427636513344, 561.9427636513344, 561.9427636513344, 561.9427636513344, 561.9427636513344, 561.9427636513344, 561.9427636513344, 561.9427636513344, 561.9427636513344, 561.9427636513344, 561.9427636513344, 561.9427636513344, 561.9427636513344, 561.9427636513344, 561.9427636513344, 561.9427636513344, 561.9427636513344, 561.9427636513344, 561.9427636513344, 561.9427636513344, 561.9427636513344, 561.9427636513344, 561.9427636513344, 561.9427636513344, 561.9427636513344, 561.9427636513344, 561.9427636513344, 561.9427636513344, 561.9427636513344, 561.9427636513344, 561.9427636513344, 561.9427636513344, 561.9427636513344, 561.9427636513344, 561.9427636513344, 561.9427636513344, 561.9427636513344, 561.9427636513344, 561.9427636513344, 561.9427636513344, 561.9427636513344, 561.9427636513344, 561.9427636513344, 561.9427636513344, 561.9427636513344, 561.9427636513344, 561.9427636513344, 561.9427636513344, 561.9427636513344, 561.9427636513344, 561.9427636513344, 561.9427636513344, 561.9427636513344, 561.9427636513344, 561.9427636513344, 561.9427636513344, 561.9427636513344, 561.9427636513344, 561.9427636513344, 561.9427636513344, 561.9427636513344, 561.9427636513344, 561.9427636513344, 561.9427636513344, 561.9427636513344, 561.9427636513344, 561.9427636513344, 561.9427636513344, 561.9427636513344, 561.9427636513344, 561.9427636513344, 561.9427636513344, 561.9427636513344, 561.9427636513344, 561.9427636513344, 561.9427636513344, 561.9427636513344, 561.9427636513344, 561.9427636513344, 561.9427636513344, 561.9427636513344, 561.9427636513344, 561.9427636513344, 561.9427636513344, 561.9427636513344, 561.9427636513344, 561.9427636513344, 561.9427636513344, 561.9427636513344, 561.9427636513344, 561.9427636513344, 561.9427636513344, 561.9427636513344, 561.9427636513344, 561.9427636513344, 561.9427636513344, 561.9427636513344, 561.9427636513344, 561.9427636513344, 561.9427636513344, 561.9427636513344, 561.9427636513344, 561.9427636513344, 561.9427636513344, 561.9427636513344, 561.9427636513344, 561.9427636513344, 561.9427636513344, 561.9427636513344, 561.9427636513344, 561.9427636513344, 561.9427636513344, 561.9427636513344, 561.9427636513344, 561.9427636513344, 561.9427636513344, 561.9427636513344, 561.9427636513344, 561.9427636513344, 561.9427636513344, 561.9427636513344, 561.9427636513344, 561.9427636513344, 561.9427636513344, 561.9427636513344, 561.9427636513344, 561.9427636513344, 561.9427636513344, 561.9427636513344, 561.9427636513344, 561.9427636513344, 561.9427636513344, 561.9427636513344, 561.9427636513344, 561.9427636513344, 561.9427636513344, 561.9427636513344, 561.9427636513344, 561.9427636513344, 561.9427636513344, 561.9427636513344, 561.9427636513344, 561.9427636513344, 561.9427636513344, 561.9427636513344, 561.9427636513344, 561.9427636513344, 561.9427636513344, 561.9427636513344, 561.9427636513344, 561.9427636513344, 561.9427636513344, 561.9427636513344, 561.9427636513344, 561.9427636513344, 561.9427636513344, 561.9427636513344, 561.9427636513344, 561.9427636513344, 561.9427636513344, 561.9427636513344, 561.9427636513344, 561.9427636513344, 561.9427636513344, 561.9427636513344, 561.9427636513344, 561.9427636513344, 561.9427636513344, 561.9427636513344, 561.9427636513344, 561.9427636513344, 561.9427636513344, 561.9427636513344, 561.9427636513344, 561.9427636513344, 561.9427636513344, 561.9427636513344, 561.9427636513344, 561.9427636513344, 561.9427636513344, 561.9427636513344, 561.9427636513344, 561.9427636513344, 561.9427636513344, 561.9427636513344, 561.9427636513344, 561.9427636513344, 561.9427636513344, 561.9427636513344, 561.9427636513344, 561.9427636513344, 561.9427636513344, 561.9427636513344, 561.9427636513344, 561.9427636513344, 561.9427636513344, 561.9427636513344, 561.9427636513344, 561.9427636513344, 561.9427636513344, 561.9427636513344, 561.9427636513344, 561.9427636513344, 561.9427636513344, 561.9427636513344, 561.9427636513344, 561.9427636513344, 561.9427636513344, 561.9427636513344, 561.9427636513344, 561.9427636513344, 561.9427636513344, 561.9427636513344, 561.9427636513344, 561.9427636513344, 561.9427636513344, 561.9427636513344, 561.9427636513344, 561.9427636513344, 561.9427636513344, 561.9427636513344, 561.9427636513344, 561.9427636513344, 561.9427636513344, 561.9427636513344, 561.9427636513344, 561.9427636513344, 561.9427636513344, 561.9427636513344, 561.9427636513344, 561.9427636513344, 561.9427636513344, 561.9427636513344, 561.9427636513344, 561.9427636513344, 561.9427636513344, 561.9427636513344, 561.9427636513344, 561.9427636513344, 561.9427636513344, 561.9427636513344, 561.9427636513344, 561.9427636513344, 561.9427636513344, 561.9427636513344, 561.9427636513344, 561.9427636513344, 561.9427636513344, 561.9427636513344, 561.9427636513344, 561.9427636513344, 561.9427636513344, 561.9427636513344, 561.9427636513344, 561.9427636513344, 561.9427636513344, 561.9427636513344, 561.9427636513344, 561.9427636513344, 561.9427636513344, 561.9427636513344, 561.9427636513344, 561.9427636513344, 561.9427636513344, 561.9427636513344, 561.9427636513344, 561.9427636513344, 561.9427636513344, 561.9427636513344, 561.9427636513344, 561.9427636513344, 561.9427636513344, 561.9427636513344, 561.9427636513344, 561.9427636513344, 561.9427636513344, 561.9427636513344, 561.9427636513344, 561.9427636513344, 561.9427636513344, 561.9427636513344, 561.9427636513344, 561.9427636513344, 561.9427636513344, 561.9427636513344, 561.9427636513344, 561.9427636513344, 561.9427636513344, 561.9427636513344, 561.9427636513344, 561.9427636513344, 561.9427636513344, 561.9427636513344, 561.9427636513344, 561.9427636513344, 561.9427636513344, 561.9427636513344, 561.9427636513344, 561.9427636513344, 561.9427636513344, 561.9427636513344, 561.9427636513344, 561.9427636513344, 561.9427636513344, 561.9427636513344, 561.9427636513344, 561.9427636513344, 561.9427636513344, 561.9427636513344, 561.9427636513344, 561.9427636513344, 561.9427636513344, 561.9427636513344, 561.9427636513344, 561.9427636513344, 561.9427636513344, 561.9427636513344, 561.9427636513344, 561.9427636513344, 561.9427636513344, 561.9427636513344, 561.9427636513344, 561.9427636513344, 561.9427636513344, 561.9427636513344, 561.9427636513344, 561.9427636513344, 561.9427636513344, 561.9427636513344, 561.9427636513344, 561.9427636513344, 561.9427636513344, 561.9427636513344, 561.9427636513344, 561.9427636513344, 561.9427636513344, 561.9427636513344, 561.9427636513344, 561.9427636513344, 561.9427636513344, 561.9427636513344, 561.9427636513344, 561.9427636513344, 561.9427636513344, 561.9427636513344, 561.9427636513344, 561.9427636513344, 561.9427636513344, 561.9427636513344, 561.9427636513344, 561.9427636513344, 561.9427636513344, 561.9427636513344, 561.9427636513344, 561.9427636513344, 561.9427636513344, 561.9427636513344, 561.9427636513344, 561.9427636513344, 561.9427636513344, 561.9427636513344, 561.9427636513344, 561.9427636513344, 561.9427636513344, 561.9427636513344, 561.9427636513344, 561.9427636513344, 561.9427636513344, 561.9427636513344, 561.9427636513344, 561.9427636513344, 561.9427636513344, 561.9427636513344, 561.9427636513344, 561.9427636513344, 561.9427636513344, 561.9427636513344, 561.9427636513344, 561.9427636513344, 561.9427636513344, 561.9427636513344, 561.9427636513344, 561.9427636513344, 561.9427636513344, 561.9427636513344, 561.9427636513344, 561.9427636513344, 561.9427636513344, 561.9427636513344, 561.9427636513344, 561.9427636513344, 561.9427636513344, 561.9427636513344, 561.9427636513344, 561.9427636513344, 561.9427636513344, 561.9427636513344, 561.9427636513344, 561.9427636513344, 561.9427636513344, 561.9427636513344, 561.9427636513344, 561.9427636513344, 561.9427636513344, 561.9427636513344, 561.9427636513344, 561.9427636513344, 561.9427636513344, 561.9427636513344, 561.9427636513344, 561.9427636513344, 561.9427636513344, 561.9427636513344, 561.9427636513344, 561.9427636513344, 561.9427636513344, 561.9427636513344, 561.9427636513344, 561.9427636513344, 561.9427636513344, 561.9427636513344, 561.9427636513344, 561.9427636513344, 561.9427636513344, 561.9427636513344, 561.9427636513344, 561.9427636513344, 561.9427636513344, 561.9427636513344, 561.9427636513344, 561.9427636513344, 561.9427636513344, 561.9427636513344, 561.9427636513344, 561.9427636513344, 561.9427636513344, 561.9427636513344, 561.9427636513344, 561.9427636513344, 561.9427636513344, 561.9427636513344, 561.9427636513344, 561.9427636513344, 561.9427636513344, 561.9427636513344, 561.9427636513344, 561.9427636513344, 561.9427636513344, 561.9427636513344, 561.9427636513344, 561.9427636513344, 561.9427636513344, 561.9427636513344, 561.9427636513344, 561.9427636513344, 561.9427636513344, 561.9427636513344, 561.9427636513344, 561.9427636513344, 561.9427636513344, 561.9427636513344, 561.9427636513344, 561.9427636513344, 561.9427636513344, 561.9427636513344, 561.9427636513344, 561.9427636513344, 561.9427636513344, 561.9427636513344, 561.9427636513344, 561.9427636513344, 561.9427636513344, 561.9427636513344, 561.9427636513344, 561.9427636513344, 561.9427636513344, 561.9427636513344, 561.9427636513344, 561.9427636513344, 561.9427636513344, 561.9427636513344, 561.9427636513344, 561.9427636513344, 561.9427636513344, 561.9427636513344, 561.9427636513344, 561.9427636513344, 561.9427636513344, 561.9427636513344, 561.9427636513344, 561.9427636513344, 561.9427636513344, 561.9427636513344, 561.9427636513344, 561.9427636513344, 561.9427636513344, 561.9427636513344, 561.9427636513344, 561.9427636513344, 561.9427636513344, 561.9427636513344, 561.9427636513344, 561.9427636513344, 561.9427636513344, 561.9427636513344, 561.9427636513344, 561.9427636513344, 561.9427636513344, 561.9427636513344, 561.9427636513344, 561.9427636513344, 561.9427636513344, 561.9427636513344, 561.9427636513344, 561.9427636513344, 561.9427636513344, 561.9427636513344, 561.9427636513344, 561.9427636513344, 561.9427636513344, 561.9427636513344, 561.9427636513344, 561.9427636513344, 561.9427636513344, 561.9427636513344, 561.9427636513344, 561.9427636513344, 561.9427636513344, 561.9427636513344, 561.9427636513344, 561.9427636513344, 561.9427636513344, 561.9427636513344, 561.9427636513344, 561.9427636513344, 561.9427636513344, 561.9427636513344, 561.9427636513344, 561.9427636513344, 561.9427636513344, 561.9427636513344, 561.9427636513344, 561.9427636513344, 561.9427636513344, 561.9427636513344, 561.9427636513344, 561.9427636513344, 561.9427636513344, 561.9427636513344, 561.9427636513344, 561.9427636513344, 561.9427636513344, 561.9427636513344, 561.9427636513344, 561.9427636513344, 561.9427636513344, 561.9427636513344, 561.9427636513344, 561.9427636513344, 561.9427636513344, 561.9427636513344, 561.9427636513344, 561.9427636513344, 561.9427636513344, 561.9427636513344, 561.9427636513344, 561.9427636513344, 561.9427636513344, 561.9427636513344, 561.9427636513344, 561.9427636513344, 561.9427636513344, 561.9427636513344, 561.9427636513344, 561.9427636513344, 561.9427636513344, 561.9427636513344, 561.9427636513344, 561.9427636513344, 561.9427636513344, 561.9427636513344, 561.9427636513344, 561.9427636513344, 561.9427636513344, 561.9427636513344, 561.9427636513344, 561.9427636513344, 561.9427636513344, 561.9427636513344, 561.9427636513344, 561.9427636513344, 561.9427636513344, 561.9427636513344, 561.9427636513344, 561.9427636513344, 561.9427636513344, 561.9427636513344, 561.9427636513344, 561.9427636513344, 561.9427636513344, 561.9427636513344, 561.9427636513344, 561.9427636513344, 561.9427636513344, 561.9427636513344, 561.9427636513344, 561.9427636513344, 561.9427636513344, 561.9427636513344, 561.9427636513344, 561.9427636513344, 561.9427636513344, 561.9427636513344, 561.9427636513344, 561.9427636513344, 561.9427636513344, 561.9427636513344, 561.9427636513344, 561.9427636513344, 561.9427636513344, 561.9427636513344, 561.9427636513344, 561.9427636513344, 561.9427636513344, 561.9427636513344, 561.9427636513344, 561.9427636513344, 561.9427636513344, 561.9427636513344, 561.9427636513344, 561.9427636513344, 561.9427636513344, 561.9427636513344, 561.9427636513344, 561.9427636513344, 561.9427636513344, 561.9427636513344, 561.9427636513344, 561.9427636513344, 561.9427636513344, 561.9427636513344, 561.9427636513344, 561.9427636513344, 561.9427636513344, 561.9427636513344, 561.9427636513344, 561.9427636513344, 561.9427636513344, 561.9427636513344, 561.9427636513344, 561.9427636513344, 561.9427636513344, 561.9427636513344, 561.9427636513344, 561.9427636513344, 561.9427636513344, 561.9427636513344, 561.9427636513344, 561.9427636513344, 561.9427636513344, 561.9427636513344, 561.9427636513344, 561.9427636513344, 561.9427636513344, 561.9427636513344, 561.9427636513344, 561.9427636513344, 561.9427636513344, 561.9427636513344, 561.9427636513344, 561.9427636513344, 561.9427636513344, 561.9427636513344, 561.9427636513344, 561.9427636513344, 561.9427636513344, 561.9427636513344, 561.9427636513344, 561.9427636513344, 561.9427636513344, 561.9427636513344, 561.9427636513344, 561.9427636513344, 561.9427636513344, 561.9427636513344, 561.9427636513344, 561.9427636513344, 561.9427636513344, 561.9427636513344, 561.9427636513344, 561.9427636513344, 561.9427636513344, 561.9427636513344, 561.9427636513344, 561.9427636513344, 561.9427636513344, 561.9427636513344, 561.9427636513344, 561.9427636513344, 561.9427636513344, 561.9427636513344, 561.9427636513344, 561.9427636513344, 561.9427636513344, 561.9427636513344, 561.9427636513344, 561.9427636513344, 561.9427636513344, 561.9427636513344, 561.9427636513344, 561.9427636513344, 561.9427636513344, 561.9427636513344, 561.9427636513344, 561.9427636513344, 561.9427636513344, 561.9427636513344, 561.9427636513344, 561.9427636513344, 561.9427636513344, 561.9427636513344, 561.9427636513344, 561.9427636513344, 561.9427636513344, 561.9427636513344, 561.9427636513344, 561.9427636513344, 561.9427636513344, 561.9427636513344, 561.9427636513344, 561.9427636513344, 561.9427636513344, 561.9427636513344, 561.9427636513344, 561.9427636513344, 561.9427636513344, 561.9427636513344, 561.9427636513344, 561.9427636513344, 561.9427636513344, 561.9427636513344, 561.9427636513344, 561.9427636513344, 561.9427636513344, 561.9427636513344, 561.9427636513344, 561.9427636513344, 561.9427636513344, 561.9427636513344, 561.9427636513344, 561.9427636513344, 561.9427636513344, 561.9427636513344, 561.9427636513344, 561.9427636513344, 561.9427636513344, 561.9427636513344, 561.9427636513344, 561.9427636513344, 561.9427636513344, 561.9427636513344, 561.9427636513344, 561.9427636513344, 561.9427636513344, 561.9427636513344, 561.9427636513344, 561.9427636513344, 561.9427636513344, 561.9427636513344, 561.9427636513344, 561.9427636513344, 561.9427636513344, 561.9427636513344, 561.9427636513344, 561.9427636513344, 561.9427636513344, 561.9427636513344, 561.9427636513344, 561.9427636513344, 561.9427636513344, 561.9427636513344, 561.9427636513344, 561.9427636513344, 561.9427636513344, 561.9427636513344, 561.9427636513344, 561.9427636513344, 561.9427636513344, 561.9427636513344, 561.9427636513344, 561.9427636513344, 561.9427636513344, 561.9427636513344, 561.9427636513344, 561.9427636513344, 561.9427636513344, 561.9427636513344, 561.9427636513344, 561.9427636513344, 561.9427636513344, 561.9427636513344, 561.9427636513344, 561.9427636513344, 561.9427636513344, 561.9427636513344, 561.9427636513344, 561.9427636513344, 561.9427636513344, 561.9427636513344, 561.9427636513344, 561.9427636513344, 561.9427636513344, 561.9427636513344, 561.9427636513344, 561.9427636513344, 561.9427636513344, 561.9427636513344, 561.9427636513344, 561.9427636513344, 561.9427636513344, 561.9427636513344, 561.9427636513344, 561.9427636513344, 561.9427636513344, 561.9427636513344, 561.9427636513344, 561.9427636513344, 561.9427636513344, 561.9427636513344, 561.9427636513344, 561.9427636513344, 561.9427636513344, 561.9427636513344, 561.9427636513344, 561.9427636513344, 561.9427636513344, 561.9427636513344, 561.9427636513344, 561.9427636513344, 561.9427636513344, 561.9427636513344, 561.9427636513344, 561.9427636513344, 561.9427636513344, 561.9427636513344, 561.9427636513344, 561.9427636513344, 561.9427636513344, 561.9427636513344, 561.9427636513344, 561.9427636513344, 561.9427636513344, 561.9427636513344, 561.9427636513344, 561.9427636513344, 561.9427636513344, 561.9427636513344, 561.9427636513344, 561.9427636513344, 561.9427636513344, 561.9427636513344, 561.9427636513344, 561.9427636513344, 561.9427636513344, 561.9427636513344, 561.9427636513344, 561.9427636513344, 561.9427636513344, 561.9427636513344, 561.9427636513344, 561.9427636513344, 561.9427636513344, 561.9427636513344, 561.9427636513344, 561.9427636513344, 561.9427636513344, 561.9427636513344, 561.9427636513344, 561.9427636513344, 561.9427636513344, 561.9427636513344, 561.9427636513344, 561.9427636513344, 561.9427636513344, 561.9427636513344, 561.9427636513344, 561.9427636513344, 561.9427636513344, 561.9427636513344, 561.9427636513344, 561.9427636513344, 561.9427636513344, 561.9427636513344, 561.9427636513344, 561.9427636513344, 561.9427636513344, 561.9427636513344, 561.9427636513344, 561.9427636513344, 561.9427636513344, 561.9427636513344, 561.9427636513344, 561.9427636513344, 561.9427636513344, 561.9427636513344, 561.9427636513344, 561.9427636513344, 561.9427636513344, 561.9427636513344, 561.9427636513344, 561.9427636513344, 561.9427636513344, 561.9427636513344, 561.9427636513344, 561.9427636513344, 561.9427636513344, 561.9427636513344, 561.9427636513344, 561.9427636513344, 561.9427636513344, 561.9427636513344, 561.9427636513344, 561.9427636513344, 561.9427636513344, 561.9427636513344, 561.9427636513344, 561.9427636513344, 561.9427636513344, 561.9427636513344, 561.9427636513344, 561.9427636513344, 561.9427636513344, 561.9427636513344, 561.9427636513344, 561.9427636513344, 561.9427636513344, 561.9427636513344, 561.9427636513344, 561.9427636513344, 561.9427636513344, 561.9427636513344, 561.9427636513344, 561.9427636513344, 561.9427636513344, 561.9427636513344, 561.9427636513344, 561.9427636513344, 561.9427636513344, 561.9427636513344, 561.9427636513344, 561.9427636513344, 561.9427636513344, 561.9427636513344, 561.9427636513344, 561.9427636513344, 561.9427636513344, 561.9427636513344, 561.9427636513344, 561.9427636513344, 561.9427636513344, 561.9427636513344, 561.9427636513344, 561.9427636513344, 561.9427636513344, 561.9427636513344, 561.9427636513344, 561.9427636513344, 561.9427636513344, 561.9427636513344, 561.9427636513344, 561.9427636513344, 561.9427636513344, 561.9427636513344, 561.9427636513344, 561.9427636513344, 561.9427636513344, 561.9427636513344, 561.9427636513344, 561.9427636513344, 561.9427636513344, 561.9427636513344, 561.9427636513344, 561.9427636513344, 561.9427636513344, 561.9427636513344, 561.9427636513344, 561.9427636513344, 561.9427636513344, 561.9427636513344, 561.9427636513344, 561.9427636513344, 561.9427636513344, 561.9427636513344, 561.9427636513344, 561.9427636513344, 561.9427636513344, 561.9427636513344, 561.9427636513344, 561.9427636513344, 561.9427636513344, 561.9427636513344, 561.9427636513344, 561.9427636513344, 561.9427636513344, 561.9427636513344, 561.9427636513344, 561.9427636513344, 561.9427636513344, 561.9427636513344, 561.9427636513344, 561.9427636513344, 561.9427636513344, 561.9427636513344, 561.9427636513344, 561.9427636513344, 561.9427636513344, 561.9427636513344, 561.9427636513344, 561.9427636513344, 561.9427636513344, 561.9427636513344, 561.9427636513344, 561.9427636513344, 561.9427636513344, 561.9427636513344, 561.9427636513344, 561.9427636513344, 561.9427636513344, 561.9427636513344, 561.9427636513344, 561.9427636513344, 561.9427636513344, 561.9427636513344, 561.9427636513344, 561.9427636513344, 561.9427636513344, 561.9427636513344, 561.9427636513344, 561.9427636513344, 561.9427636513344, 561.9427636513344, 561.9427636513344, 561.9427636513344, 561.9427636513344, 561.9427636513344, 561.9427636513344, 561.9427636513344, 561.9427636513344, 561.9427636513344, 561.9427636513344, 561.9427636513344, 561.9427636513344, 561.9427636513344, 561.9427636513344, 561.9427636513344, 561.9427636513344, 561.9427636513344, 561.9427636513344, 561.9427636513344, 561.9427636513344, 561.9427636513344, 561.9427636513344, 561.9427636513344, 561.9427636513344, 561.9427636513344, 561.9427636513344, 561.9427636513344, 561.9427636513344, 561.9427636513344, 561.9427636513344, 561.9427636513344, 561.9427636513344, 561.9427636513344, 561.9427636513344, 561.9427636513344, 561.9427636513344, 561.9427636513344, 561.9427636513344, 561.9427636513344, 561.9427636513344, 561.9427636513344, 561.9427636513344, 561.9427636513344, 561.9427636513344, 561.9427636513344, 561.9427636513344, 561.9427636513344, 561.9427636513344, 561.9427636513344, 561.9427636513344, 561.9427636513344, 561.9427636513344, 561.9427636513344, 561.9427636513344, 561.9427636513344, 561.9427636513344, 561.9427636513344, 561.9427636513344, 561.9427636513344, 561.9427636513344, 561.9427636513344, 561.9427636513344, 561.9427636513344, 561.9427636513344, 561.9427636513344, 561.9427636513344, 561.9427636513344, 561.9427636513344, 561.9427636513344, 561.9427636513344, 561.9427636513344, 561.9427636513344, 561.9427636513344, 561.9427636513344, 561.9427636513344, 561.9427636513344, 561.9427636513344, 561.9427636513344, 561.9427636513344, 561.9427636513344, 561.9427636513344, 561.9427636513344, 561.9427636513344, 561.9427636513344, 561.9427636513344, 561.9427636513344, 561.9427636513344, 561.9427636513344, 561.9427636513344, 561.9427636513344, 561.9427636513344, 561.9427636513344, 561.9427636513344, 561.9427636513344, 561.9427636513344, 561.9427636513344, 561.9427636513344, 561.9427636513344, 561.9427636513344, 561.9427636513344, 561.9427636513344, 561.9427636513344, 561.9427636513344, 561.9427636513344, 561.9427636513344, 561.9427636513344, 561.9427636513344, 561.9427636513344, 561.9427636513344, 561.9427636513344, 561.9427636513344, 561.9427636513344, 561.9427636513344, 561.9427636513344, 561.9427636513344, 561.9427636513344, 561.9427636513344, 561.9427636513344, 561.9427636513344, 561.9427636513344, 561.9427636513344, 561.9427636513344, 561.9427636513344, 561.9427636513344, 561.9427636513344, 561.9427636513344, 561.9427636513344, 561.9427636513344, 561.9427636513344, 561.9427636513344, 561.9427636513344, 561.9427636513344, 561.9427636513344, 561.9427636513344, 561.9427636513344, 561.9427636513344, 561.9427636513344, 561.9427636513344, 561.9427636513344, 561.9427636513344, 561.9427636513344, 561.9427636513344, 561.9427636513344, 561.9427636513344, 561.9427636513344, 561.9427636513344, 561.9427636513344, 561.9427636513344, 561.9427636513344, 561.9427636513344, 561.9427636513344, 561.9427636513344, 561.9427636513344, 561.9427636513344, 561.9427636513344, 561.9427636513344, 561.9427636513344, 561.9427636513344, 561.9427636513344, 561.9427636513344, 561.9427636513344, 561.9427636513344, 561.9427636513344, 561.9427636513344, 561.9427636513344, 561.9427636513344, 561.9427636513344, 561.9427636513344, 561.9427636513344, 561.9427636513344, 561.9427636513344, 561.9427636513344, 561.9427636513344, 561.9427636513344, 561.9427636513344, 561.9427636513344, 561.9427636513344, 561.9427636513344, 561.9427636513344, 561.9427636513344, 561.9427636513344, 561.9427636513344, 561.9427636513344, 561.9427636513344, 561.9427636513344, 561.9427636513344, 561.9427636513344, 561.9427636513344, 561.9427636513344, 561.9427636513344, 561.9427636513344, 561.9427636513344, 561.9427636513344, 561.9427636513344, 561.9427636513344, 561.9427636513344, 561.9427636513344, 561.9427636513344, 561.9427636513344, 561.9427636513344, 561.9427636513344, 561.9427636513344, 561.9427636513344, 561.9427636513344, 561.9427636513344, 561.9427636513344, 561.9427636513344, 561.9427636513344, 561.9427636513344, 561.9427636513344, 561.9427636513344, 561.9427636513344, 561.9427636513344, 561.9427636513344, 561.9427636513344, 561.9427636513344, 561.9427636513344, 561.9427636513344, 561.9427636513344, 561.9427636513344, 561.9427636513344, 561.9427636513344, 561.9427636513344, 561.9427636513344, 561.9427636513344, 561.9427636513344, 561.9427636513344, 561.9427636513344, 561.9427636513344, 561.9427636513344, 561.9427636513344, 561.9427636513344, 561.9427636513344, 561.9427636513344, 561.9427636513344, 561.9427636513344, 561.9427636513344, 561.9427636513344, 561.9427636513344, 561.9427636513344, 561.9427636513344, 561.9427636513344, 561.9427636513344, 561.9427636513344, 561.9427636513344, 561.9427636513344, 561.9427636513344, 561.9427636513344, 561.9427636513344]
Computational time : 7.83500003815