Name : Ahmed ElMousel
Problem : X-n190-k8 
Whale Algorithm 
cost : 14819.0213199
Routes : 
1->1
1->1
1->1
1->1
1->1
1->51->33->92->22->13->44->77->114->65->83->110->43->40->46->113->97->21->1
1->11->95->85->50->3->14->104->18->100->10->16->84->59->15->24->119->31->74->32->1
1->89->81->80->47->98->8->107->111->75->66->87->49->116->37->34->68->26->30->39->53->1
1->88->63->41->7->93->36->78->101->60->23->5->96->61->69->70->54->91->115->9->71->56->1
1->62->120->17->94->79->4->58->38->25->2->57->12->28->35->112->103->73->55->72->108->117->1
1->99->42->82->86->90->52->64->105->106->102->48->6->27->118->109->67->76->19->20->29->45->1
best solutions : 
[20271.396131794958, 19697.498671740505, 18834.302111587705, 18477.733568753338, 18167.152847442234, 17473.459417604787, 17083.201720611793, 16804.73917108442, 16412.28602147477, 15509.94740020214, 15509.94740020214, 15492.073242595749, 15308.097390665718, 15308.097390665718, 15308.097390665718, 15308.097390665718, 15308.097390665718, 15308.097390665718, 15308.097390665718, 15301.892992792307, 15287.497853258028, 15251.749634784452, 15251.749634784452, 15251.749634784452, 15251.749634784452, 15251.749634784452, 15251.749634784452, 15251.749634784452, 15251.749634784452, 15251.749634784452, 15251.749634784452, 15251.749634784452, 15251.749634784452, 15251.749634784452, 15251.749634784452, 15251.749634784452, 15251.749634784452, 15251.749634784452, 15251.749634784452, 15251.749634784452, 15251.749634784452, 15203.402072767945, 15203.402072767945, 15203.402072767945, 15203.402072767945, 15197.997840788268, 15197.997840788268, 15197.997840788268, 15197.997840788268, 15149.48034075824, 15149.48034075824, 15149.48034075824, 15149.48034075824, 15149.48034075824, 15149.48034075824, 15149.48034075824, 15149.48034075824, 15149.48034075824, 15149.48034075824, 15149.48034075824, 15149.48034075824, 15149.48034075824, 15149.48034075824, 15149.48034075824, 15149.48034075824, 15149.48034075824, 15149.48034075824, 15149.48034075824, 15149.48034075824, 15149.48034075824, 15149.48034075824, 15149.48034075824, 15149.48034075824, 15149.48034075824, 15149.48034075824, 15149.48034075824, 15149.48034075824, 15149.48034075824, 15149.48034075824, 15149.48034075824, 15149.48034075824, 15139.218093739166, 15139.218093739166, 15139.218093739166, 15139.218093739166, 15139.218093739166, 15139.218093739166, 15139.218093739166, 15138.357630108085, 15138.357630108085, 15138.357630108085, 15138.357630108085, 15138.357630108085, 15138.357630108085, 15138.357630108085, 15138.357630108085, 15138.357630108085, 15138.357630108085, 15138.357630108085, 15138.357630108085, 15138.357630108085, 15138.357630108085, 15138.357630108085, 15138.357630108085, 15138.357630108085, 15138.357630108085, 15138.357630108085, 15138.357630108085, 15138.339894838424, 15138.339894838424, 15117.442381987661, 15117.442381987661, 15117.442381987661, 15117.442381987661, 15117.442381987661, 15117.442381987661, 15117.442381987661, 15117.442381987661, 15117.442381987661, 15117.442381987661, 15117.442381987661, 15117.442381987661, 15117.442381987661, 15117.442381987661, 15117.442381987661, 15117.442381987661, 15117.442381987661, 15117.442381987661, 15117.442381987661, 15117.442381987661, 15117.442381987661, 15117.442381987661, 15117.442381987661, 15117.442381987661, 15117.442381987661, 15117.442381987661, 15117.442381987661, 15117.442381987661, 15117.442381987661, 15117.442381987661, 15117.442381987661, 15117.442381987661, 15117.442381987661, 15117.442381987661, 15117.442381987661, 15113.22241408074, 15113.22241408074, 15113.22241408074, 15113.22241408074, 15113.22241408074, 15113.22241408074, 15113.22241408074, 15113.22241408074, 15113.22241408074, 15113.22241408074, 15113.22241408074, 15113.22241408074, 15113.22241408074, 15113.22241408074, 15113.22241408074, 15113.22241408074, 15113.22241408074, 15113.22241408074, 15113.22241408074, 15113.22241408074, 15113.22241408074, 15113.22241408074, 15113.22241408074, 15113.22241408074, 15113.22241408074, 15113.22241408074, 15113.22241408074, 15113.22241408074, 15113.22241408074, 15113.22241408074, 15113.22241408074, 15113.22241408074, 15113.22241408074, 15113.22241408074, 15113.22241408074, 15113.22241408074, 15113.22241408074, 15113.22241408074, 15113.22241408074, 15113.22241408074, 15113.22241408074, 15113.22241408074, 15113.22241408074, 15113.22241408074, 15113.22241408074, 15113.22241408074, 15113.22241408074, 15113.22241408074, 15113.22241408074, 15113.22241408074, 15113.22241408074, 15113.22241408074, 15113.22241408074, 15113.22241408074, 15113.22241408074, 15113.22241408074, 15113.22241408074, 15113.22241408074, 15113.22241408074, 15113.22241408074, 15113.22241408074, 15113.22241408074, 15113.22241408074, 15113.22241408074, 15113.22241408074, 15113.22241408074, 15113.22241408074, 15113.22241408074, 15113.22241408074, 15113.22241408074, 15113.22241408074, 15113.22241408074, 15113.22241408074, 15113.22241408074, 15113.22241408074, 15113.22241408074, 15113.22241408074, 15113.22241408074, 15100.91607553745, 15100.91607553745, 15100.91607553745, 15100.91607553745, 15100.91607553745, 15100.91607553745, 15100.91607553745, 15100.91607553745, 15100.91607553745, 15100.517488303441, 15100.517488303441, 15100.517488303441, 15100.517488303441, 15100.517488303441, 15100.517488303441, 15100.517488303441, 15100.517488303441, 15100.517488303441, 15100.517488303441, 15100.517488303441, 14993.879505016488, 14993.879505016488, 14993.879505016488, 14993.879505016488, 14993.879505016488, 14993.879505016488, 14993.879505016488, 14993.879505016488, 14993.879505016488, 14993.879505016488, 14993.879505016488, 14993.879505016488, 14993.879505016488, 14993.879505016488, 14993.879505016488, 14993.879505016488, 14993.879505016488, 14993.879505016488, 14993.879505016488, 14993.879505016488, 14993.879505016488, 14993.879505016488, 14993.879505016488, 14993.879505016488, 14993.879505016488, 14993.879505016488, 14982.169947158203, 14982.169947158203, 14982.169947158203, 14982.169947158203, 14982.169947158203, 14939.636231056273, 14939.636231056273, 14939.636231056273, 14939.636231056273, 14939.636231056273, 14939.636231056273, 14939.636231056273, 14939.636231056273, 14939.636231056273, 14939.636231056273, 14939.636231056273, 14939.636231056273, 14939.636231056273, 14939.636231056273, 14939.636231056273, 14939.636231056273, 14939.636231056273, 14939.636231056273, 14939.636231056273, 14939.636231056273, 14939.636231056273, 14939.636231056273, 14939.636231056273, 14939.636231056273, 14939.636231056273, 14939.636231056273, 14939.636231056273, 14939.636231056273, 14939.636231056273, 14939.636231056273, 14939.636231056273, 14939.636231056273, 14939.636231056273, 14939.636231056273, 14939.636231056273, 14939.636231056273, 14939.636231056273, 14939.636231056273, 14939.636231056273, 14939.636231056273, 14939.636231056273, 14939.636231056273, 14939.636231056273, 14939.636231056273, 14939.636231056273, 14939.636231056273, 14939.636231056273, 14939.636231056273, 14939.636231056273, 14939.636231056273, 14939.636231056273, 14939.636231056273, 14931.38279919063, 14931.38279919063, 14931.38279919063, 14931.38279919063, 14931.38279919063, 14931.38279919063, 14931.38279919063, 14927.301761478877, 14927.301761478877, 14927.301761478877, 14927.301761478877, 14927.301761478877, 14927.301761478877, 14927.301761478877, 14927.301761478877, 14927.301761478877, 14927.301761478877, 14927.301761478877, 14927.301761478877, 14927.301761478877, 14927.301761478877, 14927.301761478877, 14927.301761478877, 14927.301761478877, 14924.454239308561, 14924.454239308561, 14924.454239308561, 14924.454239308561, 14924.454239308561, 14924.454239308561, 14924.454239308561, 14924.454239308561, 14924.454239308561, 14924.454239308561, 14924.454239308561, 14924.454239308561, 14924.454239308561, 14924.454239308561, 14924.454239308561, 14924.454239308561, 14924.454239308561, 14924.454239308561, 14924.454239308561, 14924.454239308561, 14924.454239308561, 14924.454239308561, 14924.454239308561, 14924.454239308561, 14924.454239308561, 14924.454239308561, 14924.454239308561, 14924.454239308561, 14924.454239308561, 14924.454239308561, 14924.454239308561, 14924.454239308561, 14924.454239308561, 14924.454239308561, 14924.454239308561, 14924.454239308561, 14924.454239308561, 14924.454239308561, 14924.454239308561, 14924.454239308561, 14924.454239308561, 14924.454239308561, 14924.454239308561, 14924.454239308561, 14920.373201596809, 14920.373201596809, 14920.373201596809, 14920.373201596809, 14920.373201596809, 14920.373201596809, 14920.373201596809, 14920.373201596809, 14920.373201596809, 14920.373201596809, 14920.373201596809, 14920.373201596809, 14920.373201596809, 14920.373201596809, 14920.373201596809, 14920.373201596809, 14920.373201596809, 14920.373201596809, 14920.373201596809, 14920.373201596809, 14920.373201596809, 14920.373201596809, 14920.373201596809, 14920.373201596809, 14920.373201596809, 14920.373201596809, 14920.373201596809, 14920.373201596809, 14920.373201596809, 14913.59036858283, 14913.59036858283, 14913.59036858283, 14913.59036858283, 14913.59036858283, 14913.59036858283, 14913.59036858283, 14913.59036858283, 14913.59036858283, 14913.59036858283, 14913.59036858283, 14913.59036858283, 14913.59036858283, 14913.59036858283, 14913.59036858283, 14913.59036858283, 14913.59036858283, 14913.59036858283, 14913.59036858283, 14913.59036858283, 14913.59036858283, 14913.59036858283, 14913.59036858283, 14913.59036858283, 14913.59036858283, 14913.59036858283, 14913.59036858283, 14913.59036858283, 14913.011972863089, 14913.011972863089, 14913.011972863089, 14913.011972863089, 14913.011972863089, 14913.011972863089, 14913.011972863089, 14913.011972863089, 14913.011972863089, 14913.011972863089, 14913.011972863089, 14913.011972863089, 14913.011972863089, 14913.011972863089, 14913.011972863089, 14913.011972863089, 14913.011972863089, 14913.011972863089, 14913.011972863089, 14913.011972863089, 14913.011972863089, 14913.011972863089, 14913.011972863089, 14913.011972863089, 14913.011972863089, 14913.011972863089, 14913.011972863089, 14913.011972863089, 14913.011972863089, 14913.011972863089, 14913.011972863089, 14913.011972863089, 14913.011972863089, 14913.011972863089, 14913.011972863089, 14913.011972863089, 14913.011972863089, 14913.011972863089, 14913.011972863089, 14913.011972863089, 14913.011972863089, 14913.011972863089, 14913.011972863089, 14913.011972863089, 14913.011972863089, 14913.011972863089, 14913.011972863089, 14913.011972863089, 14913.011972863089, 14913.011972863089, 14913.011972863089, 14913.011972863089, 14913.011972863089, 14913.011972863089, 14913.011972863089, 14913.011972863089, 14913.011972863089, 14913.011972863089, 14913.011972863089, 14913.011972863089, 14913.011972863089, 14913.011972863089, 14913.011972863089, 14913.011972863089, 14913.011972863089, 14913.011972863089, 14913.011972863089, 14913.011972863089, 14913.011972863089, 14913.011972863089, 14913.011972863089, 14913.011972863089, 14913.011972863089, 14913.011972863089, 14913.011972863089, 14913.011972863089, 14913.011972863089, 14913.011972863089, 14913.011972863089, 14913.011972863089, 14913.011972863089, 14913.011972863089, 14913.011972863089, 14913.011972863089, 14913.011972863089, 14913.011972863089, 14913.011972863089, 14913.011972863089, 14913.011972863089, 14913.011972863089, 14913.011972863089, 14913.011972863089, 14913.011972863089, 14913.011972863089, 14913.011972863089, 14913.011972863089, 14913.011972863089, 14913.011972863089, 14913.011972863089, 14913.011972863089, 14913.011972863089, 14913.011972863089, 14913.011972863089, 14893.13885708472, 14893.13885708472, 14893.13885708472, 14893.13885708472, 14893.13885708472, 14893.13885708472, 14893.13885708472, 14893.13885708472, 14893.13885708472, 14893.13885708472, 14893.13885708472, 14893.13885708472, 14893.13885708472, 14893.13885708472, 14893.13885708472, 14893.13885708472, 14893.13885708472, 14893.13885708472, 14893.13885708472, 14893.13885708472, 14893.13885708472, 14893.13885708472, 14893.13885708472, 14893.13885708472, 14893.13885708472, 14893.13885708472, 14893.13885708472, 14893.13885708472, 14893.13885708472, 14893.13885708472, 14893.13885708472, 14893.13885708472, 14893.13885708472, 14893.13885708472, 14893.13885708472, 14893.13885708472, 14874.748414004593, 14874.748414004593, 14874.748414004593, 14874.748414004593, 14874.748414004593, 14874.748414004593, 14874.748414004593, 14874.748414004593, 14874.748414004593, 14874.748414004593, 14874.748414004593, 14874.748414004593, 14874.748414004593, 14874.748414004593, 14874.748414004593, 14874.748414004593, 14874.748414004593, 14874.748414004593, 14874.748414004593, 14874.748414004593, 14874.748414004593, 14874.748414004593, 14874.748414004593, 14874.748414004593, 14874.748414004593, 14874.748414004593, 14874.748414004593, 14874.748414004593, 14874.748414004593, 14874.748414004593, 14874.748414004593, 14874.748414004593, 14874.748414004593, 14874.748414004593, 14874.748414004593, 14874.748414004593, 14874.748414004593, 14874.748414004593, 14874.748414004593, 14874.748414004593, 14874.748414004593, 14874.748414004593, 14874.748414004593, 14874.748414004593, 14874.748414004593, 14874.748414004593, 14874.748414004593, 14874.748414004593, 14874.748414004593, 14874.748414004593, 14874.748414004593, 14874.748414004593, 14874.748414004593, 14874.748414004593, 14874.748414004593, 14874.748414004593, 14874.748414004593, 14874.748414004593, 14874.748414004593, 14874.748414004593, 14874.748414004593, 14874.748414004593, 14862.518078879395, 14862.518078879395, 14862.518078879395, 14862.518078879395, 14862.518078879395, 14862.518078879395, 14862.518078879395, 14862.518078879395, 14862.518078879395, 14862.518078879395, 14862.518078879395, 14862.518078879395, 14862.518078879395, 14860.240245521756, 14860.240245521756, 14860.240245521756, 14860.240245521756, 14860.240245521756, 14860.240245521756, 14860.240245521756, 14860.240245521756, 14860.240245521756, 14860.240245521756, 14860.240245521756, 14860.240245521756, 14860.240245521756, 14860.240245521756, 14860.240245521756, 14860.240245521756, 14860.240245521756, 14860.240245521756, 14860.240245521756, 14860.240245521756, 14860.240245521756, 14860.240245521756, 14855.700943187225, 14855.700943187225, 14855.700943187225, 14855.700943187225, 14855.700943187225, 14855.700943187225, 14855.700943187225, 14855.700943187225, 14855.700943187225, 14855.700943187225, 14855.700943187225, 14855.700943187225, 14855.700943187225, 14855.700943187225, 14855.700943187225, 14855.700943187225, 14855.700943187225, 14855.700943187225, 14855.700943187225, 14855.700943187225, 14855.700943187225, 14855.700943187225, 14855.700943187225, 14855.700943187225, 14855.700943187225, 14855.700943187225, 14855.700943187225, 14855.700943187225, 14855.700943187225, 14855.700943187225, 14855.700943187225, 14855.700943187225, 14855.700943187225, 14855.700943187225, 14855.700943187225, 14855.700943187225, 14855.700943187225, 14855.700943187225, 14855.700943187225, 14855.700943187225, 14855.700943187225, 14855.700943187225, 14855.700943187225, 14855.700943187225, 14855.700943187225, 14855.700943187225, 14855.700943187225, 14855.700943187225, 14855.700943187225, 14855.700943187225, 14855.700943187225, 14855.700943187225, 14855.700943187225, 14855.700943187225, 14855.700943187225, 14855.700943187225, 14855.700943187225, 14855.700943187225, 14855.700943187225, 14855.700943187225, 14855.700943187225, 14855.700943187225, 14855.700943187225, 14855.700943187225, 14855.700943187225, 14855.700943187225, 14855.700943187225, 14855.700943187225, 14855.700943187225, 14855.700943187225, 14855.700943187225, 14855.700943187225, 14855.700943187225, 14855.700943187225, 14855.700943187225, 14855.700943187225, 14855.700943187225, 14855.700943187225, 14855.700943187225, 14855.700943187225, 14855.700943187225, 14855.700943187225, 14855.700943187225, 14855.700943187225, 14855.700943187225, 14855.700943187225, 14855.700943187225, 14855.700943187225, 14855.700943187225, 14855.700943187225, 14855.700943187225, 14855.700943187225, 14855.700943187225, 14855.700943187225, 14855.700943187225, 14855.700943187225, 14855.700943187225, 14855.700943187225, 14855.700943187225, 14855.700943187225, 14855.700943187225, 14855.700943187225, 14855.700943187225, 14855.700943187225, 14855.700943187225, 14855.700943187225, 14855.700943187225, 14855.700943187225, 14855.700943187225, 14855.700943187225, 14855.700943187225, 14855.700943187225, 14855.700943187225, 14855.700943187225, 14855.700943187225, 14855.700943187225, 14855.700943187225, 14855.700943187225, 14855.700943187225, 14855.700943187225, 14855.700943187225, 14855.700943187225, 14855.700943187225, 14855.700943187225, 14855.700943187225, 14855.700943187225, 14855.241367158556, 14855.241367158556, 14855.241367158556, 14855.241367158556, 14855.241367158556, 14855.241367158556, 14855.241367158556, 14855.241367158556, 14855.241367158556, 14855.241367158556, 14855.241367158556, 14855.241367158556, 14855.241367158556, 14855.241367158556, 14855.241367158556, 14855.241367158556, 14854.75783275304, 14854.75783275304, 14854.75783275304, 14854.75783275304, 14854.75783275304, 14854.75783275304, 14854.75783275304, 14854.75783275304, 14854.75783275304, 14854.75783275304, 14854.75783275304, 14854.75783275304, 14854.75783275304, 14854.75783275304, 14854.75783275304, 14854.75783275304, 14854.75783275304, 14854.75783275304, 14854.75783275304, 14854.75783275304, 14854.75783275304, 14854.75783275304, 14854.75783275304, 14854.75783275304, 14854.75783275304, 14854.75783275304, 14854.75783275304, 14854.75783275304, 14854.75783275304, 14854.75783275304, 14854.75783275304, 14854.75783275304, 14854.75783275304, 14854.75783275304, 14854.75783275304, 14854.75783275304, 14854.75783275304, 14854.75783275304, 14854.75783275304, 14854.75783275304, 14854.75783275304, 14854.75783275304, 14854.75783275304, 14854.75783275304, 14854.75783275304, 14851.261605721127, 14835.677204566433, 14835.677204566433, 14835.677204566433, 14835.677204566433, 14835.677204566433, 14835.677204566433, 14835.677204566433, 14835.677204566433, 14835.677204566433, 14835.677204566433, 14835.677204566433, 14835.677204566433, 14835.677204566433, 14835.677204566433, 14835.677204566433, 14832.148356172474, 14832.148356172474, 14832.148356172474, 14832.148356172474, 14832.148356172474, 14832.148356172474, 14832.148356172474, 14832.148356172474, 14832.148356172474, 14832.148356172474, 14832.148356172474, 14832.148356172474, 14832.148356172474, 14832.148356172474, 14832.148356172474, 14832.148356172474, 14832.148356172474, 14832.148356172474, 14832.148356172474, 14832.148356172474, 14832.148356172474, 14832.148356172474, 14832.148356172474, 14832.148356172474, 14832.148356172474, 14832.148356172474, 14832.148356172474, 14832.148356172474, 14832.148356172474, 14832.148356172474, 14832.148356172474, 14832.148356172474, 14832.148356172474, 14832.148356172474, 14832.148356172474, 14832.148356172474, 14832.148356172474, 14832.148356172474, 14832.148356172474, 14832.148356172474, 14832.148356172474, 14832.148356172474, 14832.148356172474, 14832.148356172474, 14832.148356172474, 14832.148356172474, 14832.148356172474, 14832.148356172474, 14832.148356172474, 14832.148356172474, 14832.148356172474, 14832.148356172474, 14832.148356172474, 14832.148356172474, 14832.148356172474, 14832.148356172474, 14832.148356172474, 14832.148356172474, 14832.148356172474, 14832.148356172474, 14832.148356172474, 14832.148356172474, 14832.148356172474, 14832.148356172474, 14832.148356172474, 14832.148356172474, 14832.148356172474, 14832.148356172474, 14832.148356172474, 14832.148356172474, 14832.148356172474, 14832.148356172474, 14832.148356172474, 14832.148356172474, 14832.148356172474, 14832.148356172474, 14832.148356172474, 14832.148356172474, 14832.148356172474, 14832.148356172474, 14832.148356172474, 14832.148356172474, 14832.148356172474, 14832.148356172474, 14832.148356172474, 14832.148356172474, 14832.148356172474, 14832.148356172474, 14832.148356172474, 14832.148356172474, 14832.148356172474, 14832.148356172474, 14832.148356172474, 14832.148356172474, 14832.148356172474, 14832.148356172474, 14832.148356172474, 14832.148356172474, 14832.148356172474, 14832.148356172474, 14832.148356172474, 14832.148356172474, 14832.148356172474, 14832.148356172474, 14832.148356172474, 14832.148356172474, 14832.148356172474, 14827.22558582999, 14827.22558582999, 14827.22558582999, 14827.22558582999, 14827.22558582999, 14827.22558582999, 14827.22558582999, 14827.22558582999, 14827.22558582999, 14827.22558582999, 14827.22558582999, 14827.22558582999, 14827.22558582999, 14827.22558582999, 14827.22558582999, 14827.22558582999, 14827.22558582999, 14827.22558582999, 14827.22558582999, 14827.22558582999, 14827.22558582999, 14827.22558582999, 14827.22558582999, 14827.22558582999, 14827.22558582999, 14827.22558582999, 14827.22558582999, 14827.22558582999, 14827.22558582999, 14827.22558582999, 14827.22558582999, 14827.22558582999, 14827.22558582999, 14827.22558582999, 14827.22558582999, 14827.22558582999, 14827.22558582999, 14827.22558582999, 14827.22558582999, 14827.22558582999, 14827.22558582999, 14827.22558582999, 14827.22558582999, 14827.22558582999, 14827.22558582999, 14827.22558582999, 14827.22558582999, 14827.22558582999, 14827.22558582999, 14827.22558582999, 14827.22558582999, 14827.22558582999, 14827.22558582999, 14827.22558582999, 14827.22558582999, 14827.22558582999, 14827.22558582999, 14827.22558582999, 14827.22558582999, 14827.22558582999, 14827.22558582999, 14827.22558582999, 14827.22558582999, 14827.22558582999, 14827.22558582999, 14827.22558582999, 14827.22558582999, 14827.22558582999, 14827.22558582999, 14827.22558582999, 14827.22558582999, 14827.22558582999, 14827.22558582999, 14827.22558582999, 14827.22558582999, 14827.22558582999, 14827.22558582999, 14827.22558582999, 14827.22558582999, 14827.22558582999, 14827.22558582999, 14827.22558582999, 14827.22558582999, 14827.22558582999, 14827.22558582999, 14827.22558582999, 14827.22558582999, 14827.22558582999, 14827.22558582999, 14827.22558582999, 14827.22558582999, 14827.22558582999, 14827.22558582999, 14827.22558582999, 14827.22558582999, 14827.22558582999, 14827.22558582999, 14827.22558582999, 14827.22558582999, 14827.22558582999, 14827.22558582999, 14827.22558582999, 14827.22558582999, 14827.22558582999, 14827.22558582999, 14827.22558582999, 14827.22558582999, 14827.22558582999, 14827.22558582999, 14827.22558582999, 14827.22558582999, 14827.22558582999, 14827.22558582999, 14827.22558582999, 14827.22558582999, 14827.22558582999, 14827.22558582999, 14827.22558582999, 14827.22558582999, 14827.22558582999, 14827.22558582999, 14827.22558582999, 14827.22558582999, 14827.22558582999, 14827.22558582999, 14827.22558582999, 14827.22558582999, 14827.22558582999, 14827.22558582999, 14827.22558582999, 14827.22558582999, 14827.22558582999, 14827.22558582999, 14827.22558582999, 14827.22558582999, 14827.22558582999, 14827.22558582999, 14827.22558582999, 14827.22558582999, 14827.22558582999, 14827.22558582999, 14827.22558582999, 14827.22558582999, 14827.22558582999, 14827.22558582999, 14827.22558582999, 14827.22558582999, 14827.22558582999, 14827.22558582999, 14827.22558582999, 14827.22558582999, 14827.22558582999, 14827.22558582999, 14827.22558582999, 14827.22558582999, 14827.22558582999, 14827.22558582999, 14827.22558582999, 14827.22558582999, 14827.22558582999, 14827.22558582999, 14827.22558582999, 14827.22558582999, 14827.22558582999, 14827.22558582999, 14827.22558582999, 14827.22558582999, 14827.22558582999, 14827.22558582999, 14827.22558582999, 14827.22558582999, 14827.22558582999, 14827.22558582999, 14827.22558582999, 14827.22558582999, 14827.22558582999, 14827.22558582999, 14827.22558582999, 14827.22558582999, 14827.22558582999, 14827.22558582999, 14827.22558582999, 14827.22558582999, 14827.22558582999, 14827.22558582999, 14827.22558582999, 14827.22558582999, 14827.22558582999, 14827.22558582999, 14827.22558582999, 14827.22558582999, 14827.22558582999, 14827.22558582999, 14827.22558582999, 14827.22558582999, 14827.22558582999, 14827.22558582999, 14827.22558582999, 14827.22558582999, 14827.22558582999, 14827.22558582999, 14827.22558582999, 14827.22558582999, 14827.22558582999, 14827.22558582999, 14827.22558582999, 14827.22558582999, 14827.22558582999, 14827.22558582999, 14827.22558582999, 14827.22558582999, 14827.22558582999, 14827.22558582999, 14827.22558582999, 14827.22558582999, 14827.22558582999, 14827.22558582999, 14827.22558582999, 14827.22558582999, 14827.22558582999, 14827.22558582999, 14827.22558582999, 14827.22558582999, 14827.22558582999, 14827.22558582999, 14827.22558582999, 14827.22558582999, 14827.22558582999, 14827.22558582999, 14827.22558582999, 14827.22558582999, 14827.22558582999, 14827.22558582999, 14827.22558582999, 14827.22558582999, 14827.22558582999, 14827.22558582999, 14827.22558582999, 14827.22558582999, 14827.22558582999, 14827.22558582999, 14827.22558582999, 14827.22558582999, 14827.22558582999, 14827.22558582999, 14827.22558582999, 14827.22558582999, 14827.22558582999, 14827.22558582999, 14827.22558582999, 14827.22558582999, 14827.22558582999, 14827.22558582999, 14827.22558582999, 14827.22558582999, 14827.22558582999, 14827.22558582999, 14827.22558582999, 14827.22558582999, 14827.22558582999, 14827.22558582999, 14827.22558582999, 14827.22558582999, 14827.22558582999, 14827.22558582999, 14827.22558582999, 14827.22558582999, 14827.22558582999, 14827.22558582999, 14827.22558582999, 14827.22558582999, 14827.22558582999, 14827.22558582999, 14827.22558582999, 14827.22558582999, 14827.22558582999, 14827.22558582999, 14827.22558582999, 14827.22558582999, 14827.22558582999, 14827.22558582999, 14827.22558582999, 14827.22558582999, 14827.22558582999, 14827.22558582999, 14827.22558582999, 14827.22558582999, 14827.22558582999, 14827.22558582999, 14827.22558582999, 14827.22558582999, 14827.22558582999, 14827.22558582999, 14827.22558582999, 14827.22558582999, 14827.22558582999, 14827.22558582999, 14827.22558582999, 14827.22558582999, 14827.22558582999, 14827.22558582999, 14827.22558582999, 14827.22558582999, 14827.22558582999, 14827.22558582999, 14827.22558582999, 14827.22558582999, 14827.22558582999, 14827.22558582999, 14827.22558582999, 14827.22558582999, 14827.22558582999, 14827.22558582999, 14827.22558582999, 14827.22558582999, 14827.22558582999, 14827.22558582999, 14827.22558582999, 14827.22558582999, 14827.22558582999, 14827.22558582999, 14827.22558582999, 14827.22558582999, 14827.22558582999, 14827.22558582999, 14827.22558582999, 14827.22558582999, 14827.22558582999, 14827.22558582999, 14827.22558582999, 14827.22558582999, 14827.22558582999, 14827.22558582999, 14827.22558582999, 14827.22558582999, 14827.22558582999, 14827.22558582999, 14827.22558582999, 14827.22558582999, 14827.22558582999, 14827.22558582999, 14827.22558582999, 14827.22558582999, 14827.22558582999, 14827.22558582999, 14827.22558582999, 14827.22558582999, 14827.22558582999, 14827.22558582999, 14827.22558582999, 14827.22558582999, 14827.22558582999, 14827.22558582999, 14827.22558582999, 14827.22558582999, 14827.22558582999, 14819.021319854564, 14819.021319854564, 14819.021319854564, 14819.021319854564, 14819.021319854564, 14819.021319854564, 14819.021319854564, 14819.021319854564, 14819.021319854564, 14819.021319854564, 14819.021319854564, 14819.021319854564, 14819.021319854564, 14819.021319854564, 14819.021319854564, 14819.021319854564, 14819.021319854564, 14819.021319854564, 14819.021319854564, 14819.021319854564, 14819.021319854564, 14819.021319854564, 14819.021319854564, 14819.021319854564, 14819.021319854564, 14819.021319854564, 14819.021319854564, 14819.021319854564, 14819.021319854564, 14819.021319854564, 14819.021319854564, 14819.021319854564, 14819.021319854564, 14819.021319854564, 14819.021319854564, 14819.021319854564, 14819.021319854564, 14819.021319854564, 14819.021319854564, 14819.021319854564, 14819.021319854564, 14819.021319854564, 14819.021319854564, 14819.021319854564, 14819.021319854564, 14819.021319854564, 14819.021319854564, 14819.021319854564, 14819.021319854564, 14819.021319854564, 14819.021319854564, 14819.021319854564, 14819.021319854564, 14819.021319854564, 14819.021319854564, 14819.021319854564, 14819.021319854564, 14819.021319854564, 14819.021319854564, 14819.021319854564, 14819.021319854564, 14819.021319854564, 14819.021319854564, 14819.021319854564, 14819.021319854564, 14819.021319854564, 14819.021319854564, 14819.021319854564, 14819.021319854564, 14819.021319854564, 14819.021319854564, 14819.021319854564, 14819.021319854564, 14819.021319854564, 14819.021319854564, 14819.021319854564, 14819.021319854564, 14819.021319854564, 14819.021319854564, 14819.021319854564, 14819.021319854564, 14819.021319854564, 14819.021319854564, 14819.021319854564, 14819.021319854564, 14819.021319854564, 14819.021319854564, 14819.021319854564, 14819.021319854564, 14819.021319854564, 14819.021319854564, 14819.021319854564, 14819.021319854564, 14819.021319854564, 14819.021319854564, 14819.021319854564, 14819.021319854564, 14819.021319854564, 14819.021319854564, 14819.021319854564, 14819.021319854564, 14819.021319854564, 14819.021319854564, 14819.021319854564, 14819.021319854564, 14819.021319854564, 14819.021319854564, 14819.021319854564, 14819.021319854564, 14819.021319854564, 14819.021319854564, 14819.021319854564, 14819.021319854564, 14819.021319854564, 14819.021319854564, 14819.021319854564, 14819.021319854564, 14819.021319854564, 14819.021319854564, 14819.021319854564, 14819.021319854564, 14819.021319854564, 14819.021319854564, 14819.021319854564, 14819.021319854564, 14819.021319854564, 14819.021319854564, 14819.021319854564, 14819.021319854564, 14819.021319854564, 14819.021319854564, 14819.021319854564, 14819.021319854564, 14819.021319854564, 14819.021319854564, 14819.021319854564, 14819.021319854564, 14819.021319854564, 14819.021319854564, 14819.021319854564, 14819.021319854564, 14819.021319854564, 14819.021319854564, 14819.021319854564, 14819.021319854564, 14819.021319854564, 14819.021319854564, 14819.021319854564, 14819.021319854564, 14819.021319854564, 14819.021319854564, 14819.021319854564, 14819.021319854564, 14819.021319854564, 14819.021319854564, 14819.021319854564, 14819.021319854564, 14819.021319854564, 14819.021319854564, 14819.021319854564, 14819.021319854564, 14819.021319854564, 14819.021319854564, 14819.021319854564, 14819.021319854564, 14819.021319854564, 14819.021319854564, 14819.021319854564, 14819.021319854564, 14819.021319854564, 14819.021319854564, 14819.021319854564, 14819.021319854564, 14819.021319854564, 14819.021319854564, 14819.021319854564, 14819.021319854564, 14819.021319854564, 14819.021319854564, 14819.021319854564, 14819.021319854564, 14819.021319854564, 14819.021319854564, 14819.021319854564, 14819.021319854564, 14819.021319854564, 14819.021319854564, 14819.021319854564, 14819.021319854564, 14819.021319854564, 14819.021319854564, 14819.021319854564, 14819.021319854564, 14819.021319854564, 14819.021319854564, 14819.021319854564, 14819.021319854564, 14819.021319854564, 14819.021319854564, 14819.021319854564, 14819.021319854564, 14819.021319854564, 14819.021319854564, 14819.021319854564, 14819.021319854564, 14819.021319854564, 14819.021319854564, 14819.021319854564, 14819.021319854564, 14819.021319854564, 14819.021319854564, 14819.021319854564, 14819.021319854564, 14819.021319854564, 14819.021319854564, 14819.021319854564, 14819.021319854564, 14819.021319854564, 14819.021319854564, 14819.021319854564, 14819.021319854564, 14819.021319854564, 14819.021319854564, 14819.021319854564, 14819.021319854564, 14819.021319854564, 14819.021319854564, 14819.021319854564, 14819.021319854564, 14819.021319854564, 14819.021319854564, 14819.021319854564, 14819.021319854564, 14819.021319854564, 14819.021319854564, 14819.021319854564, 14819.021319854564, 14819.021319854564, 14819.021319854564, 14819.021319854564, 14819.021319854564, 14819.021319854564, 14819.021319854564, 14819.021319854564, 14819.021319854564, 14819.021319854564, 14819.021319854564, 14819.021319854564, 14819.021319854564, 14819.021319854564, 14819.021319854564, 14819.021319854564, 14819.021319854564, 14819.021319854564, 14819.021319854564, 14819.021319854564, 14819.021319854564, 14819.021319854564, 14819.021319854564, 14819.021319854564, 14819.021319854564, 14819.021319854564, 14819.021319854564, 14819.021319854564, 14819.021319854564, 14819.021319854564, 14819.021319854564, 14819.021319854564, 14819.021319854564, 14819.021319854564, 14819.021319854564, 14819.021319854564, 14819.021319854564, 14819.021319854564, 14819.021319854564, 14819.021319854564, 14819.021319854564, 14819.021319854564, 14819.021319854564, 14819.021319854564, 14819.021319854564, 14819.021319854564, 14819.021319854564, 14819.021319854564, 14819.021319854564, 14819.021319854564, 14819.021319854564, 14819.021319854564, 14819.021319854564, 14819.021319854564, 14819.021319854564, 14819.021319854564, 14819.021319854564, 14819.021319854564, 14819.021319854564, 14819.021319854564, 14819.021319854564, 14819.021319854564, 14819.021319854564, 14819.021319854564, 14819.021319854564, 14819.021319854564, 14819.021319854564, 14819.021319854564, 14819.021319854564, 14819.021319854564, 14819.021319854564, 14819.021319854564, 14819.021319854564, 14819.021319854564, 14819.021319854564, 14819.021319854564, 14819.021319854564, 14819.021319854564, 14819.021319854564, 14819.021319854564, 14819.021319854564, 14819.021319854564, 14819.021319854564, 14819.021319854564, 14819.021319854564, 14819.021319854564, 14819.021319854564, 14819.021319854564, 14819.021319854564, 14819.021319854564, 14819.021319854564, 14819.021319854564, 14819.021319854564, 14819.021319854564, 14819.021319854564, 14819.021319854564, 14819.021319854564, 14819.021319854564, 14819.021319854564, 14819.021319854564, 14819.021319854564, 14819.021319854564, 14819.021319854564, 14819.021319854564, 14819.021319854564, 14819.021319854564, 14819.021319854564, 14819.021319854564, 14819.021319854564, 14819.021319854564, 14819.021319854564, 14819.021319854564, 14819.021319854564, 14819.021319854564, 14819.021319854564, 14819.021319854564, 14819.021319854564, 14819.021319854564, 14819.021319854564, 14819.021319854564, 14819.021319854564, 14819.021319854564, 14819.021319854564, 14819.021319854564, 14819.021319854564, 14819.021319854564, 14819.021319854564, 14819.021319854564, 14819.021319854564, 14819.021319854564, 14819.021319854564, 14819.021319854564, 14819.021319854564, 14819.021319854564, 14819.021319854564, 14819.021319854564, 14819.021319854564, 14819.021319854564, 14819.021319854564, 14819.021319854564, 14819.021319854564, 14819.021319854564, 14819.021319854564, 14819.021319854564, 14819.021319854564, 14819.021319854564, 14819.021319854564, 14819.021319854564, 14819.021319854564, 14819.021319854564, 14819.021319854564, 14819.021319854564, 14819.021319854564, 14819.021319854564, 14819.021319854564, 14819.021319854564, 14819.021319854564, 14819.021319854564, 14819.021319854564, 14819.021319854564, 14819.021319854564, 14819.021319854564, 14819.021319854564, 14819.021319854564, 14819.021319854564, 14819.021319854564, 14819.021319854564, 14819.021319854564, 14819.021319854564, 14819.021319854564, 14819.021319854564, 14819.021319854564, 14819.021319854564, 14819.021319854564, 14819.021319854564, 14819.021319854564, 14819.021319854564, 14819.021319854564, 14819.021319854564, 14819.021319854564, 14819.021319854564, 14819.021319854564, 14819.021319854564, 14819.021319854564, 14819.021319854564, 14819.021319854564, 14819.021319854564, 14819.021319854564, 14819.021319854564, 14819.021319854564, 14819.021319854564, 14819.021319854564, 14819.021319854564, 14819.021319854564, 14819.021319854564, 14819.021319854564, 14819.021319854564, 14819.021319854564, 14819.021319854564, 14819.021319854564, 14819.021319854564, 14819.021319854564, 14819.021319854564, 14819.021319854564, 14819.021319854564, 14819.021319854564, 14819.021319854564, 14819.021319854564, 14819.021319854564, 14819.021319854564, 14819.021319854564, 14819.021319854564, 14819.021319854564, 14819.021319854564, 14819.021319854564, 14819.021319854564, 14819.021319854564, 14819.021319854564, 14819.021319854564, 14819.021319854564, 14819.021319854564, 14819.021319854564, 14819.021319854564, 14819.021319854564, 14819.021319854564, 14819.021319854564, 14819.021319854564, 14819.021319854564, 14819.021319854564, 14819.021319854564, 14819.021319854564, 14819.021319854564, 14819.021319854564, 14819.021319854564, 14819.021319854564, 14819.021319854564, 14819.021319854564, 14819.021319854564, 14819.021319854564, 14819.021319854564, 14819.021319854564, 14819.021319854564, 14819.021319854564, 14819.021319854564, 14819.021319854564, 14819.021319854564, 14819.021319854564, 14819.021319854564, 14819.021319854564, 14819.021319854564, 14819.021319854564, 14819.021319854564, 14819.021319854564, 14819.021319854564, 14819.021319854564, 14819.021319854564, 14819.021319854564, 14819.021319854564, 14819.021319854564, 14819.021319854564, 14819.021319854564, 14819.021319854564, 14819.021319854564, 14819.021319854564, 14819.021319854564, 14819.021319854564, 14819.021319854564, 14819.021319854564, 14819.021319854564, 14819.021319854564, 14819.021319854564, 14819.021319854564, 14819.021319854564, 14819.021319854564, 14819.021319854564, 14819.021319854564, 14819.021319854564, 14819.021319854564, 14819.021319854564, 14819.021319854564, 14819.021319854564, 14819.021319854564, 14819.021319854564, 14819.021319854564, 14819.021319854564, 14819.021319854564, 14819.021319854564, 14819.021319854564, 14819.021319854564, 14819.021319854564, 14819.021319854564, 14819.021319854564, 14819.021319854564, 14819.021319854564, 14819.021319854564, 14819.021319854564, 14819.021319854564, 14819.021319854564, 14819.021319854564, 14819.021319854564, 14819.021319854564, 14819.021319854564, 14819.021319854564, 14819.021319854564, 14819.021319854564, 14819.021319854564, 14819.021319854564, 14819.021319854564, 14819.021319854564, 14819.021319854564, 14819.021319854564, 14819.021319854564, 14819.021319854564, 14819.021319854564, 14819.021319854564, 14819.021319854564, 14819.021319854564, 14819.021319854564, 14819.021319854564, 14819.021319854564, 14819.021319854564, 14819.021319854564, 14819.021319854564, 14819.021319854564, 14819.021319854564, 14819.021319854564, 14819.021319854564, 14819.021319854564, 14819.021319854564, 14819.021319854564, 14819.021319854564, 14819.021319854564, 14819.021319854564, 14819.021319854564, 14819.021319854564, 14819.021319854564, 14819.021319854564, 14819.021319854564, 14819.021319854564, 14819.021319854564, 14819.021319854564, 14819.021319854564, 14819.021319854564, 14819.021319854564, 14819.021319854564, 14819.021319854564, 14819.021319854564, 14819.021319854564, 14819.021319854564, 14819.021319854564, 14819.021319854564, 14819.021319854564, 14819.021319854564, 14819.021319854564, 14819.021319854564, 14819.021319854564, 14819.021319854564, 14819.021319854564, 14819.021319854564, 14819.021319854564, 14819.021319854564, 14819.021319854564, 14819.021319854564, 14819.021319854564, 14819.021319854564, 14819.021319854564, 14819.021319854564, 14819.021319854564, 14819.021319854564, 14819.021319854564, 14819.021319854564, 14819.021319854564, 14819.021319854564, 14819.021319854564, 14819.021319854564, 14819.021319854564, 14819.021319854564, 14819.021319854564, 14819.021319854564, 14819.021319854564, 14819.021319854564, 14819.021319854564, 14819.021319854564, 14819.021319854564, 14819.021319854564, 14819.021319854564, 14819.021319854564, 14819.021319854564, 14819.021319854564, 14819.021319854564, 14819.021319854564, 14819.021319854564, 14819.021319854564, 14819.021319854564, 14819.021319854564, 14819.021319854564, 14819.021319854564, 14819.021319854564, 14819.021319854564, 14819.021319854564, 14819.021319854564, 14819.021319854564, 14819.021319854564, 14819.021319854564, 14819.021319854564, 14819.021319854564, 14819.021319854564, 14819.021319854564, 14819.021319854564, 14819.021319854564, 14819.021319854564, 14819.021319854564, 14819.021319854564]
Computational time : 1216.83999991