Name : Ahmed ElMousel
Problem : X-n190-k8 
Whale Algorithm 
cost : 787.081888855
Routes : 
1->31->17->2->13->1
1->25->28->1
1->22->32->20->18->14->8->27->1
1->7->4->3->24->5->12->29->15->1
1->21->6->26->11->30->16->23->10->9->19->1
best solutions : 
[890.6358728126124, 890.6358728126124, 872.760421361344, 872.760421361344, 872.760421361344, 872.760421361344, 872.760421361344, 872.760421361344, 861.203081606975, 852.3035548240894, 852.3035548240894, 852.3035548240894, 852.3035548240894, 852.3035548240894, 852.3035548240894, 852.1434398411103, 852.1434398411103, 850.3716169511291, 850.3716169511291, 850.3716169511291, 850.3716169511291, 850.3716169511291, 850.3716169511291, 850.3716169511291, 846.8794525642138, 846.8794525642138, 846.8794525642138, 846.8794525642138, 846.8794525642138, 846.8794525642138, 843.6917224280351, 843.6917224280351, 843.6917224280351, 843.6917224280351, 843.6917224280351, 843.6917224280351, 843.6917224280351, 843.6917224280351, 843.6917224280351, 843.6917224280351, 843.6917224280351, 843.6917224280351, 843.6917224280351, 843.6917224280351, 843.6917224280351, 843.6917224280351, 843.6917224280351, 843.6917224280351, 843.6917224280351, 841.0487078254137, 841.0487078254137, 841.0487078254137, 841.0487078254137, 841.0487078254137, 841.0487078254137, 841.0487078254137, 841.0487078254137, 841.0487078254134, 841.0487078254134, 841.0487078254134, 836.9228807800447, 836.9228807800447, 836.9228807800447, 836.9228807800447, 836.9228807800447, 836.9228807800447, 836.9228807800447, 836.9228807800447, 836.9228807800447, 836.9228807800447, 836.9228807800447, 836.9228807800447, 832.9628642690974, 832.9628642690974, 832.9628642690974, 832.9628642690974, 832.9628642690974, 827.5930221300255, 823.0124305731504, 799.3837605263705, 799.3837605263705, 798.5626718810695, 798.5626718810695, 797.7227047162107, 797.7227047162107, 797.7227047162107, 797.7227047162107, 797.7227047162107, 797.7227047162107, 797.7227047162107, 797.7227047162107, 797.7227047162107, 795.0796901135891, 795.0796901135891, 795.0796901135891, 795.0796901135891, 795.0796901135891, 795.0796901135891, 795.0796901135891, 791.5698605489765, 791.5698605489765, 791.5698605489765, 791.5698605489765, 791.5698605489765, 791.5698605489765, 791.5698605489765, 791.5698605489765, 791.5698605489765, 791.5698605489765, 791.5698605489765, 791.5698605489765, 791.5698605489765, 791.5698605489765, 791.5698605489765, 787.0818888551103, 787.0818888551103, 787.0818888551103, 787.0818888551103, 787.0818888551103, 787.0818888551103, 787.0818888551103, 787.0818888551103, 787.0818888551103, 787.0818888551103, 787.0818888551103, 787.0818888551103, 787.0818888551103, 787.0818888551103, 787.0818888551103, 787.0818888551103, 787.0818888551103, 787.0818888551103, 787.0818888551103, 787.0818888551103, 787.0818888551103, 787.0818888551103, 787.0818888551103, 787.0818888551103, 787.0818888551103, 787.0818888551103, 787.0818888551103, 787.0818888551103, 787.0818888551103, 787.0818888551103, 787.0818888551103, 787.0818888551103, 787.0818888551103, 787.0818888551103, 787.0818888551103, 787.0818888551103, 787.0818888551103, 787.0818888551103, 787.0818888551103, 787.0818888551103, 787.0818888551103, 787.0818888551103, 787.0818888551103, 787.0818888551103, 787.0818888551103, 787.0818888551103, 787.0818888551103, 787.0818888551103, 787.0818888551103, 787.0818888551103, 787.0818888551103, 787.0818888551103, 787.0818888551103, 787.0818888551103, 787.0818888551103, 787.0818888551103, 787.0818888551103, 787.0818888551103, 787.0818888551103, 787.0818888551103, 787.0818888551103, 787.0818888551103, 787.0818888551103, 787.0818888551103, 787.0818888551103, 787.0818888551103, 787.0818888551103, 787.0818888551103, 787.0818888551103, 787.0818888551103, 787.0818888551103, 787.0818888551103, 787.0818888551103, 787.0818888551103, 787.0818888551103, 787.0818888551103, 787.0818888551103, 787.0818888551103, 787.0818888551103, 787.0818888551103, 787.0818888551103, 787.0818888551103, 787.0818888551103, 787.0818888551103, 787.0818888551103, 787.0818888551103, 787.0818888551103, 787.0818888551103, 787.0818888551103, 787.0818888551103, 787.0818888551103, 787.0818888551103, 787.0818888551103, 787.0818888551103, 787.0818888551103, 787.0818888551103, 787.0818888551103, 787.0818888551103, 787.0818888551103, 787.0818888551103, 787.0818888551103, 787.0818888551103, 787.0818888551103, 787.0818888551103, 787.0818888551103, 787.0818888551103, 787.0818888551103, 787.0818888551103, 787.0818888551103, 787.0818888551103, 787.0818888551103, 787.0818888551103, 787.0818888551103, 787.0818888551103, 787.0818888551103, 787.0818888551103, 787.0818888551103, 787.0818888551103, 787.0818888551103, 787.0818888551103, 787.0818888551103, 787.0818888551103, 787.0818888551103, 787.0818888551103, 787.0818888551103, 787.0818888551103, 787.0818888551103, 787.0818888551103, 787.0818888551103, 787.0818888551103, 787.0818888551103, 787.0818888551103, 787.0818888551103, 787.0818888551103, 787.0818888551103, 787.0818888551103, 787.0818888551103, 787.0818888551103, 787.0818888551103, 787.0818888551103, 787.0818888551103, 787.0818888551103, 787.0818888551103, 787.0818888551103, 787.0818888551103, 787.0818888551103, 787.0818888551103, 787.0818888551103, 787.0818888551103, 787.0818888551103, 787.0818888551103, 787.0818888551103, 787.0818888551103, 787.0818888551103, 787.0818888551103, 787.0818888551103, 787.0818888551103, 787.0818888551103, 787.0818888551103, 787.0818888551103, 787.0818888551103, 787.0818888551103, 787.0818888551103, 787.0818888551103, 787.0818888551103, 787.0818888551103, 787.0818888551103, 787.0818888551103, 787.0818888551103, 787.0818888551103, 787.0818888551103, 787.0818888551103, 787.0818888551103, 787.0818888551103, 787.0818888551103, 787.0818888551103, 787.0818888551103, 787.0818888551103, 787.0818888551103, 787.0818888551103, 787.0818888551103, 787.0818888551103, 787.0818888551103, 787.0818888551103, 787.0818888551103, 787.0818888551103, 787.0818888551103, 787.0818888551103, 787.0818888551103, 787.0818888551103, 787.0818888551103, 787.0818888551103, 787.0818888551103, 787.0818888551103, 787.0818888551103, 787.0818888551103, 787.0818888551103, 787.0818888551103, 787.0818888551103, 787.0818888551103, 787.0818888551103, 787.0818888551103, 787.0818888551103, 787.0818888551103, 787.0818888551103, 787.0818888551103, 787.0818888551103, 787.0818888551103, 787.0818888551103, 787.0818888551103, 787.0818888551103, 787.0818888551103, 787.0818888551103, 787.0818888551103, 787.0818888551103, 787.0818888551103, 787.0818888551103, 787.0818888551103, 787.0818888551103, 787.0818888551103, 787.0818888551103, 787.0818888551103, 787.0818888551103, 787.0818888551103, 787.0818888551103, 787.0818888551103, 787.0818888551103, 787.0818888551103, 787.0818888551103, 787.0818888551103, 787.0818888551103, 787.0818888551103, 787.0818888551103, 787.0818888551103, 787.0818888551103, 787.0818888551103, 787.0818888551103, 787.0818888551103, 787.0818888551103, 787.0818888551103, 787.0818888551103, 787.0818888551103, 787.0818888551103, 787.0818888551103, 787.0818888551103, 787.0818888551103, 787.0818888551103, 787.0818888551103, 787.0818888551103, 787.0818888551103, 787.0818888551103, 787.0818888551103, 787.0818888551103, 787.0818888551103, 787.0818888551103, 787.0818888551103, 787.0818888551103, 787.0818888551103, 787.0818888551103, 787.0818888551103, 787.0818888551103, 787.0818888551103, 787.0818888551103, 787.0818888551103, 787.0818888551103, 787.0818888551103, 787.0818888551103, 787.0818888551103, 787.0818888551103, 787.0818888551103, 787.0818888551103, 787.0818888551103, 787.0818888551103, 787.0818888551103, 787.0818888551103, 787.0818888551103, 787.0818888551103, 787.0818888551103, 787.0818888551103, 787.0818888551103, 787.0818888551103, 787.0818888551103, 787.0818888551103, 787.0818888551103, 787.0818888551103, 787.0818888551103, 787.0818888551103, 787.0818888551103, 787.0818888551103, 787.0818888551103, 787.0818888551103, 787.0818888551103, 787.0818888551103, 787.0818888551103, 787.0818888551103, 787.0818888551103, 787.0818888551103, 787.0818888551103, 787.0818888551103, 787.0818888551103, 787.0818888551103, 787.0818888551103, 787.0818888551103, 787.0818888551103, 787.0818888551103, 787.0818888551103, 787.0818888551103, 787.0818888551103, 787.0818888551103, 787.0818888551103, 787.0818888551103, 787.0818888551103, 787.0818888551103, 787.0818888551103, 787.0818888551103, 787.0818888551103, 787.0818888551103, 787.0818888551103, 787.0818888551103, 787.0818888551103, 787.0818888551103, 787.0818888551103, 787.0818888551103, 787.0818888551103, 787.0818888551103, 787.0818888551103, 787.0818888551103, 787.0818888551103, 787.0818888551103, 787.0818888551103, 787.0818888551103, 787.0818888551103, 787.0818888551103, 787.0818888551103, 787.0818888551103, 787.0818888551103, 787.0818888551103, 787.0818888551103, 787.0818888551103, 787.0818888551103, 787.0818888551103, 787.0818888551103, 787.0818888551103, 787.0818888551103, 787.0818888551103, 787.0818888551103, 787.0818888551103, 787.0818888551103, 787.0818888551103, 787.0818888551103, 787.0818888551103, 787.0818888551103, 787.0818888551103, 787.0818888551103, 787.0818888551103, 787.0818888551103, 787.0818888551103, 787.0818888551103, 787.0818888551103, 787.0818888551103, 787.0818888551103, 787.0818888551103, 787.0818888551103, 787.0818888551103, 787.0818888551103, 787.0818888551103, 787.0818888551103, 787.0818888551103, 787.0818888551103, 787.0818888551103, 787.0818888551103, 787.0818888551103, 787.0818888551103, 787.0818888551103, 787.0818888551103, 787.0818888551103, 787.0818888551103, 787.0818888551103, 787.0818888551103, 787.0818888551103, 787.0818888551103, 787.0818888551103, 787.0818888551103, 787.0818888551103, 787.0818888551103, 787.0818888551103, 787.0818888551103, 787.0818888551103, 787.0818888551103, 787.0818888551103, 787.0818888551103, 787.0818888551103, 787.0818888551103, 787.0818888551103, 787.0818888551103, 787.0818888551103, 787.0818888551103, 787.0818888551103, 787.0818888551103, 787.0818888551103, 787.0818888551103, 787.0818888551103, 787.0818888551103, 787.0818888551103, 787.0818888551103, 787.0818888551103, 787.0818888551103, 787.0818888551103, 787.0818888551103, 787.0818888551103, 787.0818888551103, 787.0818888551103, 787.0818888551103, 787.0818888551103, 787.0818888551103, 787.0818888551103, 787.0818888551103, 787.0818888551103, 787.0818888551103, 787.0818888551103, 787.0818888551103, 787.0818888551103, 787.0818888551103, 787.0818888551103, 787.0818888551103, 787.0818888551103, 787.0818888551103, 787.0818888551103, 787.0818888551103, 787.0818888551103, 787.0818888551103, 787.0818888551103, 787.0818888551103, 787.0818888551103, 787.0818888551103, 787.0818888551103, 787.0818888551103, 787.0818888551103, 787.0818888551103, 787.0818888551103, 787.0818888551103, 787.0818888551103, 787.0818888551103, 787.0818888551103, 787.0818888551103, 787.0818888551103, 787.0818888551103, 787.0818888551103, 787.0818888551103, 787.0818888551103, 787.0818888551103, 787.0818888551103, 787.0818888551103, 787.0818888551103, 787.0818888551103, 787.0818888551103, 787.0818888551103, 787.0818888551103, 787.0818888551103, 787.0818888551103, 787.0818888551103, 787.0818888551103, 787.0818888551103, 787.0818888551103, 787.0818888551103, 787.0818888551103, 787.0818888551103, 787.0818888551103, 787.0818888551103, 787.0818888551103, 787.0818888551103, 787.0818888551103, 787.0818888551103, 787.0818888551103, 787.0818888551103, 787.0818888551103, 787.0818888551103, 787.0818888551103, 787.0818888551103, 787.0818888551103, 787.0818888551103, 787.0818888551103, 787.0818888551103, 787.0818888551103, 787.0818888551103, 787.0818888551103, 787.0818888551103, 787.0818888551103, 787.0818888551103, 787.0818888551103, 787.0818888551103, 787.0818888551103, 787.0818888551103, 787.0818888551103, 787.0818888551103, 787.0818888551103, 787.0818888551103, 787.0818888551103, 787.0818888551103, 787.0818888551103, 787.0818888551103, 787.0818888551103, 787.0818888551103, 787.0818888551103, 787.0818888551103, 787.0818888551103, 787.0818888551103, 787.0818888551103, 787.0818888551103, 787.0818888551103, 787.0818888551103, 787.0818888551103, 787.0818888551103, 787.0818888551103, 787.0818888551103, 787.0818888551103, 787.0818888551103, 787.0818888551103, 787.0818888551103, 787.0818888551103, 787.0818888551103, 787.0818888551103, 787.0818888551103, 787.0818888551103, 787.0818888551103, 787.0818888551103, 787.0818888551103, 787.0818888551103, 787.0818888551103, 787.0818888551103, 787.0818888551103, 787.0818888551103, 787.0818888551103, 787.0818888551103, 787.0818888551103, 787.0818888551103, 787.0818888551103, 787.0818888551103, 787.0818888551103, 787.0818888551103, 787.0818888551103, 787.0818888551103, 787.0818888551103, 787.0818888551103, 787.0818888551103, 787.0818888551103, 787.0818888551103, 787.0818888551103, 787.0818888551103, 787.0818888551103, 787.0818888551103, 787.0818888551103, 787.0818888551103, 787.0818888551103, 787.0818888551103, 787.0818888551103, 787.0818888551103, 787.0818888551103, 787.0818888551103, 787.0818888551103, 787.0818888551103, 787.0818888551103, 787.0818888551103, 787.0818888551103, 787.0818888551103, 787.0818888551103, 787.0818888551103, 787.0818888551103, 787.0818888551103, 787.0818888551103, 787.0818888551103, 787.0818888551103, 787.0818888551103, 787.0818888551103, 787.0818888551103, 787.0818888551103, 787.0818888551103, 787.0818888551103, 787.0818888551103, 787.0818888551103, 787.0818888551103, 787.0818888551103, 787.0818888551103, 787.0818888551103, 787.0818888551103, 787.0818888551103, 787.0818888551103, 787.0818888551103, 787.0818888551103, 787.0818888551103, 787.0818888551103, 787.0818888551103, 787.0818888551103, 787.0818888551103, 787.0818888551103, 787.0818888551103, 787.0818888551103, 787.0818888551103, 787.0818888551103, 787.0818888551103, 787.0818888551103, 787.0818888551103, 787.0818888551103, 787.0818888551103, 787.0818888551103, 787.0818888551103, 787.0818888551103, 787.0818888551103, 787.0818888551103, 787.0818888551103, 787.0818888551103, 787.0818888551103, 787.0818888551103, 787.0818888551103, 787.0818888551103, 787.0818888551103, 787.0818888551103, 787.0818888551103, 787.0818888551103, 787.0818888551103, 787.0818888551103, 787.0818888551103, 787.0818888551103, 787.0818888551103, 787.0818888551103, 787.0818888551103, 787.0818888551103, 787.0818888551103, 787.0818888551103, 787.0818888551103, 787.0818888551103, 787.0818888551103, 787.0818888551103, 787.0818888551103, 787.0818888551103, 787.0818888551103, 787.0818888551103, 787.0818888551103, 787.0818888551103, 787.0818888551103, 787.0818888551103, 787.0818888551103, 787.0818888551103, 787.0818888551103, 787.0818888551103, 787.0818888551103, 787.0818888551103, 787.0818888551103, 787.0818888551103, 787.0818888551103, 787.0818888551103, 787.0818888551103, 787.0818888551103, 787.0818888551103, 787.0818888551103, 787.0818888551103, 787.0818888551103, 787.0818888551103, 787.0818888551103, 787.0818888551103, 787.0818888551103, 787.0818888551103, 787.0818888551103, 787.0818888551103, 787.0818888551103, 787.0818888551103, 787.0818888551103, 787.0818888551103, 787.0818888551103, 787.0818888551103, 787.0818888551103, 787.0818888551103, 787.0818888551103, 787.0818888551103, 787.0818888551103, 787.0818888551103, 787.0818888551103, 787.0818888551103, 787.0818888551103, 787.0818888551103, 787.0818888551103, 787.0818888551103, 787.0818888551103, 787.0818888551103, 787.0818888551103, 787.0818888551103, 787.0818888551103, 787.0818888551103, 787.0818888551103, 787.0818888551103, 787.0818888551103, 787.0818888551103, 787.0818888551103, 787.0818888551103, 787.0818888551103, 787.0818888551103, 787.0818888551103, 787.0818888551103, 787.0818888551103, 787.0818888551103, 787.0818888551103, 787.0818888551103, 787.0818888551103, 787.0818888551103, 787.0818888551103, 787.0818888551103, 787.0818888551103, 787.0818888551103, 787.0818888551103, 787.0818888551103, 787.0818888551103, 787.0818888551103, 787.0818888551103, 787.0818888551103, 787.0818888551103, 787.0818888551103, 787.0818888551103, 787.0818888551103, 787.0818888551103, 787.0818888551103, 787.0818888551103, 787.0818888551103, 787.0818888551103, 787.0818888551103, 787.0818888551103, 787.0818888551103, 787.0818888551103, 787.0818888551103, 787.0818888551103, 787.0818888551103, 787.0818888551103, 787.0818888551103, 787.0818888551103, 787.0818888551103, 787.0818888551103, 787.0818888551103, 787.0818888551103, 787.0818888551103, 787.0818888551103, 787.0818888551103, 787.0818888551103, 787.0818888551103, 787.0818888551103, 787.0818888551103, 787.0818888551103, 787.0818888551103, 787.0818888551103, 787.0818888551103, 787.0818888551103, 787.0818888551103, 787.0818888551103, 787.0818888551103, 787.0818888551103, 787.0818888551103, 787.0818888551103, 787.0818888551103, 787.0818888551103, 787.0818888551103, 787.0818888551103, 787.0818888551103, 787.0818888551103, 787.0818888551103, 787.0818888551103, 787.0818888551103, 787.0818888551103, 787.0818888551103, 787.0818888551103, 787.0818888551103, 787.0818888551103, 787.0818888551103, 787.0818888551103, 787.0818888551103, 787.0818888551103, 787.0818888551103, 787.0818888551103, 787.0818888551103, 787.0818888551103, 787.0818888551103, 787.0818888551103, 787.0818888551103, 787.0818888551103, 787.0818888551103, 787.0818888551103, 787.0818888551103, 787.0818888551103, 787.0818888551103, 787.0818888551103, 787.0818888551103, 787.0818888551103, 787.0818888551103, 787.0818888551103, 787.0818888551103, 787.0818888551103, 787.0818888551103, 787.0818888551103, 787.0818888551103, 787.0818888551103, 787.0818888551103, 787.0818888551103, 787.0818888551103, 787.0818888551103, 787.0818888551103, 787.0818888551103, 787.0818888551103, 787.0818888551103, 787.0818888551103, 787.0818888551103, 787.0818888551103, 787.0818888551103, 787.0818888551103, 787.0818888551103, 787.0818888551103, 787.0818888551103, 787.0818888551103, 787.0818888551103, 787.0818888551103, 787.0818888551103, 787.0818888551103, 787.0818888551103, 787.0818888551103, 787.0818888551103, 787.0818888551103, 787.0818888551103, 787.0818888551103, 787.0818888551103, 787.0818888551103, 787.0818888551103, 787.0818888551103, 787.0818888551103, 787.0818888551103, 787.0818888551103, 787.0818888551103, 787.0818888551103, 787.0818888551103, 787.0818888551103, 787.0818888551103, 787.0818888551103, 787.0818888551103, 787.0818888551103, 787.0818888551103, 787.0818888551103, 787.0818888551103, 787.0818888551103, 787.0818888551103, 787.0818888551103, 787.0818888551103, 787.0818888551103, 787.0818888551103, 787.0818888551103, 787.0818888551103, 787.0818888551103, 787.0818888551103, 787.0818888551103, 787.0818888551103, 787.0818888551103, 787.0818888551103, 787.0818888551103, 787.0818888551103, 787.0818888551103, 787.0818888551103, 787.0818888551103, 787.0818888551103, 787.0818888551103, 787.0818888551103, 787.0818888551103, 787.0818888551103, 787.0818888551103, 787.0818888551103, 787.0818888551103, 787.0818888551103, 787.0818888551103, 787.0818888551103, 787.0818888551103, 787.0818888551103, 787.0818888551103, 787.0818888551103, 787.0818888551103, 787.0818888551103, 787.0818888551103, 787.0818888551103, 787.0818888551103, 787.0818888551103, 787.0818888551103, 787.0818888551103, 787.0818888551103, 787.0818888551103, 787.0818888551103, 787.0818888551103, 787.0818888551103, 787.0818888551103, 787.0818888551103, 787.0818888551103, 787.0818888551103, 787.0818888551103, 787.0818888551103, 787.0818888551103, 787.0818888551103, 787.0818888551103, 787.0818888551103, 787.0818888551103, 787.0818888551103, 787.0818888551103, 787.0818888551103, 787.0818888551103, 787.0818888551103, 787.0818888551103, 787.0818888551103, 787.0818888551103, 787.0818888551103, 787.0818888551103, 787.0818888551103, 787.0818888551103, 787.0818888551103, 787.0818888551103, 787.0818888551103, 787.0818888551103, 787.0818888551103, 787.0818888551103, 787.0818888551103, 787.0818888551103, 787.0818888551103, 787.0818888551103, 787.0818888551103, 787.0818888551103, 787.0818888551103, 787.0818888551103, 787.0818888551103, 787.0818888551103, 787.0818888551103, 787.0818888551103, 787.0818888551103, 787.0818888551103, 787.0818888551103, 787.0818888551103, 787.0818888551103, 787.0818888551103, 787.0818888551103, 787.0818888551103, 787.0818888551103, 787.0818888551103, 787.0818888551103, 787.0818888551103, 787.0818888551103, 787.0818888551103, 787.0818888551103, 787.0818888551103, 787.0818888551103, 787.0818888551103, 787.0818888551103, 787.0818888551103, 787.0818888551103, 787.0818888551103, 787.0818888551103, 787.0818888551103, 787.0818888551103, 787.0818888551103, 787.0818888551103, 787.0818888551103, 787.0818888551103, 787.0818888551103, 787.0818888551103, 787.0818888551103, 787.0818888551103, 787.0818888551103, 787.0818888551103, 787.0818888551103, 787.0818888551103, 787.0818888551103, 787.0818888551103, 787.0818888551103, 787.0818888551103, 787.0818888551103, 787.0818888551103, 787.0818888551103, 787.0818888551103, 787.0818888551103, 787.0818888551103, 787.0818888551103, 787.0818888551103, 787.0818888551103, 787.0818888551103, 787.0818888551103, 787.0818888551103, 787.0818888551103, 787.0818888551103, 787.0818888551103, 787.0818888551103, 787.0818888551103, 787.0818888551103, 787.0818888551103, 787.0818888551103, 787.0818888551103, 787.0818888551103, 787.0818888551103, 787.0818888551103, 787.0818888551103, 787.0818888551103, 787.0818888551103, 787.0818888551103, 787.0818888551103, 787.0818888551103, 787.0818888551103, 787.0818888551103, 787.0818888551103, 787.0818888551103, 787.0818888551103, 787.0818888551103, 787.0818888551103, 787.0818888551103, 787.0818888551103, 787.0818888551103, 787.0818888551103, 787.0818888551103, 787.0818888551103, 787.0818888551103, 787.0818888551103, 787.0818888551103, 787.0818888551103, 787.0818888551103, 787.0818888551103, 787.0818888551103, 787.0818888551103, 787.0818888551103, 787.0818888551103, 787.0818888551103, 787.0818888551103, 787.0818888551103, 787.0818888551103, 787.0818888551103, 787.0818888551103, 787.0818888551103, 787.0818888551103, 787.0818888551103, 787.0818888551103, 787.0818888551103, 787.0818888551103, 787.0818888551103, 787.0818888551103, 787.0818888551103, 787.0818888551103, 787.0818888551103, 787.0818888551103, 787.0818888551103, 787.0818888551103, 787.0818888551103, 787.0818888551103, 787.0818888551103, 787.0818888551103, 787.0818888551103, 787.0818888551103, 787.0818888551103, 787.0818888551103, 787.0818888551103, 787.0818888551103, 787.0818888551103, 787.0818888551103, 787.0818888551103, 787.0818888551103, 787.0818888551103, 787.0818888551103, 787.0818888551103, 787.0818888551103, 787.0818888551103, 787.0818888551103, 787.0818888551103, 787.0818888551103, 787.0818888551103, 787.0818888551103, 787.0818888551103, 787.0818888551103, 787.0818888551103, 787.0818888551103, 787.0818888551103, 787.0818888551103, 787.0818888551103, 787.0818888551103, 787.0818888551103, 787.0818888551103, 787.0818888551103, 787.0818888551103, 787.0818888551103, 787.0818888551103, 787.0818888551103, 787.0818888551103, 787.0818888551103, 787.0818888551103, 787.0818888551103, 787.0818888551103, 787.0818888551103, 787.0818888551103, 787.0818888551103, 787.0818888551103, 787.0818888551103, 787.0818888551103, 787.0818888551103, 787.0818888551103, 787.0818888551103, 787.0818888551103, 787.0818888551103, 787.0818888551103, 787.0818888551103, 787.0818888551103, 787.0818888551103, 787.0818888551103, 787.0818888551103, 787.0818888551103, 787.0818888551103, 787.0818888551103, 787.0818888551103, 787.0818888551103, 787.0818888551103, 787.0818888551103, 787.0818888551103, 787.0818888551103, 787.0818888551103, 787.0818888551103, 787.0818888551103, 787.0818888551103, 787.0818888551103, 787.0818888551103, 787.0818888551103, 787.0818888551103, 787.0818888551103, 787.0818888551103, 787.0818888551103, 787.0818888551103, 787.0818888551103, 787.0818888551103, 787.0818888551103, 787.0818888551103, 787.0818888551103, 787.0818888551103, 787.0818888551103, 787.0818888551103, 787.0818888551103, 787.0818888551103, 787.0818888551103, 787.0818888551103, 787.0818888551103, 787.0818888551103, 787.0818888551103, 787.0818888551103, 787.0818888551103, 787.0818888551103, 787.0818888551103, 787.0818888551103, 787.0818888551103, 787.0818888551103, 787.0818888551103, 787.0818888551103, 787.0818888551103, 787.0818888551103, 787.0818888551103, 787.0818888551103, 787.0818888551103, 787.0818888551103, 787.0818888551103, 787.0818888551103, 787.0818888551103, 787.0818888551103, 787.0818888551103, 787.0818888551103, 787.0818888551103, 787.0818888551103, 787.0818888551103, 787.0818888551103, 787.0818888551103, 787.0818888551103, 787.0818888551103, 787.0818888551103, 787.0818888551103, 787.0818888551103, 787.0818888551103, 787.0818888551103, 787.0818888551103, 787.0818888551103, 787.0818888551103, 787.0818888551103, 787.0818888551103, 787.0818888551103, 787.0818888551103, 787.0818888551103, 787.0818888551103, 787.0818888551103, 787.0818888551103, 787.0818888551103, 787.0818888551103, 787.0818888551103, 787.0818888551103, 787.0818888551103, 787.0818888551103, 787.0818888551103, 787.0818888551103, 787.0818888551103, 787.0818888551103, 787.0818888551103, 787.0818888551103, 787.0818888551103, 787.0818888551103, 787.0818888551103, 787.0818888551103, 787.0818888551103, 787.0818888551103, 787.0818888551103, 787.0818888551103, 787.0818888551103, 787.0818888551103, 787.0818888551103, 787.0818888551103, 787.0818888551103, 787.0818888551103, 787.0818888551103, 787.0818888551103, 787.0818888551103, 787.0818888551103, 787.0818888551103, 787.0818888551103, 787.0818888551103, 787.0818888551103, 787.0818888551103, 787.0818888551103, 787.0818888551103, 787.0818888551103, 787.0818888551103, 787.0818888551103, 787.0818888551103, 787.0818888551103, 787.0818888551103, 787.0818888551103, 787.0818888551103, 787.0818888551103, 787.0818888551103, 787.0818888551103, 787.0818888551103, 787.0818888551103, 787.0818888551103, 787.0818888551103, 787.0818888551103, 787.0818888551103, 787.0818888551103, 787.0818888551103, 787.0818888551103, 787.0818888551103, 787.0818888551103, 787.0818888551103, 787.0818888551103, 787.0818888551103, 787.0818888551103, 787.0818888551103, 787.0818888551103, 787.0818888551103, 787.0818888551103, 787.0818888551103, 787.0818888551103, 787.0818888551103, 787.0818888551103, 787.0818888551103, 787.0818888551103, 787.0818888551103, 787.0818888551103, 787.0818888551103, 787.0818888551103, 787.0818888551103, 787.0818888551103, 787.0818888551103, 787.0818888551103, 787.0818888551103, 787.0818888551103, 787.0818888551103, 787.0818888551103, 787.0818888551103, 787.0818888551103, 787.0818888551103, 787.0818888551103, 787.0818888551103, 787.0818888551103, 787.0818888551103, 787.0818888551103, 787.0818888551103, 787.0818888551103, 787.0818888551103, 787.0818888551103, 787.0818888551103, 787.0818888551103, 787.0818888551103, 787.0818888551103, 787.0818888551103, 787.0818888551103, 787.0818888551103, 787.0818888551103, 787.0818888551103, 787.0818888551103, 787.0818888551103, 787.0818888551103, 787.0818888551103, 787.0818888551103, 787.0818888551103, 787.0818888551103, 787.0818888551103, 787.0818888551103, 787.0818888551103, 787.0818888551103, 787.0818888551103, 787.0818888551103, 787.0818888551103, 787.0818888551103, 787.0818888551103, 787.0818888551103, 787.0818888551103, 787.0818888551103, 787.0818888551103, 787.0818888551103, 787.0818888551103, 787.0818888551103, 787.0818888551103, 787.0818888551103, 787.0818888551103, 787.0818888551103, 787.0818888551103, 787.0818888551103, 787.0818888551103, 787.0818888551103, 787.0818888551103, 787.0818888551103, 787.0818888551103, 787.0818888551103, 787.0818888551103, 787.0818888551103, 787.0818888551103, 787.0818888551103, 787.0818888551103, 787.0818888551103, 787.0818888551103, 787.0818888551103, 787.0818888551103, 787.0818888551103, 787.0818888551103, 787.0818888551103, 787.0818888551103, 787.0818888551103, 787.0818888551103, 787.0818888551103, 787.0818888551103, 787.0818888551103, 787.0818888551103, 787.0818888551103, 787.0818888551103, 787.0818888551103, 787.0818888551103, 787.0818888551103, 787.0818888551103, 787.0818888551103, 787.0818888551103, 787.0818888551103, 787.0818888551103, 787.0818888551103, 787.0818888551103, 787.0818888551103, 787.0818888551103, 787.0818888551103, 787.0818888551103, 787.0818888551103, 787.0818888551103, 787.0818888551103, 787.0818888551103, 787.0818888551103, 787.0818888551103, 787.0818888551103, 787.0818888551103, 787.0818888551103, 787.0818888551103, 787.0818888551103, 787.0818888551103, 787.0818888551103, 787.0818888551103, 787.0818888551103, 787.0818888551103, 787.0818888551103, 787.0818888551103, 787.0818888551103, 787.0818888551103, 787.0818888551103, 787.0818888551103, 787.0818888551103, 787.0818888551103, 787.0818888551103, 787.0818888551103, 787.0818888551103, 787.0818888551103, 787.0818888551103, 787.0818888551103, 787.0818888551103, 787.0818888551103, 787.0818888551103, 787.0818888551103, 787.0818888551103, 787.0818888551103, 787.0818888551103, 787.0818888551103, 787.0818888551103, 787.0818888551103, 787.0818888551103, 787.0818888551103, 787.0818888551103, 787.0818888551103, 787.0818888551103, 787.0818888551103, 787.0818888551103, 787.0818888551103, 787.0818888551103, 787.0818888551103, 787.0818888551103, 787.0818888551103, 787.0818888551103, 787.0818888551103, 787.0818888551103, 787.0818888551103, 787.0818888551103, 787.0818888551103, 787.0818888551103, 787.0818888551103, 787.0818888551103, 787.0818888551103, 787.0818888551103, 787.0818888551103, 787.0818888551103, 787.0818888551103, 787.0818888551103, 787.0818888551103, 787.0818888551103, 787.0818888551103, 787.0818888551103, 787.0818888551103, 787.0818888551103, 787.0818888551103, 787.0818888551103, 787.0818888551103, 787.0818888551103, 787.0818888551103, 787.0818888551103, 787.0818888551103, 787.0818888551103]
Computational time : 6.64299988747