Name : Ahmed ElMousel
Problem : X-n190-k8 
Whale Algorithm 
cost : 1128.42367694
Routes : 
1->9->33->13->22->1
1->30->19->49->51->42->26->1
1->5->8->43->32->21->47->27->1
1->34->35->18->4->15->38->1
1->37->3->52->12->16->11->1
1->29->55->14->28->20->23->31->1
1->36->10->40->17->39->41->54->1
1->7->2->46->44->1
1->24->53->25->45->50->48->6->1
best solutions : 
[1165.0348424742429, 1163.80366104652, 1159.0548982356138, 1159.0548982356138, 1159.0548982356138, 1159.0548982356138, 1159.0548982356138, 1159.0548982356138, 1157.254100910895, 1157.254100910895, 1155.999884646225, 1150.864610010819, 1150.864610010819, 1150.864610010819, 1150.864610010819, 1150.864610010819, 1150.864610010819, 1150.864610010819, 1150.864610010819, 1149.1051882691438, 1149.1051882691438, 1149.1051882691438, 1145.6880763016968, 1145.6880763016968, 1145.6880763016968, 1145.6880763016968, 1145.6880763016968, 1145.6880763016968, 1145.6880763016968, 1145.6880763016968, 1145.6880763016968, 1143.6938478344227, 1143.6938478344227, 1143.6938478344227, 1142.6517296304164, 1142.6517296304164, 1142.6517296304164, 1142.6517296304164, 1142.6517296304164, 1142.6517296304164, 1142.6517296304164, 1142.3874363853781, 1142.3874363853781, 1142.3874363853781, 1136.758784457245, 1133.6664635259003, 1133.6664635259003, 1133.6664635259003, 1133.6664635259003, 1133.6664635259003, 1133.6664635259003, 1133.6664635259003, 1133.6664635259003, 1133.6664635259003, 1133.6664635259003, 1133.6664635259003, 1133.6664635259003, 1133.6664635259003, 1132.9193408044146, 1129.6691870069978, 1129.6691870069978, 1129.6691870069978, 1129.6691870069978, 1129.6691870069978, 1129.6691870069978, 1129.6691870069978, 1129.6691870069978, 1129.6691870069978, 1129.6691870069978, 1129.6691870069978, 1129.6691870069978, 1129.6691870069978, 1129.6691870069978, 1129.6691870069978, 1129.6691870069978, 1129.6691870069978, 1129.6691870069978, 1128.4236769380918, 1128.4236769380918, 1128.4236769380918, 1128.4236769380918, 1128.4236769380918, 1128.4236769380918, 1128.4236769380918, 1128.4236769380918, 1128.4236769380918, 1128.4236769380918, 1128.4236769380918, 1128.4236769380918, 1128.4236769380918, 1128.4236769380918, 1128.4236769380918, 1128.4236769380918, 1128.4236769380918, 1128.4236769380918, 1128.4236769380918, 1128.4236769380918, 1128.4236769380918, 1128.4236769380918, 1128.4236769380918, 1128.4236769380918, 1128.4236769380918, 1128.4236769380918, 1128.4236769380918, 1128.4236769380918, 1128.4236769380918, 1128.4236769380918, 1128.4236769380918, 1128.4236769380918, 1128.4236769380918, 1128.4236769380918, 1128.4236769380918, 1128.4236769380918, 1128.4236769380918, 1128.4236769380918, 1128.4236769380918, 1128.4236769380918, 1128.4236769380918, 1128.4236769380918, 1128.4236769380918, 1128.4236769380918, 1128.4236769380918, 1128.4236769380918, 1128.4236769380918, 1128.4236769380918, 1128.4236769380918, 1128.4236769380918, 1128.4236769380918, 1128.4236769380918, 1128.4236769380918, 1128.4236769380918, 1128.4236769380918, 1128.4236769380918, 1128.4236769380918, 1128.4236769380918, 1128.4236769380918, 1128.4236769380918, 1128.4236769380918, 1128.4236769380918, 1128.4236769380918, 1128.4236769380918, 1128.4236769380918, 1128.4236769380918, 1128.4236769380918, 1128.4236769380918, 1128.4236769380918, 1128.4236769380918, 1128.4236769380918, 1128.4236769380918, 1128.4236769380918, 1128.4236769380918, 1128.4236769380918, 1128.4236769380918, 1128.4236769380918, 1128.4236769380918, 1128.4236769380918, 1128.4236769380918, 1128.4236769380918, 1128.4236769380918, 1128.4236769380918, 1128.4236769380918, 1128.4236769380918, 1128.4236769380918, 1128.4236769380918, 1128.4236769380918, 1128.4236769380918, 1128.4236769380918, 1128.4236769380918, 1128.4236769380918, 1128.4236769380918, 1128.4236769380918, 1128.4236769380918, 1128.4236769380918, 1128.4236769380918, 1128.4236769380918, 1128.4236769380918, 1128.4236769380918, 1128.4236769380918, 1128.4236769380918, 1128.4236769380918, 1128.4236769380918, 1128.4236769380918, 1128.4236769380918, 1128.4236769380918, 1128.4236769380918, 1128.4236769380918, 1128.4236769380918, 1128.4236769380918, 1128.4236769380918, 1128.4236769380918, 1128.4236769380918, 1128.4236769380918, 1128.4236769380918, 1128.4236769380918, 1128.4236769380918, 1128.4236769380918, 1128.4236769380918, 1128.4236769380918, 1128.4236769380918, 1128.4236769380918, 1128.4236769380918, 1128.4236769380918, 1128.4236769380918, 1128.4236769380918, 1128.4236769380918, 1128.4236769380918, 1128.4236769380918, 1128.4236769380918, 1128.4236769380918, 1128.4236769380918, 1128.4236769380918, 1128.4236769380918, 1128.4236769380918, 1128.4236769380918, 1128.4236769380918, 1128.4236769380918, 1128.4236769380918, 1128.4236769380918, 1128.4236769380918, 1128.4236769380918, 1128.4236769380918, 1128.4236769380918, 1128.4236769380918, 1128.4236769380918, 1128.4236769380918, 1128.4236769380918, 1128.4236769380918, 1128.4236769380918, 1128.4236769380918, 1128.4236769380918, 1128.4236769380918, 1128.4236769380918, 1128.4236769380918, 1128.4236769380918, 1128.4236769380918, 1128.4236769380918, 1128.4236769380918, 1128.4236769380918, 1128.4236769380918, 1128.4236769380918, 1128.4236769380918, 1128.4236769380918, 1128.4236769380918, 1128.4236769380918, 1128.4236769380918, 1128.4236769380918, 1128.4236769380918, 1128.4236769380918, 1128.4236769380918, 1128.4236769380918, 1128.4236769380918, 1128.4236769380918, 1128.4236769380918, 1128.4236769380918, 1128.4236769380918, 1128.4236769380918, 1128.4236769380918, 1128.4236769380918, 1128.4236769380918, 1128.4236769380918, 1128.4236769380918, 1128.4236769380918, 1128.4236769380918, 1128.4236769380918, 1128.4236769380918, 1128.4236769380918, 1128.4236769380918, 1128.4236769380918, 1128.4236769380918, 1128.4236769380918, 1128.4236769380918, 1128.4236769380918, 1128.4236769380918, 1128.4236769380918, 1128.4236769380918, 1128.4236769380918, 1128.4236769380918, 1128.4236769380918, 1128.4236769380918, 1128.4236769380918, 1128.4236769380918, 1128.4236769380918, 1128.4236769380918, 1128.4236769380918, 1128.4236769380918, 1128.4236769380918, 1128.4236769380918, 1128.4236769380918, 1128.4236769380918, 1128.4236769380918, 1128.4236769380918, 1128.4236769380918, 1128.4236769380918, 1128.4236769380918, 1128.4236769380918, 1128.4236769380918, 1128.4236769380918, 1128.4236769380918, 1128.4236769380918, 1128.4236769380918, 1128.4236769380918, 1128.4236769380918, 1128.4236769380918, 1128.4236769380918, 1128.4236769380918, 1128.4236769380918, 1128.4236769380918, 1128.4236769380918, 1128.4236769380918, 1128.4236769380918, 1128.4236769380918, 1128.4236769380918, 1128.4236769380918, 1128.4236769380918, 1128.4236769380918, 1128.4236769380918, 1128.4236769380918, 1128.4236769380918, 1128.4236769380918, 1128.4236769380918, 1128.4236769380918, 1128.4236769380918, 1128.4236769380918, 1128.4236769380918, 1128.4236769380918, 1128.4236769380918, 1128.4236769380918, 1128.4236769380918, 1128.4236769380918, 1128.4236769380918, 1128.4236769380918, 1128.4236769380918, 1128.4236769380918, 1128.4236769380918, 1128.4236769380918, 1128.4236769380918, 1128.4236769380918, 1128.4236769380918, 1128.4236769380918, 1128.4236769380918, 1128.4236769380918, 1128.4236769380918, 1128.4236769380918, 1128.4236769380918, 1128.4236769380918, 1128.4236769380918, 1128.4236769380918, 1128.4236769380918, 1128.4236769380918, 1128.4236769380918, 1128.4236769380918, 1128.4236769380918, 1128.4236769380918, 1128.4236769380918, 1128.4236769380918, 1128.4236769380918, 1128.4236769380918, 1128.4236769380918, 1128.4236769380918, 1128.4236769380918, 1128.4236769380918, 1128.4236769380918, 1128.4236769380918, 1128.4236769380918, 1128.4236769380918, 1128.4236769380918, 1128.4236769380918, 1128.4236769380918, 1128.4236769380918, 1128.4236769380918, 1128.4236769380918, 1128.4236769380918, 1128.4236769380918, 1128.4236769380918, 1128.4236769380918, 1128.4236769380918, 1128.4236769380918, 1128.4236769380918, 1128.4236769380918, 1128.4236769380918, 1128.4236769380918, 1128.4236769380918, 1128.4236769380918, 1128.4236769380918, 1128.4236769380918, 1128.4236769380918, 1128.4236769380918, 1128.4236769380918, 1128.4236769380918, 1128.4236769380918, 1128.4236769380918, 1128.4236769380918, 1128.4236769380918, 1128.4236769380918, 1128.4236769380918, 1128.4236769380918, 1128.4236769380918, 1128.4236769380918, 1128.4236769380918, 1128.4236769380918, 1128.4236769380918, 1128.4236769380918, 1128.4236769380918, 1128.4236769380918, 1128.4236769380918, 1128.4236769380918, 1128.4236769380918, 1128.4236769380918, 1128.4236769380918, 1128.4236769380918, 1128.4236769380918, 1128.4236769380918, 1128.4236769380918, 1128.4236769380918, 1128.4236769380918, 1128.4236769380918, 1128.4236769380918, 1128.4236769380918, 1128.4236769380918, 1128.4236769380918, 1128.4236769380918, 1128.4236769380918, 1128.4236769380918, 1128.4236769380918, 1128.4236769380918, 1128.4236769380918, 1128.4236769380918, 1128.4236769380918, 1128.4236769380918, 1128.4236769380918, 1128.4236769380918, 1128.4236769380918, 1128.4236769380918, 1128.4236769380918, 1128.4236769380918, 1128.4236769380918, 1128.4236769380918, 1128.4236769380918, 1128.4236769380918, 1128.4236769380918, 1128.4236769380918, 1128.4236769380918, 1128.4236769380918, 1128.4236769380918, 1128.4236769380918, 1128.4236769380918, 1128.4236769380918, 1128.4236769380918, 1128.4236769380918, 1128.4236769380918, 1128.4236769380918, 1128.4236769380918, 1128.4236769380918, 1128.4236769380918, 1128.4236769380918, 1128.4236769380918, 1128.4236769380918, 1128.4236769380918, 1128.4236769380918, 1128.4236769380918, 1128.4236769380918, 1128.4236769380918, 1128.4236769380918, 1128.4236769380918, 1128.4236769380918, 1128.4236769380918, 1128.4236769380918, 1128.4236769380918, 1128.4236769380918, 1128.4236769380918, 1128.4236769380918, 1128.4236769380918, 1128.4236769380918, 1128.4236769380918, 1128.4236769380918, 1128.4236769380918, 1128.4236769380918, 1128.4236769380918, 1128.4236769380918, 1128.4236769380918, 1128.4236769380918, 1128.4236769380918, 1128.4236769380918, 1128.4236769380918, 1128.4236769380918, 1128.4236769380918, 1128.4236769380918, 1128.4236769380918, 1128.4236769380918, 1128.4236769380918, 1128.4236769380918, 1128.4236769380918, 1128.4236769380918, 1128.4236769380918, 1128.4236769380918, 1128.4236769380918, 1128.4236769380918, 1128.4236769380918, 1128.4236769380918, 1128.4236769380918, 1128.4236769380918, 1128.4236769380918, 1128.4236769380918, 1128.4236769380918, 1128.4236769380918, 1128.4236769380918, 1128.4236769380918, 1128.4236769380918, 1128.4236769380918, 1128.4236769380918, 1128.4236769380918, 1128.4236769380918, 1128.4236769380918, 1128.4236769380918, 1128.4236769380918, 1128.4236769380918, 1128.4236769380918, 1128.4236769380918, 1128.4236769380918, 1128.4236769380918, 1128.4236769380918, 1128.4236769380918, 1128.4236769380918, 1128.4236769380918, 1128.4236769380918, 1128.4236769380918, 1128.4236769380918, 1128.4236769380918, 1128.4236769380918, 1128.4236769380918, 1128.4236769380918, 1128.4236769380918, 1128.4236769380918, 1128.4236769380918, 1128.4236769380918, 1128.4236769380918, 1128.4236769380918, 1128.4236769380918, 1128.4236769380918, 1128.4236769380918, 1128.4236769380918, 1128.4236769380918, 1128.4236769380918, 1128.4236769380918, 1128.4236769380918, 1128.4236769380918, 1128.4236769380918, 1128.4236769380918, 1128.4236769380918, 1128.4236769380918, 1128.4236769380918, 1128.4236769380918, 1128.4236769380918, 1128.4236769380918, 1128.4236769380918, 1128.4236769380918, 1128.4236769380918, 1128.4236769380918, 1128.4236769380918, 1128.4236769380918, 1128.4236769380918, 1128.4236769380918, 1128.4236769380918, 1128.4236769380918, 1128.4236769380918, 1128.4236769380918, 1128.4236769380918, 1128.4236769380918, 1128.4236769380918, 1128.4236769380918, 1128.4236769380918, 1128.4236769380918, 1128.4236769380918, 1128.4236769380918, 1128.4236769380918, 1128.4236769380918, 1128.4236769380918, 1128.4236769380918, 1128.4236769380918, 1128.4236769380918, 1128.4236769380918, 1128.4236769380918, 1128.4236769380918, 1128.4236769380918, 1128.4236769380918, 1128.4236769380918, 1128.4236769380918, 1128.4236769380918, 1128.4236769380918, 1128.4236769380918, 1128.4236769380918, 1128.4236769380918, 1128.4236769380918, 1128.4236769380918, 1128.4236769380918, 1128.4236769380918, 1128.4236769380918, 1128.4236769380918, 1128.4236769380918, 1128.4236769380918, 1128.4236769380918, 1128.4236769380918, 1128.4236769380918, 1128.4236769380918, 1128.4236769380918, 1128.4236769380918, 1128.4236769380918, 1128.4236769380918, 1128.4236769380918, 1128.4236769380918, 1128.4236769380918, 1128.4236769380918, 1128.4236769380918, 1128.4236769380918, 1128.4236769380918, 1128.4236769380918, 1128.4236769380918, 1128.4236769380918, 1128.4236769380918, 1128.4236769380918, 1128.4236769380918, 1128.4236769380918, 1128.4236769380918, 1128.4236769380918, 1128.4236769380918, 1128.4236769380918, 1128.4236769380918, 1128.4236769380918, 1128.4236769380918, 1128.4236769380918, 1128.4236769380918, 1128.4236769380918, 1128.4236769380918, 1128.4236769380918, 1128.4236769380918, 1128.4236769380918, 1128.4236769380918, 1128.4236769380918, 1128.4236769380918, 1128.4236769380918, 1128.4236769380918, 1128.4236769380918, 1128.4236769380918, 1128.4236769380918, 1128.4236769380918, 1128.4236769380918, 1128.4236769380918, 1128.4236769380918, 1128.4236769380918, 1128.4236769380918, 1128.4236769380918, 1128.4236769380918, 1128.4236769380918, 1128.4236769380918, 1128.4236769380918, 1128.4236769380918, 1128.4236769380918, 1128.4236769380918, 1128.4236769380918, 1128.4236769380918, 1128.4236769380918, 1128.4236769380918, 1128.4236769380918, 1128.4236769380918, 1128.4236769380918, 1128.4236769380918, 1128.4236769380918, 1128.4236769380918, 1128.4236769380918, 1128.4236769380918, 1128.4236769380918, 1128.4236769380918, 1128.4236769380918, 1128.4236769380918, 1128.4236769380918, 1128.4236769380918, 1128.4236769380918, 1128.4236769380918, 1128.4236769380918, 1128.4236769380918, 1128.4236769380918, 1128.4236769380918, 1128.4236769380918, 1128.4236769380918, 1128.4236769380918, 1128.4236769380918, 1128.4236769380918, 1128.4236769380918, 1128.4236769380918, 1128.4236769380918, 1128.4236769380918, 1128.4236769380918, 1128.4236769380918, 1128.4236769380918, 1128.4236769380918, 1128.4236769380918, 1128.4236769380918, 1128.4236769380918, 1128.4236769380916, 1128.4236769380916, 1128.4236769380916, 1128.4236769380916, 1128.4236769380916, 1128.4236769380916, 1128.4236769380916, 1128.4236769380916, 1128.4236769380916, 1128.4236769380916, 1128.4236769380916, 1128.4236769380916, 1128.4236769380916, 1128.4236769380916, 1128.4236769380916, 1128.4236769380916, 1128.4236769380916, 1128.4236769380916, 1128.4236769380916, 1128.4236769380916, 1128.4236769380916, 1128.4236769380916, 1128.4236769380916, 1128.4236769380916, 1128.4236769380916, 1128.4236769380916, 1128.4236769380916, 1128.4236769380916, 1128.4236769380916, 1128.4236769380916, 1128.4236769380916, 1128.4236769380916, 1128.4236769380916, 1128.4236769380916, 1128.4236769380916, 1128.4236769380916, 1128.4236769380916, 1128.4236769380916, 1128.4236769380916, 1128.4236769380916, 1128.4236769380916, 1128.4236769380916, 1128.4236769380916, 1128.4236769380916, 1128.4236769380916, 1128.4236769380916, 1128.4236769380916, 1128.4236769380916, 1128.4236769380916, 1128.4236769380916, 1128.4236769380916, 1128.4236769380916, 1128.4236769380916, 1128.4236769380916, 1128.4236769380916, 1128.4236769380916, 1128.4236769380916, 1128.4236769380916, 1128.4236769380916, 1128.4236769380916, 1128.4236769380916, 1128.4236769380916, 1128.4236769380916, 1128.4236769380916, 1128.4236769380916, 1128.4236769380916, 1128.4236769380916, 1128.4236769380916, 1128.4236769380916, 1128.4236769380916, 1128.4236769380916, 1128.4236769380916, 1128.4236769380916, 1128.4236769380916, 1128.4236769380916, 1128.4236769380916, 1128.4236769380916, 1128.4236769380916, 1128.4236769380916, 1128.4236769380916, 1128.4236769380916, 1128.4236769380916, 1128.4236769380916, 1128.4236769380916, 1128.4236769380916, 1128.4236769380916, 1128.4236769380916, 1128.4236769380916, 1128.4236769380916, 1128.4236769380916, 1128.4236769380916, 1128.4236769380916, 1128.4236769380916, 1128.4236769380916, 1128.4236769380916, 1128.4236769380916, 1128.4236769380916, 1128.4236769380916, 1128.4236769380916, 1128.4236769380916, 1128.4236769380916, 1128.4236769380916, 1128.4236769380916, 1128.4236769380916, 1128.4236769380916, 1128.4236769380916, 1128.4236769380916, 1128.4236769380916, 1128.4236769380916, 1128.4236769380916, 1128.4236769380916, 1128.4236769380916, 1128.4236769380916, 1128.4236769380916, 1128.4236769380916, 1128.4236769380916, 1128.4236769380916, 1128.4236769380916, 1128.4236769380916, 1128.4236769380916, 1128.4236769380916, 1128.4236769380916, 1128.4236769380916, 1128.4236769380916, 1128.4236769380916, 1128.4236769380916, 1128.4236769380916, 1128.4236769380916, 1128.4236769380916, 1128.4236769380916, 1128.4236769380916, 1128.4236769380916, 1128.4236769380916, 1128.4236769380916, 1128.4236769380916, 1128.4236769380916, 1128.4236769380916, 1128.4236769380916, 1128.4236769380916, 1128.4236769380916, 1128.4236769380916, 1128.4236769380916, 1128.4236769380916, 1128.4236769380916, 1128.4236769380916, 1128.4236769380916, 1128.4236769380916, 1128.4236769380916, 1128.4236769380916, 1128.4236769380916, 1128.4236769380916, 1128.4236769380916, 1128.4236769380916, 1128.4236769380916, 1128.4236769380916, 1128.4236769380916, 1128.4236769380916, 1128.4236769380916, 1128.4236769380916, 1128.4236769380916, 1128.4236769380916, 1128.4236769380916, 1128.4236769380916, 1128.4236769380916, 1128.4236769380916, 1128.4236769380916, 1128.4236769380916, 1128.4236769380916, 1128.4236769380916, 1128.4236769380916, 1128.4236769380916, 1128.4236769380916, 1128.4236769380916, 1128.4236769380916, 1128.4236769380916, 1128.4236769380916, 1128.4236769380916, 1128.4236769380916, 1128.4236769380916, 1128.4236769380916, 1128.4236769380916, 1128.4236769380916, 1128.4236769380916, 1128.4236769380916, 1128.4236769380916, 1128.4236769380916, 1128.4236769380916, 1128.4236769380916, 1128.4236769380916, 1128.4236769380916, 1128.4236769380916, 1128.4236769380916, 1128.4236769380916, 1128.4236769380916, 1128.4236769380916, 1128.4236769380916, 1128.4236769380916, 1128.4236769380916, 1128.4236769380916, 1128.4236769380916, 1128.4236769380916, 1128.4236769380916, 1128.4236769380916, 1128.4236769380916, 1128.4236769380916, 1128.4236769380916, 1128.4236769380916, 1128.4236769380916, 1128.4236769380916, 1128.4236769380916, 1128.4236769380916, 1128.4236769380916, 1128.4236769380916, 1128.4236769380916, 1128.4236769380916, 1128.4236769380916, 1128.4236769380916, 1128.4236769380916, 1128.4236769380916, 1128.4236769380916, 1128.4236769380916, 1128.4236769380916, 1128.4236769380916, 1128.4236769380916, 1128.4236769380916, 1128.4236769380916, 1128.4236769380916, 1128.4236769380916, 1128.4236769380916, 1128.4236769380916, 1128.4236769380916, 1128.4236769380916, 1128.4236769380916, 1128.4236769380916, 1128.4236769380916, 1128.4236769380916, 1128.4236769380916, 1128.4236769380916, 1128.4236769380916, 1128.4236769380916, 1128.4236769380916, 1128.4236769380916, 1128.4236769380916, 1128.4236769380916, 1128.4236769380916, 1128.4236769380916, 1128.4236769380916, 1128.4236769380916, 1128.4236769380916, 1128.4236769380916, 1128.4236769380916, 1128.4236769380916, 1128.4236769380916, 1128.4236769380916, 1128.4236769380916, 1128.4236769380916, 1128.4236769380916, 1128.4236769380916, 1128.4236769380916, 1128.4236769380916, 1128.4236769380916, 1128.4236769380916, 1128.4236769380916, 1128.4236769380916, 1128.4236769380916, 1128.4236769380916, 1128.4236769380916, 1128.4236769380916, 1128.4236769380916, 1128.4236769380916, 1128.4236769380916, 1128.4236769380916, 1128.4236769380916, 1128.4236769380916, 1128.4236769380916, 1128.4236769380916, 1128.4236769380916, 1128.4236769380916, 1128.4236769380916, 1128.4236769380916, 1128.4236769380916, 1128.4236769380916, 1128.4236769380916, 1128.4236769380916, 1128.4236769380916, 1128.4236769380916, 1128.4236769380916, 1128.4236769380916, 1128.4236769380916, 1128.4236769380916, 1128.4236769380916, 1128.4236769380916, 1128.4236769380916, 1128.4236769380916, 1128.4236769380916, 1128.4236769380916, 1128.4236769380916, 1128.4236769380916, 1128.4236769380916, 1128.4236769380916, 1128.4236769380916, 1128.4236769380916, 1128.4236769380916, 1128.4236769380916, 1128.4236769380916, 1128.4236769380916, 1128.4236769380916, 1128.4236769380916, 1128.4236769380916, 1128.4236769380916, 1128.4236769380916, 1128.4236769380916, 1128.4236769380916, 1128.4236769380916, 1128.4236769380916, 1128.4236769380916, 1128.4236769380916, 1128.4236769380916, 1128.4236769380916, 1128.4236769380916, 1128.4236769380916, 1128.4236769380916, 1128.4236769380916, 1128.4236769380916, 1128.4236769380916, 1128.4236769380916, 1128.4236769380916, 1128.4236769380916, 1128.4236769380916, 1128.4236769380916, 1128.4236769380916, 1128.4236769380916, 1128.4236769380916, 1128.4236769380916, 1128.4236769380916, 1128.4236769380916, 1128.4236769380916, 1128.4236769380916, 1128.4236769380916, 1128.4236769380916, 1128.4236769380916, 1128.4236769380916, 1128.4236769380916, 1128.4236769380916, 1128.4236769380916, 1128.4236769380916, 1128.4236769380916, 1128.4236769380916, 1128.4236769380916, 1128.4236769380916, 1128.4236769380916, 1128.4236769380916, 1128.4236769380916, 1128.4236769380916, 1128.4236769380916, 1128.4236769380916, 1128.4236769380916, 1128.4236769380916, 1128.4236769380916, 1128.4236769380916, 1128.4236769380916, 1128.4236769380916, 1128.4236769380916, 1128.4236769380916, 1128.4236769380916, 1128.4236769380916, 1128.4236769380916, 1128.4236769380916, 1128.4236769380916, 1128.4236769380916, 1128.4236769380916, 1128.4236769380916, 1128.4236769380916, 1128.4236769380916, 1128.4236769380916, 1128.4236769380916, 1128.4236769380916, 1128.4236769380916, 1128.4236769380916, 1128.4236769380916, 1128.4236769380916, 1128.4236769380916, 1128.4236769380916, 1128.4236769380916, 1128.4236769380916, 1128.4236769380916, 1128.4236769380916, 1128.4236769380916, 1128.4236769380916, 1128.4236769380916, 1128.4236769380916, 1128.4236769380916, 1128.4236769380916, 1128.4236769380916, 1128.4236769380916, 1128.4236769380916, 1128.4236769380916, 1128.4236769380916, 1128.4236769380916, 1128.4236769380916, 1128.4236769380916, 1128.4236769380916, 1128.4236769380916, 1128.4236769380916, 1128.4236769380916, 1128.4236769380916, 1128.4236769380916, 1128.4236769380916, 1128.4236769380916, 1128.4236769380916, 1128.4236769380916, 1128.4236769380916, 1128.4236769380916, 1128.4236769380916, 1128.4236769380916, 1128.4236769380916, 1128.4236769380916, 1128.4236769380916, 1128.4236769380916, 1128.4236769380916, 1128.4236769380916, 1128.4236769380916, 1128.4236769380916, 1128.4236769380916, 1128.4236769380916, 1128.4236769380916, 1128.4236769380916, 1128.4236769380916, 1128.4236769380916, 1128.4236769380916, 1128.4236769380916, 1128.4236769380916, 1128.4236769380916, 1128.4236769380916, 1128.4236769380916, 1128.4236769380916, 1128.4236769380916, 1128.4236769380916, 1128.4236769380916, 1128.4236769380916, 1128.4236769380916, 1128.4236769380916, 1128.4236769380916, 1128.4236769380916, 1128.4236769380916, 1128.4236769380916, 1128.4236769380916, 1128.4236769380916, 1128.4236769380916, 1128.4236769380916, 1128.4236769380916, 1128.4236769380916, 1128.4236769380916, 1128.4236769380916, 1128.4236769380916, 1128.4236769380916, 1128.4236769380916, 1128.4236769380916, 1128.4236769380916, 1128.4236769380916, 1128.4236769380916, 1128.4236769380916, 1128.4236769380916, 1128.4236769380916, 1128.4236769380916, 1128.4236769380916, 1128.4236769380916, 1128.4236769380916, 1128.4236769380916, 1128.4236769380916, 1128.4236769380916, 1128.4236769380916, 1128.4236769380916, 1128.4236769380916, 1128.4236769380916, 1128.4236769380916, 1128.4236769380916, 1128.4236769380916, 1128.4236769380916, 1128.4236769380916, 1128.4236769380916, 1128.4236769380916, 1128.4236769380916, 1128.4236769380916, 1128.4236769380916, 1128.4236769380916, 1128.4236769380916, 1128.4236769380916, 1128.4236769380916, 1128.4236769380916, 1128.4236769380916, 1128.4236769380916, 1128.4236769380916, 1128.4236769380916, 1128.4236769380916, 1128.4236769380916, 1128.4236769380916, 1128.4236769380916, 1128.4236769380916, 1128.4236769380916, 1128.4236769380916, 1128.4236769380916, 1128.4236769380916, 1128.4236769380916, 1128.4236769380916, 1128.4236769380916, 1128.4236769380916, 1128.4236769380916, 1128.4236769380916, 1128.4236769380916, 1128.4236769380916, 1128.4236769380916, 1128.4236769380916, 1128.4236769380916, 1128.4236769380916, 1128.4236769380916, 1128.4236769380916, 1128.4236769380916, 1128.4236769380916, 1128.4236769380916, 1128.4236769380916, 1128.4236769380916, 1128.4236769380916, 1128.4236769380916, 1128.4236769380916, 1128.4236769380916, 1128.4236769380916, 1128.4236769380916, 1128.4236769380916, 1128.4236769380916, 1128.4236769380916, 1128.4236769380916, 1128.4236769380916, 1128.4236769380916, 1128.4236769380916, 1128.4236769380916, 1128.4236769380916, 1128.4236769380916, 1128.4236769380916, 1128.4236769380916, 1128.4236769380916, 1128.4236769380916, 1128.4236769380916, 1128.4236769380916, 1128.4236769380916, 1128.4236769380916, 1128.4236769380916, 1128.4236769380916, 1128.4236769380916, 1128.4236769380916, 1128.4236769380916, 1128.4236769380916, 1128.4236769380916, 1128.4236769380916, 1128.4236769380916, 1128.4236769380916, 1128.4236769380916, 1128.4236769380916, 1128.4236769380916, 1128.4236769380916, 1128.4236769380916, 1128.4236769380916, 1128.4236769380916, 1128.4236769380916, 1128.4236769380916, 1128.4236769380916, 1128.4236769380916, 1128.4236769380916, 1128.4236769380916, 1128.4236769380916, 1128.4236769380916, 1128.4236769380916, 1128.4236769380916, 1128.4236769380916, 1128.4236769380916, 1128.4236769380916, 1128.4236769380916, 1128.4236769380916, 1128.4236769380916, 1128.4236769380916, 1128.4236769380916, 1128.4236769380916, 1128.4236769380916, 1128.4236769380916, 1128.4236769380916, 1128.4236769380916, 1128.4236769380916, 1128.4236769380916, 1128.4236769380916, 1128.4236769380916, 1128.4236769380916, 1128.4236769380916, 1128.4236769380916, 1128.4236769380916, 1128.4236769380916, 1128.4236769380916, 1128.4236769380916, 1128.4236769380916, 1128.4236769380916, 1128.4236769380916, 1128.4236769380916, 1128.4236769380916, 1128.4236769380916, 1128.4236769380916, 1128.4236769380916, 1128.4236769380916, 1128.4236769380916, 1128.4236769380916, 1128.4236769380916, 1128.4236769380916, 1128.4236769380916, 1128.4236769380916, 1128.4236769380916, 1128.4236769380916, 1128.4236769380916, 1128.4236769380916, 1128.4236769380916, 1128.4236769380916, 1128.4236769380916, 1128.4236769380916, 1128.4236769380916, 1128.4236769380916, 1128.4236769380916, 1128.4236769380916, 1128.4236769380916, 1128.4236769380916, 1128.4236769380916, 1128.4236769380916, 1128.4236769380916, 1128.4236769380916, 1128.4236769380916, 1128.4236769380916, 1128.4236769380916, 1128.4236769380916, 1128.4236769380916, 1128.4236769380916, 1128.4236769380916, 1128.4236769380916, 1128.4236769380916, 1128.4236769380916, 1128.4236769380916, 1128.4236769380916, 1128.4236769380916, 1128.4236769380916, 1128.4236769380916, 1128.4236769380916, 1128.4236769380916, 1128.4236769380916, 1128.4236769380916, 1128.4236769380916, 1128.4236769380916, 1128.4236769380916, 1128.4236769380916, 1128.4236769380916, 1128.4236769380916, 1128.4236769380916, 1128.4236769380916, 1128.4236769380916, 1128.4236769380916, 1128.4236769380916, 1128.4236769380916, 1128.4236769380916, 1128.4236769380916, 1128.4236769380916, 1128.4236769380916, 1128.4236769380916, 1128.4236769380916, 1128.4236769380916, 1128.4236769380916, 1128.4236769380916, 1128.4236769380916, 1128.4236769380916, 1128.4236769380916, 1128.4236769380916, 1128.4236769380916, 1128.4236769380916, 1128.4236769380916, 1128.4236769380916, 1128.4236769380916, 1128.4236769380916, 1128.4236769380916, 1128.4236769380916, 1128.4236769380916, 1128.4236769380916, 1128.4236769380916, 1128.4236769380916, 1128.4236769380916, 1128.4236769380916, 1128.4236769380916, 1128.4236769380916, 1128.4236769380916, 1128.4236769380916, 1128.4236769380916, 1128.4236769380916, 1128.4236769380916, 1128.4236769380916, 1128.4236769380916, 1128.4236769380916, 1128.4236769380916, 1128.4236769380916, 1128.4236769380916, 1128.4236769380916, 1128.4236769380916, 1128.4236769380916, 1128.4236769380916, 1128.4236769380916, 1128.4236769380916, 1128.4236769380916, 1128.4236769380916, 1128.4236769380916, 1128.4236769380916, 1128.4236769380916, 1128.4236769380916, 1128.4236769380916, 1128.4236769380916, 1128.4236769380916, 1128.4236769380916, 1128.4236769380916, 1128.4236769380916, 1128.4236769380916, 1128.4236769380916, 1128.4236769380916, 1128.4236769380916, 1128.4236769380916, 1128.4236769380916, 1128.4236769380916, 1128.4236769380916, 1128.4236769380916, 1128.4236769380916, 1128.4236769380916, 1128.4236769380916, 1128.4236769380916, 1128.4236769380916, 1128.4236769380916, 1128.4236769380916, 1128.4236769380916, 1128.4236769380916, 1128.4236769380916, 1128.4236769380916, 1128.4236769380916, 1128.4236769380916, 1128.4236769380916, 1128.4236769380916, 1128.4236769380916, 1128.4236769380916, 1128.4236769380916, 1128.4236769380916, 1128.4236769380916, 1128.4236769380916, 1128.4236769380916, 1128.4236769380916, 1128.4236769380916, 1128.4236769380916, 1128.4236769380916, 1128.4236769380916, 1128.4236769380916, 1128.4236769380916, 1128.4236769380916, 1128.4236769380916, 1128.4236769380916, 1128.4236769380916, 1128.4236769380916, 1128.4236769380916, 1128.4236769380916, 1128.4236769380916, 1128.4236769380916, 1128.4236769380916, 1128.4236769380916, 1128.4236769380916, 1128.4236769380916, 1128.4236769380916, 1128.4236769380916, 1128.4236769380916, 1128.4236769380916, 1128.4236769380916, 1128.4236769380916, 1128.4236769380916, 1128.4236769380916, 1128.4236769380916, 1128.4236769380916, 1128.4236769380916, 1128.4236769380916, 1128.4236769380916, 1128.4236769380916, 1128.4236769380916, 1128.4236769380916, 1128.4236769380916, 1128.4236769380916, 1128.4236769380916, 1128.4236769380916, 1128.4236769380916, 1128.4236769380916, 1128.4236769380916, 1128.4236769380916, 1128.4236769380916, 1128.4236769380916, 1128.4236769380916, 1128.4236769380916, 1128.4236769380916, 1128.4236769380916, 1128.4236769380916, 1128.4236769380916, 1128.4236769380916, 1128.4236769380916, 1128.4236769380916, 1128.4236769380916, 1128.4236769380916, 1128.4236769380916, 1128.4236769380916, 1128.4236769380916, 1128.4236769380916, 1128.4236769380916, 1128.4236769380916, 1128.4236769380916, 1128.4236769380916, 1128.4236769380916, 1128.4236769380916, 1128.4236769380916, 1128.4236769380916, 1128.4236769380916, 1128.4236769380916, 1128.4236769380916, 1128.4236769380916, 1128.4236769380916, 1128.4236769380916, 1128.4236769380916, 1128.4236769380916, 1128.4236769380916, 1128.4236769380916, 1128.4236769380916, 1128.4236769380916, 1128.4236769380916, 1128.4236769380916, 1128.4236769380916, 1128.4236769380916, 1128.4236769380916, 1128.4236769380916, 1128.4236769380916, 1128.4236769380916, 1128.4236769380916, 1128.4236769380916, 1128.4236769380916, 1128.4236769380916, 1128.4236769380916, 1128.4236769380916, 1128.4236769380916, 1128.4236769380916, 1128.4236769380916, 1128.4236769380916, 1128.4236769380916, 1128.4236769380916, 1128.4236769380916, 1128.4236769380916, 1128.4236769380916, 1128.4236769380916, 1128.4236769380916, 1128.4236769380916, 1128.4236769380916, 1128.4236769380916, 1128.4236769380916, 1128.4236769380916, 1128.4236769380916, 1128.4236769380916, 1128.4236769380916, 1128.4236769380916, 1128.4236769380916, 1128.4236769380916, 1128.4236769380916, 1128.4236769380916, 1128.4236769380916, 1128.4236769380916, 1128.4236769380916, 1128.4236769380916, 1128.4236769380916, 1128.4236769380916, 1128.4236769380916, 1128.4236769380916, 1128.4236769380916, 1128.4236769380916, 1128.4236769380916, 1128.4236769380916, 1128.4236769380916, 1128.4236769380916, 1128.4236769380916, 1128.4236769380916, 1128.4236769380916, 1128.4236769380916, 1128.4236769380916, 1128.4236769380916, 1128.4236769380916, 1128.4236769380916, 1128.4236769380916, 1128.4236769380916, 1128.4236769380916, 1128.4236769380916, 1128.4236769380916, 1128.4236769380916, 1128.4236769380916, 1128.4236769380916, 1128.4236769380916, 1128.4236769380916, 1128.4236769380916, 1128.4236769380916, 1128.4236769380916, 1128.4236769380916, 1128.4236769380916, 1128.4236769380916, 1128.4236769380916, 1128.4236769380916, 1128.4236769380916, 1128.4236769380916, 1128.4236769380916, 1128.4236769380916, 1128.4236769380916, 1128.4236769380916, 1128.4236769380916, 1128.4236769380916, 1128.4236769380916, 1128.4236769380916, 1128.4236769380916, 1128.4236769380916, 1128.4236769380916, 1128.4236769380916, 1128.4236769380916, 1128.4236769380916, 1128.4236769380916, 1128.4236769380916, 1128.4236769380916, 1128.4236769380916, 1128.4236769380916, 1128.4236769380916, 1128.4236769380916, 1128.4236769380916, 1128.4236769380916, 1128.4236769380916, 1128.4236769380916, 1128.4236769380916, 1128.4236769380916, 1128.4236769380916, 1128.4236769380916, 1128.4236769380916, 1128.4236769380916, 1128.4236769380916, 1128.4236769380916, 1128.4236769380916, 1128.4236769380916, 1128.4236769380916, 1128.4236769380916, 1128.4236769380916, 1128.4236769380916, 1128.4236769380916, 1128.4236769380916, 1128.4236769380916, 1128.4236769380916, 1128.4236769380916, 1128.4236769380916, 1128.4236769380916, 1128.4236769380916, 1128.4236769380916, 1128.4236769380916, 1128.4236769380916, 1128.4236769380916, 1128.4236769380916, 1128.4236769380916, 1128.4236769380916, 1128.4236769380916, 1128.4236769380916, 1128.4236769380916, 1128.4236769380916, 1128.4236769380916, 1128.4236769380916, 1128.4236769380916, 1128.4236769380916, 1128.4236769380916, 1128.4236769380916, 1128.4236769380916, 1128.4236769380916, 1128.4236769380916, 1128.4236769380916, 1128.4236769380916, 1128.4236769380916, 1128.4236769380916, 1128.4236769380916, 1128.4236769380916, 1128.4236769380916, 1128.4236769380916, 1128.4236769380916, 1128.4236769380916, 1128.4236769380916, 1128.4236769380916, 1128.4236769380916, 1128.4236769380916, 1128.4236769380916, 1128.4236769380916, 1128.4236769380916, 1128.4236769380916, 1128.4236769380916, 1128.4236769380916, 1128.4236769380916, 1128.4236769380916, 1128.4236769380916, 1128.4236769380916, 1128.4236769380916, 1128.4236769380916, 1128.4236769380916, 1128.4236769380916, 1128.4236769380916, 1128.4236769380916, 1128.4236769380916, 1128.4236769380916, 1128.4236769380916, 1128.4236769380916, 1128.4236769380916, 1128.4236769380916, 1128.4236769380916, 1128.4236769380916, 1128.4236769380916, 1128.4236769380916, 1128.4236769380916, 1128.4236769380916, 1128.4236769380916, 1128.4236769380916, 1128.4236769380916, 1128.4236769380916, 1128.4236769380916, 1128.4236769380916, 1128.4236769380916, 1128.4236769380916, 1128.4236769380916, 1128.4236769380916, 1128.4236769380916, 1128.4236769380916, 1128.4236769380916, 1128.4236769380916, 1128.4236769380916, 1128.4236769380916, 1128.4236769380916, 1128.4236769380916, 1128.4236769380916, 1128.4236769380916, 1128.4236769380916, 1128.4236769380916, 1128.4236769380916, 1128.4236769380916, 1128.4236769380916, 1128.4236769380916, 1128.4236769380916, 1128.4236769380916, 1128.4236769380916, 1128.4236769380916, 1128.4236769380916, 1128.4236769380916, 1128.4236769380916, 1128.4236769380916, 1128.4236769380916, 1128.4236769380916, 1128.4236769380916, 1128.4236769380916, 1128.4236769380916, 1128.4236769380916, 1128.4236769380916, 1128.4236769380916, 1128.4236769380916, 1128.4236769380916, 1128.4236769380916, 1128.4236769380916, 1128.4236769380916, 1128.4236769380916, 1128.4236769380916, 1128.4236769380916, 1128.4236769380916, 1128.4236769380916, 1128.4236769380916, 1128.4236769380916, 1128.4236769380916, 1128.4236769380916, 1128.4236769380916, 1128.4236769380916, 1128.4236769380916, 1128.4236769380916, 1128.4236769380916, 1128.4236769380916, 1128.4236769380916, 1128.4236769380916, 1128.4236769380916, 1128.4236769380916, 1128.4236769380916, 1128.4236769380916, 1128.4236769380916, 1128.4236769380916, 1128.4236769380916, 1128.4236769380916, 1128.4236769380916, 1128.4236769380916, 1128.4236769380916, 1128.4236769380916, 1128.4236769380916, 1128.4236769380916, 1128.4236769380916, 1128.4236769380916, 1128.4236769380916, 1128.4236769380916, 1128.4236769380916, 1128.4236769380916, 1128.4236769380916, 1128.4236769380916, 1128.4236769380916, 1128.4236769380916, 1128.4236769380916, 1128.4236769380916, 1128.4236769380916, 1128.4236769380916, 1128.4236769380916, 1128.4236769380916, 1128.4236769380916, 1128.4236769380916, 1128.4236769380916, 1128.4236769380916, 1128.4236769380916, 1128.4236769380916, 1128.4236769380916, 1128.4236769380916, 1128.4236769380916, 1128.4236769380916, 1128.4236769380916, 1128.4236769380916, 1128.4236769380916, 1128.4236769380916, 1128.4236769380916, 1128.4236769380916, 1128.4236769380916, 1128.4236769380916, 1128.4236769380916, 1128.4236769380916, 1128.4236769380916, 1128.4236769380916, 1128.4236769380916, 1128.4236769380916, 1128.4236769380916, 1128.4236769380916, 1128.4236769380916, 1128.4236769380916, 1128.4236769380916, 1128.4236769380916, 1128.4236769380916, 1128.4236769380916, 1128.4236769380916, 1128.4236769380916, 1128.4236769380916, 1128.4236769380916, 1128.4236769380916, 1128.4236769380916, 1128.4236769380916, 1128.4236769380916, 1128.4236769380916, 1128.4236769380916, 1128.4236769380916, 1128.4236769380916, 1128.4236769380916, 1128.4236769380916, 1128.4236769380916, 1128.4236769380916, 1128.4236769380916, 1128.4236769380916, 1128.4236769380916, 1128.4236769380916, 1128.4236769380916, 1128.4236769380916, 1128.4236769380916, 1128.4236769380916, 1128.4236769380916, 1128.4236769380916, 1128.4236769380916, 1128.4236769380916, 1128.4236769380916, 1128.4236769380916, 1128.4236769380916, 1128.4236769380916, 1128.4236769380916, 1128.4236769380916, 1128.4236769380916, 1128.4236769380916, 1128.4236769380916, 1128.4236769380916, 1128.4236769380916, 1128.4236769380916, 1128.4236769380916, 1128.4236769380916, 1128.4236769380916, 1128.4236769380916, 1128.4236769380916, 1128.4236769380916, 1128.4236769380916, 1128.4236769380916, 1128.4236769380916, 1128.4236769380916, 1128.4236769380916, 1128.4236769380916, 1128.4236769380916, 1128.4236769380916, 1128.4236769380916, 1128.4236769380916, 1128.4236769380916, 1128.4236769380916, 1128.4236769380916, 1128.4236769380916, 1128.4236769380916, 1128.4236769380916, 1128.4236769380916, 1128.4236769380916, 1128.4236769380916, 1128.4236769380916, 1128.4236769380916, 1128.4236769380916, 1128.4236769380916, 1128.4236769380916, 1128.4236769380916, 1128.4236769380916, 1128.4236769380916, 1128.4236769380916, 1128.4236769380916, 1128.4236769380916, 1128.4236769380916, 1128.4236769380916, 1128.4236769380916, 1128.4236769380916, 1128.4236769380916, 1128.4236769380916, 1128.4236769380916, 1128.4236769380916, 1128.4236769380916, 1128.4236769380916, 1128.4236769380916, 1128.4236769380916, 1128.4236769380916, 1128.4236769380916, 1128.4236769380916, 1128.4236769380916, 1128.4236769380916, 1128.4236769380916, 1128.4236769380916, 1128.4236769380916, 1128.4236769380916, 1128.4236769380916, 1128.4236769380916, 1128.4236769380916, 1128.4236769380916, 1128.4236769380916, 1128.4236769380916, 1128.4236769380916, 1128.4236769380916, 1128.4236769380916, 1128.4236769380916, 1128.4236769380916, 1128.4236769380916, 1128.4236769380916, 1128.4236769380916, 1128.4236769380916, 1128.4236769380916, 1128.4236769380916, 1128.4236769380916, 1128.4236769380916, 1128.4236769380916, 1128.4236769380916, 1128.4236769380916, 1128.4236769380916, 1128.4236769380916, 1128.4236769380916, 1128.4236769380916, 1128.4236769380916, 1128.4236769380916, 1128.4236769380916, 1128.4236769380916, 1128.4236769380916, 1128.4236769380916, 1128.4236769380916, 1128.4236769380916, 1128.4236769380916, 1128.4236769380916, 1128.4236769380916, 1128.4236769380916, 1128.4236769380916, 1128.4236769380916, 1128.4236769380916, 1128.4236769380916, 1128.4236769380916, 1128.4236769380916, 1128.4236769380916, 1128.4236769380916, 1128.4236769380916, 1128.4236769380916, 1128.4236769380916, 1128.4236769380916, 1128.4236769380916, 1128.4236769380916, 1128.4236769380916, 1128.4236769380916, 1128.4236769380916, 1128.4236769380916, 1128.4236769380916, 1128.4236769380916, 1128.4236769380916, 1128.4236769380916, 1128.4236769380916, 1128.4236769380916, 1128.4236769380916, 1128.4236769380916, 1128.4236769380916, 1128.4236769380916, 1128.4236769380916, 1128.4236769380916, 1128.4236769380916, 1128.4236769380916, 1128.4236769380916, 1128.4236769380916, 1128.4236769380916, 1128.4236769380916, 1128.4236769380916, 1128.4236769380916, 1128.4236769380916, 1128.4236769380916, 1128.4236769380916, 1128.4236769380916, 1128.4236769380916, 1128.4236769380916, 1128.4236769380916, 1128.4236769380916, 1128.4236769380916, 1128.4236769380916, 1128.4236769380916, 1128.4236769380916, 1128.4236769380916, 1128.4236769380916, 1128.4236769380916, 1128.4236769380916, 1128.4236769380916, 1128.4236769380916, 1128.4236769380916, 1128.4236769380916, 1128.4236769380916, 1128.4236769380916, 1128.4236769380916, 1128.4236769380916, 1128.4236769380916, 1128.4236769380916, 1128.4236769380916, 1128.4236769380916, 1128.4236769380916, 1128.4236769380916, 1128.4236769380916, 1128.4236769380916, 1128.4236769380916, 1128.4236769380916, 1128.4236769380916, 1128.4236769380916, 1128.4236769380916, 1128.4236769380916, 1128.4236769380916, 1128.4236769380916, 1128.4236769380916, 1128.4236769380916, 1128.4236769380916, 1128.4236769380916, 1128.4236769380916, 1128.4236769380916, 1128.4236769380916, 1128.4236769380916, 1128.4236769380916, 1128.4236769380916, 1128.4236769380916, 1128.4236769380916, 1128.4236769380916, 1128.4236769380916, 1128.4236769380916, 1128.4236769380916, 1128.4236769380916, 1128.4236769380916, 1128.4236769380916, 1128.4236769380916, 1128.4236769380916, 1128.4236769380916, 1128.4236769380916, 1128.4236769380916, 1128.4236769380916, 1128.4236769380916, 1128.4236769380916, 1128.4236769380916, 1128.4236769380916, 1128.4236769380916, 1128.4236769380916, 1128.4236769380916, 1128.4236769380916, 1128.4236769380916, 1128.4236769380916, 1128.4236769380916, 1128.4236769380916, 1128.4236769380916, 1128.4236769380916, 1128.4236769380916, 1128.4236769380916, 1128.4236769380916, 1128.4236769380916, 1128.4236769380916, 1128.4236769380916, 1128.4236769380916, 1128.4236769380916, 1128.4236769380916, 1128.4236769380916, 1128.4236769380916, 1128.4236769380916, 1128.4236769380916, 1128.4236769380916, 1128.4236769380916, 1128.4236769380916, 1128.4236769380916, 1128.4236769380916, 1128.4236769380916, 1128.4236769380916, 1128.4236769380916, 1128.4236769380916, 1128.4236769380916, 1128.4236769380916, 1128.4236769380916, 1128.4236769380916, 1128.4236769380916, 1128.4236769380916, 1128.4236769380916, 1128.4236769380916, 1128.4236769380916, 1128.4236769380916, 1128.4236769380916, 1128.4236769380916, 1128.4236769380916, 1128.4236769380916, 1128.4236769380916, 1128.4236769380916, 1128.4236769380916, 1128.4236769380916, 1128.4236769380916, 1128.4236769380916, 1128.4236769380916, 1128.4236769380916, 1128.4236769380916, 1128.4236769380916, 1128.4236769380916, 1128.4236769380916, 1128.4236769380916, 1128.4236769380916, 1128.4236769380916, 1128.4236769380916, 1128.4236769380916, 1128.4236769380916, 1128.4236769380916, 1128.4236769380916, 1128.4236769380916, 1128.4236769380916, 1128.4236769380916, 1128.4236769380916, 1128.4236769380916, 1128.4236769380916, 1128.4236769380916, 1128.4236769380916, 1128.4236769380916, 1128.4236769380916, 1128.4236769380916, 1128.4236769380916, 1128.4236769380916, 1128.4236769380916, 1128.4236769380916, 1128.4236769380916, 1128.4236769380916, 1128.4236769380916, 1128.4236769380916, 1128.4236769380916, 1128.4236769380916, 1128.4236769380916, 1128.4236769380916, 1128.4236769380916, 1128.4236769380916, 1128.4236769380916, 1128.4236769380916, 1128.4236769380916, 1128.4236769380916, 1128.4236769380916, 1128.4236769380916, 1128.4236769380916, 1128.4236769380916, 1128.4236769380916, 1128.4236769380916, 1128.4236769380916, 1128.4236769380916, 1128.4236769380916, 1128.4236769380916, 1128.4236769380916, 1128.4236769380916, 1128.4236769380916, 1128.4236769380916, 1128.4236769380916, 1128.4236769380916, 1128.4236769380916, 1128.4236769380916, 1128.4236769380916, 1128.4236769380916, 1128.4236769380916, 1128.4236769380916, 1128.4236769380916, 1128.4236769380916, 1128.4236769380916, 1128.4236769380916, 1128.4236769380916, 1128.4236769380916, 1128.4236769380916, 1128.4236769380916, 1128.4236769380916, 1128.4236769380916, 1128.4236769380916, 1128.4236769380916, 1128.4236769380916, 1128.4236769380916, 1128.4236769380916, 1128.4236769380916, 1128.4236769380916, 1128.4236769380916, 1128.4236769380916, 1128.4236769380916, 1128.4236769380916, 1128.4236769380916, 1128.4236769380916, 1128.4236769380916, 1128.4236769380916, 1128.4236769380916, 1128.4236769380916, 1128.4236769380916, 1128.4236769380916, 1128.4236769380916, 1128.4236769380916, 1128.4236769380916, 1128.4236769380916, 1128.4236769380916, 1128.4236769380916, 1128.4236769380916, 1128.4236769380916, 1128.4236769380916, 1128.4236769380916, 1128.4236769380916, 1128.4236769380916, 1128.4236769380916, 1128.4236769380916, 1128.4236769380916, 1128.4236769380916, 1128.4236769380916, 1128.4236769380916, 1128.4236769380916, 1128.4236769380916, 1128.4236769380916, 1128.4236769380916, 1128.4236769380916, 1128.4236769380916, 1128.4236769380916, 1128.4236769380916, 1128.4236769380916, 1128.4236769380916, 1128.4236769380916, 1128.4236769380916, 1128.4236769380916, 1128.4236769380916, 1128.4236769380916, 1128.4236769380916, 1128.4236769380916, 1128.4236769380916, 1128.4236769380916, 1128.4236769380916, 1128.4236769380916, 1128.4236769380916, 1128.4236769380916, 1128.4236769380916, 1128.4236769380916, 1128.4236769380916, 1128.4236769380916, 1128.4236769380916, 1128.4236769380916, 1128.4236769380916, 1128.4236769380916, 1128.4236769380916, 1128.4236769380916, 1128.4236769380916, 1128.4236769380916, 1128.4236769380916, 1128.4236769380916, 1128.4236769380916, 1128.4236769380916, 1128.4236769380916, 1128.4236769380916, 1128.4236769380916, 1128.4236769380916, 1128.4236769380916, 1128.4236769380916]
Computational time : 100.09800005