Name : Ahmed ElMousel
Problem : X-n190-k8 
Whale Algorithm 
cost : 792.691892446
Routes : 
1->68->47->9->27->18->52->1
1->13->41->45->4->17->64->34->7->76->1
1->69->75->29->22->48->49->30->46->5->1
1->8->36->15->20->55->14->58->16->28->53->35->1
1->74->63->23->62->70->37->72->61->71->21->38->6->31->1
1->3->2->44->43->65->42->57->24->50->25->1
1->33->51->19->56->26->32->10->40->73->59->1
1->54->12->60->67->66->39->11->1
best solutions : 
[821.8769634297581, 821.8769634297581, 821.8769634297581, 821.8769634297581, 821.8769634297581, 821.8769634297581, 821.8769634297581, 821.8769634297581, 821.8769634297581, 821.8769634297581, 820.4226671896167, 814.498305621279, 814.498305621279, 808.5401508027154, 808.5401508027154, 808.5401508027154, 808.5401508027154, 808.5401508027154, 808.5401508027154, 808.5401508027154, 808.5401508027154, 805.989959235847, 805.989959235847, 805.989959235847, 805.989959235847, 805.989959235847, 803.602063460325, 803.602063460325, 803.602063460325, 803.602063460325, 803.602063460325, 803.602063460325, 803.602063460325, 803.602063460325, 803.602063460325, 803.602063460325, 803.602063460325, 803.602063460325, 803.602063460325, 803.602063460325, 802.1358748536436, 802.1358748536436, 802.1358748536436, 802.1358748536436, 802.1358748536436, 802.1358748536436, 802.1358748536436, 800.6000013737421, 800.0851846121135, 800.0851846121135, 800.0851846121135, 800.0851846121135, 799.3394594018839, 799.3394594018839, 798.9833062417458, 798.9833062417458, 798.9833062417458, 798.9833062417458, 798.9833062417458, 798.9833062417458, 798.9833062417458, 798.9833062417458, 798.9833062417458, 798.9833062417458, 798.9833062417458, 798.549311132212, 798.549311132212, 798.549311132212, 798.549311132212, 798.549311132212, 798.1181526639938, 798.1181526639938, 798.1181526639938, 798.1181526639938, 798.1181526639938, 798.1181526639938, 798.1181526639938, 798.1181526639938, 798.1181526639938, 798.1181526639938, 798.1181526639938, 798.1181526639938, 798.1181526639938, 798.1181526639938, 798.1181526639938, 798.1181526639938, 798.1181526639938, 798.1181526639938, 798.1181526639938, 798.1181526639938, 798.1181526639938, 798.1181526639938, 798.1181526639938, 798.1181526639938, 798.1181526639938, 798.1181526639938, 798.1181526639938, 798.1181526639938, 798.1181526639938, 797.9981670626883, 797.9981670626883, 797.9981670626883, 797.9981670626883, 797.9981670626883, 797.9981670626883, 796.8576106921355, 796.8576106921355, 796.8576106921355, 796.8576106921355, 796.8576106921355, 796.8576106921355, 796.8576106921355, 796.8576106921355, 796.8576106921355, 796.8576106921355, 796.8576106921355, 796.8576106921355, 796.8576106921355, 796.8576106921355, 796.8576106921355, 796.8576106921355, 796.8576106921355, 796.8576106921355, 796.8576106921355, 796.8576106921355, 796.8576106921355, 796.8576106921355, 796.8576106921355, 796.8576106921355, 796.8576106921355, 796.8576106921355, 796.8576106921355, 796.8576106921355, 796.8576106921355, 796.8576106921355, 796.8576106921355, 796.8576106921355, 796.8576106921355, 796.8576106921355, 796.8576106921355, 796.8576106921355, 796.8576106921355, 796.8576106921355, 796.8576106921355, 796.8576106921355, 796.8576106921355, 796.8576106921355, 796.8576106921355, 796.8576106921355, 796.8576106921355, 796.8576106921355, 796.8576106921355, 796.8576106921355, 796.8576106921355, 796.8576106921355, 796.8576106921355, 796.8576106921355, 796.8576106921355, 796.8576106921355, 796.8576106921355, 796.8576106921355, 796.8576106921355, 796.8576106921355, 796.8576106921355, 796.8576106921355, 796.8576106921355, 796.8576106921355, 796.8576106921355, 796.8576106921355, 796.8576106921355, 796.8576106921355, 796.8576106921355, 796.8576106921355, 796.8576106921355, 796.8576106921355, 796.8576106921355, 796.8576106921355, 796.8576106921355, 796.8576106921355, 796.8576106921355, 796.8576106921355, 796.8576106921355, 796.8576106921355, 796.8576106921355, 796.8576106921355, 796.8576106921355, 796.8576106921355, 796.8576106921355, 796.8576106921355, 796.8576106921355, 796.8576106921355, 796.8576106921355, 796.8576106921355, 796.8576106921355, 796.8576106921355, 796.8576106921355, 796.8576106921355, 796.8576106921355, 796.8576106921355, 796.8576106921355, 796.8576106921355, 796.8576106921355, 796.8576106921355, 796.8576106921355, 796.8576106921355, 796.8576106921355, 796.8576106921355, 796.8576106921355, 796.8576106921355, 796.8576106921355, 796.8576106921355, 796.8576106921355, 796.8576106921355, 796.8576106921355, 796.8576106921355, 796.8576106921355, 796.8576106921355, 796.8576106921355, 796.8576106921355, 796.8576106921355, 796.8576106921355, 796.8576106921355, 796.8576106921355, 796.8576106921355, 796.8576106921355, 796.8576106921355, 796.8576106921355, 796.8576106921355, 796.8576106921355, 796.8576106921355, 796.8576106921355, 796.8576106921355, 796.8576106921355, 796.8576106921355, 796.8576106921355, 796.8576106921355, 796.8576106921355, 796.8576106921355, 796.8576106921355, 796.8576106921355, 796.8576106921355, 796.8576106921355, 796.8576106921355, 796.8576106921355, 796.8576106921355, 796.8576106921355, 796.8576106921355, 796.8576106921355, 796.8576106921355, 796.8576106921355, 796.8576106921355, 796.8576106921355, 796.8576106921355, 796.8576106921355, 796.8576106921355, 796.8576106921355, 796.8576106921355, 796.8576106921355, 796.8576106921355, 796.8576106921355, 796.8576106921355, 796.8576106921355, 796.8576106921355, 796.8576106921355, 796.8576106921355, 796.8576106921355, 796.8576106921355, 796.8576106921355, 796.8576106921355, 796.8576106921355, 796.8576106921355, 796.8576106921355, 796.8576106921355, 796.8576106921355, 796.8576106921355, 796.8576106921355, 796.8576106921355, 796.8576106921355, 796.8576106921355, 796.8576106921355, 796.8576106921355, 796.8576106921355, 796.8576106921355, 796.8576106921355, 796.8576106921355, 796.8576106921355, 796.8576106921355, 796.8576106921355, 796.8576106921355, 796.8576106921355, 796.8576106921355, 796.8576106921355, 796.8576106921355, 796.8576106921355, 796.8576106921355, 796.8576106921355, 796.8576106921355, 796.8576106921355, 796.8576106921355, 796.8576106921355, 796.8576106921355, 796.8576106921355, 796.8576106921355, 796.8576106921355, 796.8576106921355, 796.8576106921355, 796.8576106921355, 796.8576106921355, 796.8576106921355, 796.8576106921355, 796.8576106921355, 796.8576106921355, 796.8576106921355, 796.8576106921355, 796.8576106921355, 796.8576106921355, 796.8576106921355, 796.8576106921355, 796.8576106921355, 796.8576106921355, 796.8576106921355, 796.8576106921355, 796.8576106921355, 796.8576106921355, 796.8576106921355, 796.8576106921355, 796.8576106921355, 796.8576106921355, 796.8576106921355, 796.8576106921355, 796.8576106921355, 796.8576106921355, 796.8576106921355, 796.8576106921355, 796.8576106921355, 796.8576106921355, 796.8576106921355, 796.8576106921355, 796.8576106921355, 796.8576106921355, 796.8576106921355, 796.8576106921355, 796.8576106921355, 796.8576106921355, 796.8576106921355, 796.8576106921355, 796.8576106921355, 795.0584698011052, 795.0584698011052, 795.0584698011052, 795.0584698011052, 795.0584698011052, 795.0584698011052, 795.0584698011052, 795.0584698011052, 795.0584698011052, 795.0584698011052, 795.0584698011052, 795.0584698011052, 795.0584698011052, 795.0584698011052, 795.0584698011052, 795.0584698011052, 795.0584698011052, 795.0584698011052, 795.0584698011052, 795.0584698011052, 795.0584698011052, 795.0584698011052, 795.0584698011052, 795.0584698011052, 795.0584698011052, 795.0584698011052, 795.0584698011052, 795.0584698011052, 795.0584698011052, 795.0584698011052, 795.0584698011052, 795.0584698011052, 795.0584698011052, 795.0584698011052, 795.0584698011052, 795.0584698011052, 795.0584698011052, 795.0584698011052, 795.0584698011052, 795.0584698011052, 795.0584698011052, 795.0584698011052, 795.0584698011052, 795.0584698011052, 795.0584698011052, 795.0584698011052, 795.0584698011052, 795.0584698011052, 795.0584698011052, 795.0584698011052, 795.0584698011052, 795.0584698011052, 795.0584698011052, 795.0584698011052, 795.0584698011052, 795.0584698011052, 795.0584698011052, 795.0584698011052, 795.0584698011052, 795.0584698011052, 795.0584698011052, 795.0584698011052, 795.0584698011052, 795.0584698011052, 795.0584698011052, 795.0584698011052, 795.0584698011052, 795.0584698011052, 795.0584698011052, 795.0584698011052, 795.0584698011052, 795.0584698011052, 795.0584698011052, 795.0584698011052, 795.0584698011052, 795.0584698011052, 795.0584698011052, 794.8242800934534, 794.8242800934534, 794.8242800934534, 794.8242800934534, 794.8242800934534, 794.8242800934534, 794.8242800934534, 794.8242800934534, 794.8242800934534, 794.8242800934534, 794.8242800934534, 794.8242800934534, 794.8242800934534, 794.8242800934534, 794.8242800934534, 794.8242800934534, 794.8242800934534, 794.8242800934534, 794.8242800934534, 794.8242800934534, 794.8242800934534, 794.8242800934534, 794.8242800934534, 794.8242800934534, 794.8242800934534, 794.8242800934534, 794.8242800934534, 794.8242800934534, 794.8242800934534, 794.8242800934534, 794.8242800934534, 794.8242800934534, 794.8242800934534, 794.8242800934534, 794.8242800934534, 794.8242800934534, 794.8242800934534, 794.8242800934534, 794.8242800934534, 794.8242800934534, 794.8242800934534, 794.8242800934534, 794.8242800934534, 794.8242800934534, 794.8242800934534, 794.8242800934534, 794.8242800934534, 794.8242800934534, 794.8242800934534, 794.8242800934534, 794.8242800934534, 794.8242800934534, 794.8242800934534, 794.8242800934534, 794.8242800934534, 794.8242800934534, 794.8242800934534, 794.8242800934534, 794.8242800934534, 794.8242800934534, 794.8242800934534, 794.8242800934534, 794.8242800934534, 794.8242800934534, 794.8242800934534, 794.8242800934534, 794.8242800934534, 794.8242800934534, 794.8242800934534, 794.8242800934534, 794.8242800934534, 794.8242800934534, 794.8242800934534, 794.8242800934534, 794.8242800934534, 794.8242800934534, 794.8242800934534, 794.8242800934534, 794.8242800934534, 794.8242800934534, 794.8242800934534, 794.8242800934534, 794.8242800934534, 794.8242800934534, 794.8242800934534, 794.8242800934534, 794.8242800934534, 794.8242800934534, 794.8242800934534, 794.8242800934534, 794.8242800934534, 794.8242800934534, 794.8242800934534, 794.8242800934534, 794.8242800934534, 794.8242800934534, 794.8242800934534, 794.8242800934534, 794.8242800934534, 794.8242800934534, 794.8242800934534, 794.8242800934534, 794.8242800934534, 794.8242800934534, 794.8242800934534, 794.8242800934534, 794.8242800934534, 794.8242800934534, 792.6918924462877, 792.6918924462877, 792.6918924462877, 792.6918924462877, 792.6918924462877, 792.6918924462877, 792.6918924462877, 792.6918924462877, 792.6918924462877, 792.6918924462877, 792.6918924462877, 792.6918924462877, 792.6918924462877, 792.6918924462877, 792.6918924462877, 792.6918924462877, 792.6918924462877, 792.6918924462877, 792.6918924462877, 792.6918924462877, 792.6918924462877, 792.6918924462877, 792.6918924462877, 792.6918924462877, 792.6918924462877, 792.6918924462877, 792.6918924462877, 792.6918924462877, 792.6918924462877, 792.6918924462877, 792.6918924462877, 792.6918924462877, 792.6918924462877, 792.6918924462877, 792.6918924462877, 792.6918924462877, 792.6918924462877, 792.6918924462877, 792.6918924462877, 792.6918924462877, 792.6918924462877, 792.6918924462877, 792.6918924462877, 792.6918924462877, 792.6918924462877, 792.6918924462877, 792.6918924462877, 792.6918924462877, 792.6918924462877, 792.6918924462877, 792.6918924462877, 792.6918924462877, 792.6918924462877, 792.6918924462877, 792.6918924462877, 792.6918924462877, 792.6918924462877, 792.6918924462877, 792.6918924462877, 792.6918924462877, 792.6918924462877, 792.6918924462877, 792.6918924462877, 792.6918924462877, 792.6918924462877, 792.6918924462877, 792.6918924462877, 792.6918924462877, 792.6918924462877, 792.6918924462877, 792.6918924462877, 792.6918924462877, 792.6918924462877, 792.6918924462877, 792.6918924462877, 792.6918924462877, 792.6918924462877, 792.6918924462877, 792.6918924462877, 792.6918924462877, 792.6918924462877, 792.6918924462877, 792.6918924462877, 792.6918924462877, 792.6918924462877, 792.6918924462877, 792.6918924462877, 792.6918924462877, 792.6918924462877, 792.6918924462877, 792.6918924462877, 792.6918924462877, 792.6918924462877, 792.6918924462877, 792.6918924462877, 792.6918924462877, 792.6918924462877, 792.6918924462877, 792.6918924462877, 792.6918924462877, 792.6918924462877, 792.6918924462877, 792.6918924462877, 792.6918924462877, 792.6918924462877, 792.6918924462877, 792.6918924462877, 792.6918924462877, 792.6918924462877, 792.6918924462877, 792.6918924462877, 792.6918924462877, 792.6918924462877, 792.6918924462877, 792.6918924462877, 792.6918924462877, 792.6918924462877, 792.6918924462877, 792.6918924462877, 792.6918924462877, 792.6918924462877, 792.6918924462877, 792.6918924462877, 792.6918924462877, 792.6918924462877, 792.6918924462877, 792.6918924462877, 792.6918924462877, 792.6918924462877, 792.6918924462877, 792.6918924462877, 792.6918924462877, 792.6918924462877, 792.6918924462877, 792.6918924462877, 792.6918924462877, 792.6918924462877, 792.6918924462877, 792.6918924462877, 792.6918924462877, 792.6918924462877, 792.6918924462877, 792.6918924462877, 792.6918924462877, 792.6918924462877, 792.6918924462877, 792.6918924462877, 792.6918924462877, 792.6918924462877, 792.6918924462877, 792.6918924462877, 792.6918924462877, 792.6918924462877, 792.6918924462877, 792.6918924462877, 792.6918924462877, 792.6918924462877, 792.6918924462877, 792.6918924462877, 792.6918924462877, 792.6918924462877, 792.6918924462877, 792.6918924462877, 792.6918924462877, 792.6918924462877, 792.6918924462877, 792.6918924462877, 792.6918924462877, 792.6918924462877, 792.6918924462877, 792.6918924462877, 792.6918924462877, 792.6918924462877, 792.6918924462877, 792.6918924462877, 792.6918924462877, 792.6918924462877, 792.6918924462877, 792.6918924462877, 792.6918924462877, 792.6918924462877, 792.6918924462877, 792.6918924462877, 792.6918924462877, 792.6918924462877, 792.6918924462877, 792.6918924462877, 792.6918924462877, 792.6918924462877, 792.6918924462877, 792.6918924462877, 792.6918924462877, 792.6918924462877, 792.6918924462877, 792.6918924462877, 792.6918924462877, 792.6918924462877, 792.6918924462877, 792.6918924462877, 792.6918924462877, 792.6918924462877, 792.6918924462877, 792.6918924462877, 792.6918924462877, 792.6918924462877, 792.6918924462877, 792.6918924462877, 792.6918924462877, 792.6918924462877, 792.6918924462877, 792.6918924462877, 792.6918924462877, 792.6918924462877, 792.6918924462877, 792.6918924462877, 792.6918924462877, 792.6918924462877, 792.6918924462877, 792.6918924462877, 792.6918924462877, 792.6918924462877, 792.6918924462877, 792.6918924462877, 792.6918924462877, 792.6918924462877, 792.6918924462877, 792.6918924462877, 792.6918924462877, 792.6918924462877, 792.6918924462877, 792.6918924462877, 792.6918924462877, 792.6918924462877, 792.6918924462877, 792.6918924462877, 792.6918924462877, 792.6918924462877, 792.6918924462877, 792.6918924462877, 792.6918924462877, 792.6918924462877, 792.6918924462877, 792.6918924462877, 792.6918924462877, 792.6918924462877, 792.6918924462877, 792.6918924462877, 792.6918924462877, 792.6918924462877, 792.6918924462877, 792.6918924462877, 792.6918924462877, 792.6918924462877, 792.6918924462877, 792.6918924462877, 792.6918924462877, 792.6918924462877, 792.6918924462877, 792.6918924462877, 792.6918924462877, 792.6918924462877, 792.6918924462877, 792.6918924462877, 792.6918924462877, 792.6918924462877, 792.6918924462877, 792.6918924462877, 792.6918924462877, 792.6918924462877, 792.6918924462877, 792.6918924462877, 792.6918924462877, 792.6918924462877, 792.6918924462877, 792.6918924462877, 792.6918924462877, 792.6918924462877, 792.6918924462877, 792.6918924462877, 792.6918924462877, 792.6918924462877, 792.6918924462877, 792.6918924462877, 792.6918924462877, 792.6918924462877, 792.6918924462877, 792.6918924462877, 792.6918924462877, 792.6918924462877, 792.6918924462877, 792.6918924462877, 792.6918924462877, 792.6918924462877, 792.6918924462877, 792.6918924462877, 792.6918924462877, 792.6918924462877, 792.6918924462877, 792.6918924462877, 792.6918924462877, 792.6918924462877, 792.6918924462877, 792.6918924462877, 792.6918924462877, 792.6918924462877, 792.6918924462877, 792.6918924462877, 792.6918924462877, 792.6918924462877, 792.6918924462877, 792.6918924462877, 792.6918924462877, 792.6918924462877, 792.6918924462877, 792.6918924462877, 792.6918924462877, 792.6918924462877, 792.6918924462877, 792.6918924462877, 792.6918924462877, 792.6918924462877, 792.6918924462877, 792.6918924462877, 792.6918924462877, 792.6918924462877, 792.6918924462877, 792.6918924462877, 792.6918924462877, 792.6918924462877, 792.6918924462877, 792.6918924462877, 792.6918924462877, 792.6918924462877, 792.6918924462877, 792.6918924462877, 792.6918924462877, 792.6918924462877, 792.6918924462877, 792.6918924462877, 792.6918924462877, 792.6918924462877, 792.6918924462877, 792.6918924462877, 792.6918924462877, 792.6918924462877, 792.6918924462877, 792.6918924462877, 792.6918924462877, 792.6918924462877, 792.6918924462877, 792.6918924462877, 792.6918924462877, 792.6918924462877, 792.6918924462877, 792.6918924462877, 792.6918924462877, 792.6918924462877, 792.6918924462877, 792.6918924462877, 792.6918924462877, 792.6918924462877, 792.6918924462877, 792.6918924462877, 792.6918924462877, 792.6918924462877, 792.6918924462877, 792.6918924462877, 792.6918924462877, 792.6918924462877, 792.6918924462877, 792.6918924462877, 792.6918924462877, 792.6918924462877, 792.6918924462877, 792.6918924462877, 792.6918924462877, 792.6918924462877, 792.6918924462877, 792.6918924462877, 792.6918924462877, 792.6918924462877, 792.6918924462877, 792.6918924462877, 792.6918924462877, 792.6918924462877, 792.6918924462877, 792.6918924462877, 792.6918924462877, 792.6918924462877, 792.6918924462877, 792.6918924462877, 792.6918924462877, 792.6918924462877, 792.6918924462877, 792.6918924462877, 792.6918924462877, 792.6918924462877, 792.6918924462877, 792.6918924462877, 792.6918924462877, 792.6918924462877, 792.6918924462877, 792.6918924462877, 792.6918924462877, 792.6918924462877, 792.6918924462877, 792.6918924462877, 792.6918924462877, 792.6918924462877, 792.6918924462877, 792.6918924462877, 792.6918924462877, 792.6918924462877, 792.6918924462877, 792.6918924462877, 792.6918924462877, 792.6918924462877, 792.6918924462877, 792.6918924462877, 792.6918924462877, 792.6918924462877, 792.6918924462877, 792.6918924462877, 792.6918924462877, 792.6918924462877, 792.6918924462877, 792.6918924462877, 792.6918924462877, 792.6918924462877, 792.6918924462877, 792.6918924462877, 792.6918924462877, 792.6918924462877, 792.6918924462877, 792.6918924462877, 792.6918924462877, 792.6918924462877, 792.6918924462877, 792.6918924462877, 792.6918924462877, 792.6918924462877, 792.6918924462877, 792.6918924462877, 792.6918924462877, 792.6918924462877, 792.6918924462877, 792.6918924462877, 792.6918924462877, 792.6918924462877, 792.6918924462877, 792.6918924462877, 792.6918924462877, 792.6918924462877, 792.6918924462877, 792.6918924462877, 792.6918924462877, 792.6918924462877, 792.6918924462877, 792.6918924462877, 792.6918924462877, 792.6918924462877, 792.6918924462877, 792.6918924462877, 792.6918924462877, 792.6918924462877, 792.6918924462877, 792.6918924462877, 792.6918924462877, 792.6918924462877, 792.6918924462877, 792.6918924462877, 792.6918924462877, 792.6918924462877, 792.6918924462877, 792.6918924462877, 792.6918924462877, 792.6918924462877, 792.6918924462877, 792.6918924462877, 792.6918924462877, 792.6918924462877, 792.6918924462877, 792.6918924462877, 792.6918924462877, 792.6918924462877, 792.6918924462877, 792.6918924462877, 792.6918924462877, 792.6918924462877, 792.6918924462877, 792.6918924462877, 792.6918924462877, 792.6918924462877, 792.6918924462877, 792.6918924462877, 792.6918924462877, 792.6918924462877, 792.6918924462877, 792.6918924462877, 792.6918924462877, 792.6918924462877, 792.6918924462877, 792.6918924462877, 792.6918924462877, 792.6918924462877, 792.6918924462877, 792.6918924462877, 792.6918924462877, 792.6918924462877, 792.6918924462877, 792.6918924462877, 792.6918924462877, 792.6918924462877, 792.6918924462877, 792.6918924462877, 792.6918924462877, 792.6918924462877, 792.6918924462877, 792.6918924462877, 792.6918924462877, 792.6918924462877, 792.6918924462877, 792.6918924462877, 792.6918924462877, 792.6918924462877, 792.6918924462877, 792.6918924462877, 792.6918924462877, 792.6918924462877, 792.6918924462877, 792.6918924462877, 792.6918924462877, 792.6918924462877, 792.6918924462877, 792.6918924462877, 792.6918924462877, 792.6918924462877, 792.6918924462877, 792.6918924462877, 792.6918924462877, 792.6918924462877, 792.6918924462877, 792.6918924462877, 792.6918924462877, 792.6918924462877, 792.6918924462877, 792.6918924462877, 792.6918924462877, 792.6918924462877, 792.6918924462877, 792.6918924462877, 792.6918924462877, 792.6918924462877, 792.6918924462877, 792.6918924462877, 792.6918924462877, 792.6918924462877, 792.6918924462877, 792.6918924462877, 792.6918924462877, 792.6918924462877, 792.6918924462877, 792.6918924462877, 792.6918924462877, 792.6918924462877, 792.6918924462877, 792.6918924462877, 792.6918924462877, 792.6918924462877, 792.6918924462877, 792.6918924462877, 792.6918924462877, 792.6918924462877, 792.6918924462877, 792.6918924462877, 792.6918924462877, 792.6918924462877, 792.6918924462877, 792.6918924462877, 792.6918924462877, 792.6918924462877, 792.6918924462877, 792.6918924462877, 792.6918924462877, 792.6918924462877, 792.6918924462877, 792.6918924462877, 792.6918924462877, 792.6918924462877, 792.6918924462877, 792.6918924462877, 792.6918924462877, 792.6918924462877, 792.6918924462877, 792.6918924462877, 792.6918924462877, 792.6918924462877, 792.6918924462877, 792.6918924462877, 792.6918924462877, 792.6918924462877, 792.6918924462877, 792.6918924462877, 792.6918924462877, 792.6918924462877, 792.6918924462877, 792.6918924462877, 792.6918924462877, 792.6918924462877, 792.6918924462877, 792.6918924462877, 792.6918924462877, 792.6918924462877, 792.6918924462877, 792.6918924462877, 792.6918924462877, 792.6918924462877, 792.6918924462877, 792.6918924462877, 792.6918924462877, 792.6918924462877, 792.6918924462877, 792.6918924462877, 792.6918924462877, 792.6918924462877, 792.6918924462877, 792.6918924462877, 792.6918924462877, 792.6918924462877, 792.6918924462877, 792.6918924462877, 792.6918924462877, 792.6918924462877, 792.6918924462877, 792.6918924462877, 792.6918924462877, 792.6918924462877, 792.6918924462877, 792.6918924462877, 792.6918924462877, 792.6918924462877, 792.6918924462877, 792.6918924462877, 792.6918924462877, 792.6918924462877, 792.6918924462877, 792.6918924462877, 792.6918924462877, 792.6918924462877, 792.6918924462877, 792.6918924462877, 792.6918924462877, 792.6918924462877, 792.6918924462877, 792.6918924462877, 792.6918924462877, 792.6918924462877, 792.6918924462877, 792.6918924462877, 792.6918924462877, 792.6918924462877, 792.6918924462877, 792.6918924462877, 792.6918924462877, 792.6918924462877, 792.6918924462877, 792.6918924462877, 792.6918924462877, 792.6918924462877, 792.6918924462877, 792.6918924462877, 792.6918924462877, 792.6918924462877, 792.6918924462877, 792.6918924462877, 792.6918924462877, 792.6918924462877, 792.6918924462877, 792.6918924462877, 792.6918924462877, 792.6918924462877, 792.6918924462877, 792.6918924462877, 792.6918924462877, 792.6918924462877, 792.6918924462877, 792.6918924462877, 792.6918924462877, 792.6918924462877, 792.6918924462877, 792.6918924462877, 792.6918924462877, 792.6918924462877, 792.6918924462877, 792.6918924462877, 792.6918924462877, 792.6918924462877, 792.6918924462877, 792.6918924462877, 792.6918924462877, 792.6918924462877, 792.6918924462877, 792.6918924462877, 792.6918924462877, 792.6918924462877, 792.6918924462877, 792.6918924462877, 792.6918924462877, 792.6918924462877, 792.6918924462877, 792.6918924462877, 792.6918924462877, 792.6918924462877, 792.6918924462877, 792.6918924462877, 792.6918924462877, 792.6918924462877, 792.6918924462877, 792.6918924462877, 792.6918924462877, 792.6918924462877, 792.6918924462877, 792.6918924462877, 792.6918924462877, 792.6918924462877, 792.6918924462877, 792.6918924462877, 792.6918924462877, 792.6918924462877, 792.6918924462877, 792.6918924462877, 792.6918924462877, 792.6918924462877, 792.6918924462877, 792.6918924462877, 792.6918924462877, 792.6918924462877, 792.6918924462877, 792.6918924462877, 792.6918924462877, 792.6918924462877, 792.6918924462877, 792.6918924462877, 792.6918924462877, 792.6918924462877, 792.6918924462877, 792.6918924462877, 792.6918924462877, 792.6918924462877, 792.6918924462877, 792.6918924462877, 792.6918924462877, 792.6918924462877, 792.6918924462877, 792.6918924462877, 792.6918924462877, 792.6918924462877, 792.6918924462877, 792.6918924462877, 792.6918924462877, 792.6918924462877, 792.6918924462877, 792.6918924462877, 792.6918924462877, 792.6918924462877, 792.6918924462877, 792.6918924462877, 792.6918924462877, 792.6918924462877, 792.6918924462877, 792.6918924462877, 792.6918924462877, 792.6918924462877, 792.6918924462877, 792.6918924462877, 792.6918924462877, 792.6918924462877, 792.6918924462877, 792.6918924462877, 792.6918924462877, 792.6918924462877, 792.6918924462877, 792.6918924462877, 792.6918924462877, 792.6918924462877, 792.6918924462877, 792.6918924462877, 792.6918924462877, 792.6918924462877, 792.6918924462877, 792.6918924462877, 792.6918924462877, 792.6918924462877, 792.6918924462877, 792.6918924462877, 792.6918924462877, 792.6918924462877, 792.6918924462877, 792.6918924462877, 792.6918924462877, 792.6918924462877, 792.6918924462877, 792.6918924462877, 792.6918924462877, 792.6918924462877, 792.6918924462877, 792.6918924462877, 792.6918924462877, 792.6918924462877, 792.6918924462877, 792.6918924462877, 792.6918924462877, 792.6918924462877, 792.6918924462877, 792.6918924462877, 792.6918924462877, 792.6918924462877, 792.6918924462877, 792.6918924462877, 792.6918924462877, 792.6918924462877, 792.6918924462877, 792.6918924462877, 792.6918924462877, 792.6918924462877, 792.6918924462877, 792.6918924462877, 792.6918924462877, 792.6918924462877, 792.6918924462877, 792.6918924462877, 792.6918924462877, 792.6918924462877, 792.6918924462877, 792.6918924462877, 792.6918924462877, 792.6918924462877, 792.6918924462877, 792.6918924462877, 792.6918924462877, 792.6918924462877, 792.6918924462877, 792.6918924462877, 792.6918924462877, 792.6918924462877, 792.6918924462877, 792.6918924462877, 792.6918924462877, 792.6918924462877, 792.6918924462877, 792.6918924462877, 792.6918924462877, 792.6918924462877, 792.6918924462877, 792.6918924462877, 792.6918924462877, 792.6918924462877, 792.6918924462877, 792.6918924462877, 792.6918924462877, 792.6918924462877, 792.6918924462877, 792.6918924462877, 792.6918924462877, 792.6918924462877, 792.6918924462877, 792.6918924462877, 792.6918924462877, 792.6918924462877, 792.6918924462877, 792.6918924462877, 792.6918924462877, 792.6918924462877, 792.6918924462877, 792.6918924462877, 792.6918924462877, 792.6918924462877, 792.6918924462877, 792.6918924462877, 792.6918924462877, 792.6918924462877, 792.6918924462877, 792.6918924462877, 792.6918924462877, 792.6918924462877, 792.6918924462877, 792.6918924462877, 792.6918924462877, 792.6918924462877, 792.6918924462877, 792.6918924462877, 792.6918924462877, 792.6918924462877, 792.6918924462877, 792.6918924462877, 792.6918924462877, 792.6918924462877, 792.6918924462877, 792.6918924462877, 792.6918924462877, 792.6918924462877, 792.6918924462877, 792.6918924462877, 792.6918924462877, 792.6918924462877, 792.6918924462877, 792.6918924462877, 792.6918924462877, 792.6918924462877, 792.6918924462877, 792.6918924462877, 792.6918924462877, 792.6918924462877, 792.6918924462877, 792.6918924462877, 792.6918924462877, 792.6918924462877, 792.6918924462877, 792.6918924462877, 792.6918924462877, 792.6918924462877, 792.6918924462877, 792.6918924462877, 792.6918924462877, 792.6918924462877, 792.6918924462877, 792.6918924462877, 792.6918924462877, 792.6918924462877, 792.6918924462877, 792.6918924462877, 792.6918924462877, 792.6918924462877, 792.6918924462877, 792.6918924462877, 792.6918924462877, 792.6918924462877, 792.6918924462877, 792.6918924462877, 792.6918924462877, 792.6918924462877, 792.6918924462877, 792.6918924462877, 792.6918924462877, 792.6918924462877, 792.6918924462877, 792.6918924462877, 792.6918924462877, 792.6918924462877, 792.6918924462877, 792.6918924462877, 792.6918924462877, 792.6918924462877, 792.6918924462877, 792.6918924462877, 792.6918924462877, 792.6918924462877, 792.6918924462877, 792.6918924462877, 792.6918924462877, 792.6918924462877, 792.6918924462877, 792.6918924462877, 792.6918924462877, 792.6918924462877, 792.6918924462877, 792.6918924462877, 792.6918924462877, 792.6918924462877, 792.6918924462877, 792.6918924462877, 792.6918924462877, 792.6918924462877, 792.6918924462877, 792.6918924462877, 792.6918924462877, 792.6918924462877, 792.6918924462877, 792.6918924462877, 792.6918924462877, 792.6918924462877, 792.6918924462877, 792.6918924462877, 792.6918924462877, 792.6918924462877, 792.6918924462877, 792.6918924462877, 792.6918924462877, 792.6918924462877, 792.6918924462877, 792.6918924462877, 792.6918924462877, 792.6918924462877, 792.6918924462877, 792.6918924462877, 792.6918924462877, 792.6918924462877, 792.6918924462877, 792.6918924462877, 792.6918924462877, 792.6918924462877, 792.6918924462877, 792.6918924462877, 792.6918924462877, 792.6918924462877, 792.6918924462877, 792.6918924462877, 792.6918924462877, 792.6918924462877, 792.6918924462877, 792.6918924462877, 792.6918924462877, 792.6918924462877, 792.6918924462877, 792.6918924462877, 792.6918924462877, 792.6918924462877, 792.6918924462877, 792.6918924462877, 792.6918924462877, 792.6918924462877, 792.6918924462877, 792.6918924462877, 792.6918924462877, 792.6918924462877, 792.6918924462877, 792.6918924462877, 792.6918924462877, 792.6918924462877, 792.6918924462877, 792.6918924462877, 792.6918924462877, 792.6918924462877, 792.6918924462877, 792.6918924462877, 792.6918924462877, 792.6918924462877, 792.6918924462877, 792.6918924462877, 792.6918924462877, 792.6918924462877, 792.6918924462877, 792.6918924462877, 792.6918924462877, 792.6918924462877, 792.6918924462877, 792.6918924462877, 792.6918924462877, 792.6918924462877, 792.6918924462877, 792.6918924462877, 792.6918924462877, 792.6918924462877, 792.6918924462877, 792.6918924462877, 792.6918924462877, 792.6918924462877, 792.6918924462877, 792.6918924462877, 792.6918924462877, 792.6918924462877, 792.6918924462877, 792.6918924462877, 792.6918924462877, 792.6918924462877, 792.6918924462877, 792.6918924462877, 792.6918924462877, 792.6918924462877, 792.6918924462877, 792.6918924462877, 792.6918924462877, 792.6918924462877, 792.6918924462877, 792.6918924462877, 792.6918924462877, 792.6918924462877, 792.6918924462877, 792.6918924462877, 792.6918924462877, 792.6918924462877, 792.6918924462877, 792.6918924462877, 792.6918924462877, 792.6918924462877, 792.6918924462877, 792.6918924462877, 792.6918924462877, 792.6918924462877, 792.6918924462877, 792.6918924462877, 792.6918924462877, 792.6918924462877, 792.6918924462877, 792.6918924462877, 792.6918924462877, 792.6918924462877, 792.6918924462877, 792.6918924462877, 792.6918924462877, 792.6918924462877, 792.6918924462877, 792.6918924462877, 792.6918924462877, 792.6918924462877, 792.6918924462877, 792.6918924462877, 792.6918924462877, 792.6918924462877, 792.6918924462877, 792.6918924462877, 792.6918924462877, 792.6918924462877, 792.6918924462877, 792.6918924462877, 792.6918924462877, 792.6918924462877, 792.6918924462877, 792.6918924462877, 792.6918924462877, 792.6918924462877, 792.6918924462877, 792.6918924462877, 792.6918924462877, 792.6918924462877, 792.6918924462877, 792.6918924462877, 792.6918924462877, 792.6918924462877, 792.6918924462877, 792.6918924462877, 792.6918924462877, 792.6918924462877, 792.6918924462877, 792.6918924462877, 792.6918924462877, 792.6918924462877, 792.6918924462877, 792.6918924462877, 792.6918924462877, 792.6918924462877, 792.6918924462877, 792.6918924462877, 792.6918924462877, 792.6918924462877, 792.6918924462877, 792.6918924462877, 792.6918924462877, 792.6918924462877, 792.6918924462877, 792.6918924462877, 792.6918924462877, 792.6918924462877, 792.6918924462877, 792.6918924462877, 792.6918924462877, 792.6918924462877, 792.6918924462877, 792.6918924462877, 792.6918924462877, 792.6918924462877, 792.6918924462877, 792.6918924462877, 792.6918924462877, 792.6918924462877, 792.6918924462877, 792.6918924462877, 792.6918924462877, 792.6918924462877, 792.6918924462877, 792.6918924462877, 792.6918924462877, 792.6918924462877, 792.6918924462877, 792.6918924462877, 792.6918924462877, 792.6918924462877, 792.6918924462877, 792.6918924462877, 792.6918924462877, 792.6918924462877, 792.6918924462877, 792.6918924462877, 792.6918924462877, 792.6918924462877, 792.6918924462877, 792.6918924462877, 792.6918924462877, 792.6918924462877, 792.6918924462877, 792.6918924462877, 792.6918924462877, 792.6918924462877, 792.6918924462877, 792.6918924462877, 792.6918924462877, 792.6918924462877, 792.6918924462877, 792.6918924462877, 792.6918924462877, 792.6918924462877, 792.6918924462877, 792.6918924462877, 792.6918924462877, 792.6918924462877, 792.6918924462877, 792.6918924462877, 792.6918924462877, 792.6918924462877, 792.6918924462877, 792.6918924462877, 792.6918924462877, 792.6918924462877, 792.6918924462877, 792.6918924462877, 792.6918924462877, 792.6918924462877, 792.6918924462877, 792.6918924462877, 792.6918924462877, 792.6918924462877, 792.6918924462877, 792.6918924462877, 792.6918924462877, 792.6918924462877, 792.6918924462877, 792.6918924462877, 792.6918924462877, 792.6918924462877, 792.6918924462877, 792.6918924462877, 792.6918924462877, 792.6918924462877, 792.6918924462877, 792.6918924462877, 792.6918924462877, 792.6918924462877, 792.6918924462877, 792.6918924462877, 792.6918924462877, 792.6918924462877, 792.6918924462877, 792.6918924462877, 792.6918924462877, 792.6918924462877, 792.6918924462877, 792.6918924462877, 792.6918924462877, 792.6918924462877, 792.6918924462877, 792.6918924462877, 792.6918924462877, 792.6918924462877, 792.6918924462877, 792.6918924462877, 792.6918924462877, 792.6918924462877, 792.6918924462877, 792.6918924462877, 792.6918924462877, 792.6918924462877, 792.6918924462877, 792.6918924462877, 792.6918924462877, 792.6918924462877, 792.6918924462877, 792.6918924462877, 792.6918924462877, 792.6918924462877, 792.6918924462877, 792.6918924462877, 792.6918924462877, 792.6918924462877, 792.6918924462877, 792.6918924462877, 792.6918924462877, 792.6918924462877]
Computational time : 258.312000036