Name : Ahmed ElMousel
Problem : X-n190-k8 
Whale Algorithm 
cost : 1128.59436667
Routes : 
1->37->9->22->13->33->6->11->1
1->26->42->24->53->25->45->51->49->19->3->52->12->16->48->36->1
1->5->8->43->32->21->47->27->1
1->38->15->4->18->35->34->1
1->31->23->20->28->29->14->55->1
1->54->10->50->40->17->39->41->1
1->30->1
1->7->2->46->44->1
1->1
best solutions : 
[1128.594366667875, 1128.594366667875, 1128.594366667875, 1128.594366667875, 1128.594366667875, 1128.594366667875, 1128.594366667875, 1128.594366667875, 1128.594366667875, 1128.594366667875, 1128.594366667875, 1128.594366667875, 1128.594366667875, 1128.594366667875, 1128.594366667875, 1128.594366667875, 1128.594366667875, 1128.594366667875, 1128.594366667875, 1128.594366667875, 1128.594366667875, 1128.594366667875, 1128.594366667875, 1128.594366667875, 1128.594366667875, 1128.594366667875, 1128.594366667875, 1128.594366667875, 1128.594366667875, 1128.594366667875, 1128.594366667875, 1128.594366667875, 1128.594366667875, 1128.594366667875, 1128.594366667875, 1128.594366667875, 1128.594366667875, 1128.594366667875, 1128.594366667875, 1128.594366667875, 1128.594366667875, 1128.594366667875, 1128.594366667875, 1128.594366667875, 1128.594366667875, 1128.594366667875, 1128.594366667875, 1128.594366667875, 1128.594366667875, 1128.594366667875, 1128.594366667875, 1128.594366667875, 1128.594366667875, 1128.594366667875, 1128.594366667875, 1128.594366667875, 1128.594366667875, 1128.594366667875, 1128.594366667875, 1128.594366667875, 1128.594366667875, 1128.594366667875, 1128.594366667875, 1128.594366667875, 1128.594366667875, 1128.594366667875, 1128.594366667875, 1128.594366667875, 1128.594366667875, 1128.594366667875, 1128.594366667875, 1128.594366667875, 1128.594366667875, 1128.594366667875, 1128.594366667875, 1128.594366667875, 1128.594366667875, 1128.594366667875, 1128.594366667875, 1128.594366667875, 1128.594366667875, 1128.594366667875, 1128.594366667875, 1128.594366667875, 1128.594366667875, 1128.594366667875, 1128.594366667875, 1128.594366667875, 1128.594366667875, 1128.594366667875, 1128.594366667875, 1128.594366667875, 1128.594366667875, 1128.594366667875, 1128.594366667875, 1128.594366667875, 1128.594366667875, 1128.594366667875, 1128.594366667875, 1128.594366667875, 1128.594366667875, 1128.594366667875, 1128.594366667875, 1128.594366667875, 1128.594366667875, 1128.594366667875, 1128.594366667875, 1128.594366667875, 1128.594366667875, 1128.594366667875, 1128.594366667875, 1128.594366667875, 1128.594366667875, 1128.594366667875, 1128.594366667875, 1128.594366667875, 1128.594366667875, 1128.594366667875, 1128.594366667875, 1128.594366667875, 1128.594366667875, 1128.594366667875, 1128.594366667875, 1128.594366667875, 1128.594366667875, 1128.594366667875, 1128.594366667875, 1128.594366667875, 1128.594366667875, 1128.594366667875, 1128.594366667875, 1128.594366667875, 1128.594366667875, 1128.594366667875, 1128.594366667875, 1128.594366667875, 1128.594366667875, 1128.594366667875, 1128.594366667875, 1128.594366667875, 1128.594366667875, 1128.594366667875, 1128.594366667875, 1128.594366667875, 1128.594366667875, 1128.594366667875, 1128.594366667875, 1128.594366667875, 1128.594366667875, 1128.594366667875, 1128.594366667875, 1128.594366667875, 1128.594366667875, 1128.594366667875, 1128.594366667875, 1128.594366667875, 1128.594366667875, 1128.594366667875, 1128.594366667875, 1128.594366667875, 1128.594366667875, 1128.594366667875, 1128.594366667875, 1128.594366667875, 1128.594366667875, 1128.594366667875, 1128.594366667875, 1128.594366667875, 1128.594366667875, 1128.594366667875, 1128.594366667875, 1128.594366667875, 1128.594366667875, 1128.594366667875, 1128.594366667875, 1128.594366667875, 1128.594366667875, 1128.594366667875, 1128.594366667875, 1128.594366667875, 1128.594366667875, 1128.594366667875, 1128.594366667875, 1128.594366667875, 1128.594366667875, 1128.594366667875, 1128.594366667875, 1128.594366667875, 1128.594366667875, 1128.594366667875, 1128.594366667875, 1128.594366667875, 1128.594366667875, 1128.594366667875, 1128.594366667875, 1128.594366667875, 1128.594366667875, 1128.594366667875, 1128.594366667875, 1128.594366667875, 1128.594366667875, 1128.594366667875, 1128.594366667875, 1128.594366667875, 1128.594366667875, 1128.594366667875, 1128.594366667875, 1128.594366667875, 1128.594366667875, 1128.594366667875, 1128.594366667875, 1128.594366667875, 1128.594366667875, 1128.594366667875, 1128.594366667875, 1128.594366667875, 1128.594366667875, 1128.594366667875, 1128.594366667875, 1128.594366667875, 1128.594366667875, 1128.594366667875, 1128.594366667875, 1128.594366667875, 1128.594366667875, 1128.594366667875, 1128.594366667875, 1128.594366667875, 1128.594366667875, 1128.594366667875, 1128.594366667875, 1128.594366667875, 1128.594366667875, 1128.594366667875, 1128.594366667875, 1128.594366667875, 1128.594366667875, 1128.594366667875, 1128.594366667875, 1128.594366667875, 1128.594366667875, 1128.594366667875, 1128.594366667875, 1128.594366667875, 1128.594366667875, 1128.594366667875, 1128.594366667875, 1128.594366667875, 1128.594366667875, 1128.594366667875, 1128.594366667875, 1128.594366667875, 1128.594366667875, 1128.594366667875, 1128.594366667875, 1128.594366667875, 1128.594366667875, 1128.594366667875]
Computational time : -0.262999773026