Name : Ahmed ElMousel
Problem : X-n190-k8 
Whale Algorithm 
cost : 817.005433569
Routes : 
1->11->8->27->21->6->1
1->17->1
1->12->10->29->15->1
1->16->9->36->3->35->24->7->13->26->1
1->2->25->28->4->5->20->32->34->30->19->22->23->33->14->18->31->1
best solutions : 
[817.0054335691676, 817.0054335691676, 817.0054335691676, 817.0054335691676, 817.0054335691676, 817.0054335691676, 817.0054335691676, 817.0054335691676, 817.0054335691676, 817.0054335691676, 817.0054335691676, 817.0054335691676, 817.0054335691676, 817.0054335691676, 817.0054335691676, 817.0054335691676, 817.0054335691676, 817.0054335691676, 817.0054335691676, 817.0054335691676, 817.0054335691676, 817.0054335691676, 817.0054335691676, 817.0054335691676, 817.0054335691676, 817.0054335691676, 817.0054335691676, 817.0054335691676, 817.0054335691676, 817.0054335691676, 817.0054335691676, 817.0054335691676, 817.0054335691676, 817.0054335691676, 817.0054335691676, 817.0054335691676, 817.0054335691676, 817.0054335691676, 817.0054335691676, 817.0054335691676, 817.0054335691676, 817.0054335691676, 817.0054335691676, 817.0054335691676, 817.0054335691676, 817.0054335691676, 817.0054335691676, 817.0054335691676, 817.0054335691676, 817.0054335691676, 817.0054335691676, 817.0054335691676, 817.0054335691676, 817.0054335691676, 817.0054335691676, 817.0054335691676, 817.0054335691676, 817.0054335691676, 817.0054335691676, 817.0054335691676, 817.0054335691676, 817.0054335691676, 817.0054335691676, 817.0054335691676, 817.0054335691676, 817.0054335691676, 817.0054335691676, 817.0054335691676, 817.0054335691676, 817.0054335691676, 817.0054335691676, 817.0054335691676, 817.0054335691676, 817.0054335691676, 817.0054335691676, 817.0054335691676, 817.0054335691676, 817.0054335691676, 817.0054335691676, 817.0054335691676, 817.0054335691676, 817.0054335691676, 817.0054335691676, 817.0054335691676, 817.0054335691676, 817.0054335691676, 817.0054335691676, 817.0054335691676, 817.0054335691676, 817.0054335691676, 817.0054335691676, 817.0054335691676, 817.0054335691676, 817.0054335691676, 817.0054335691676, 817.0054335691676, 817.0054335691676, 817.0054335691676, 817.0054335691676, 817.0054335691676, 817.0054335691676, 817.0054335691676, 817.0054335691676, 817.0054335691676, 817.0054335691676, 817.0054335691676, 817.0054335691676, 817.0054335691676, 817.0054335691676, 817.0054335691676, 817.0054335691676, 817.0054335691676, 817.0054335691676, 817.0054335691676, 817.0054335691676, 817.0054335691676, 817.0054335691676, 817.0054335691676, 817.0054335691676, 817.0054335691676, 817.0054335691676, 817.0054335691676, 817.0054335691676, 817.0054335691676, 817.0054335691676, 817.0054335691676, 817.0054335691676, 817.0054335691676, 817.0054335691676, 817.0054335691676, 817.0054335691676, 817.0054335691676, 817.0054335691676, 817.0054335691676, 817.0054335691676, 817.0054335691676, 817.0054335691676, 817.0054335691676, 817.0054335691676, 817.0054335691676, 817.0054335691676, 817.0054335691676, 817.0054335691676, 817.0054335691676, 817.0054335691676, 817.0054335691676, 817.0054335691676, 817.0054335691676, 817.0054335691676, 817.0054335691676, 817.0054335691676, 817.0054335691676, 817.0054335691676, 817.0054335691676, 817.0054335691676, 817.0054335691676, 817.0054335691676, 817.0054335691676, 817.0054335691676, 817.0054335691676, 817.0054335691676, 817.0054335691676, 817.0054335691676, 817.0054335691676, 817.0054335691676, 817.0054335691676, 817.0054335691676, 817.0054335691676, 817.0054335691676, 817.0054335691676, 817.0054335691676, 817.0054335691676, 817.0054335691676, 817.0054335691676, 817.0054335691676, 817.0054335691676, 817.0054335691676, 817.0054335691676, 817.0054335691676, 817.0054335691676, 817.0054335691676, 817.0054335691676, 817.0054335691676, 817.0054335691676, 817.0054335691676, 817.0054335691676, 817.0054335691676, 817.0054335691676, 817.0054335691676, 817.0054335691676, 817.0054335691676, 817.0054335691676, 817.0054335691676, 817.0054335691676, 817.0054335691676, 817.0054335691676, 817.0054335691676, 817.0054335691676, 817.0054335691676, 817.0054335691676, 817.0054335691676, 817.0054335691676, 817.0054335691676, 817.0054335691676, 817.0054335691676, 817.0054335691676, 817.0054335691676, 817.0054335691676, 817.0054335691676, 817.0054335691676, 817.0054335691676, 817.0054335691676, 817.0054335691676, 817.0054335691676, 817.0054335691676, 817.0054335691676, 817.0054335691676, 817.0054335691676, 817.0054335691676, 817.0054335691676, 817.0054335691676, 817.0054335691676, 817.0054335691676, 817.0054335691676, 817.0054335691676, 817.0054335691676, 817.0054335691676, 817.0054335691676, 817.0054335691676, 817.0054335691676, 817.0054335691676, 817.0054335691676, 817.0054335691676, 817.0054335691676, 817.0054335691676, 817.0054335691676, 817.0054335691676, 817.0054335691676, 817.0054335691676, 817.0054335691676, 817.0054335691676, 817.0054335691676, 817.0054335691676, 817.0054335691676, 817.0054335691676, 817.0054335691676, 817.0054335691676, 817.0054335691676, 817.0054335691676, 817.0054335691676, 817.0054335691676, 817.0054335691676, 817.0054335691676, 817.0054335691676, 817.0054335691676, 817.0054335691676, 817.0054335691676, 817.0054335691676, 817.0054335691676, 817.0054335691676, 817.0054335691676, 817.0054335691676, 817.0054335691676, 817.0054335691676, 817.0054335691676, 817.0054335691676, 817.0054335691676, 817.0054335691676, 817.0054335691676, 817.0054335691676, 817.0054335691676, 817.0054335691676, 817.0054335691676, 817.0054335691676, 817.0054335691676, 817.0054335691676, 817.0054335691676, 817.0054335691676, 817.0054335691676, 817.0054335691676, 817.0054335691676, 817.0054335691676, 817.0054335691676, 817.0054335691676, 817.0054335691676, 817.0054335691676, 817.0054335691676, 817.0054335691676, 817.0054335691676, 817.0054335691676, 817.0054335691676, 817.0054335691676, 817.0054335691676, 817.0054335691676, 817.0054335691676, 817.0054335691676, 817.0054335691676, 817.0054335691676, 817.0054335691676, 817.0054335691676, 817.0054335691676, 817.0054335691676, 817.0054335691676, 817.0054335691676, 817.0054335691676, 817.0054335691676, 817.0054335691676, 817.0054335691676, 817.0054335691676, 817.0054335691676, 817.0054335691676, 817.0054335691676, 817.0054335691676, 817.0054335691676, 817.0054335691676, 817.0054335691676, 817.0054335691676, 817.0054335691676, 817.0054335691676, 817.0054335691676, 817.0054335691676, 817.0054335691676, 817.0054335691676, 817.0054335691676, 817.0054335691676, 817.0054335691676, 817.0054335691676, 817.0054335691676, 817.0054335691676, 817.0054335691676, 817.0054335691676, 817.0054335691676, 817.0054335691676, 817.0054335691676, 817.0054335691676, 817.0054335691676, 817.0054335691676, 817.0054335691676, 817.0054335691676, 817.0054335691676, 817.0054335691676, 817.0054335691676, 817.0054335691676, 817.0054335691676, 817.0054335691676, 817.0054335691676, 817.0054335691676, 817.0054335691676, 817.0054335691676, 817.0054335691676, 817.0054335691676, 817.0054335691676, 817.0054335691676, 817.0054335691676, 817.0054335691676, 817.0054335691676, 817.0054335691676, 817.0054335691676, 817.0054335691676, 817.0054335691676, 817.0054335691676, 817.0054335691676, 817.0054335691676, 817.0054335691676, 817.0054335691676, 817.0054335691676, 817.0054335691676, 817.0054335691676, 817.0054335691676, 817.0054335691676, 817.0054335691676, 817.0054335691676, 817.0054335691676, 817.0054335691676, 817.0054335691676, 817.0054335691676, 817.0054335691676, 817.0054335691676, 817.0054335691676, 817.0054335691676, 817.0054335691676, 817.0054335691676, 817.0054335691676, 817.0054335691676, 817.0054335691676, 817.0054335691676, 817.0054335691676, 817.0054335691676, 817.0054335691676, 817.0054335691676, 817.0054335691676, 817.0054335691676, 817.0054335691676, 817.0054335691676, 817.0054335691676, 817.0054335691676, 817.0054335691676, 817.0054335691676, 817.0054335691676, 817.0054335691676, 817.0054335691676, 817.0054335691676, 817.0054335691676, 817.0054335691676, 817.0054335691676, 817.0054335691676, 817.0054335691676, 817.0054335691676, 817.0054335691676, 817.0054335691676, 817.0054335691676, 817.0054335691676, 817.0054335691676, 817.0054335691676, 817.0054335691676, 817.0054335691676, 817.0054335691676, 817.0054335691676, 817.0054335691676, 817.0054335691676, 817.0054335691676, 817.0054335691676, 817.0054335691676, 817.0054335691676, 817.0054335691676, 817.0054335691676, 817.0054335691676, 817.0054335691676, 817.0054335691676, 817.0054335691676, 817.0054335691676, 817.0054335691676, 817.0054335691676, 817.0054335691676, 817.0054335691676, 817.0054335691676, 817.0054335691676, 817.0054335691676, 817.0054335691676, 817.0054335691676, 817.0054335691676, 817.0054335691676, 817.0054335691676, 817.0054335691676, 817.0054335691676, 817.0054335691676, 817.0054335691676, 817.0054335691676, 817.0054335691676, 817.0054335691676, 817.0054335691676, 817.0054335691676, 817.0054335691676, 817.0054335691676, 817.0054335691676, 817.0054335691676, 817.0054335691676, 817.0054335691676, 817.0054335691676, 817.0054335691676, 817.0054335691676, 817.0054335691676, 817.0054335691676, 817.0054335691676, 817.0054335691676, 817.0054335691676, 817.0054335691676, 817.0054335691676, 817.0054335691676, 817.0054335691676, 817.0054335691676, 817.0054335691676, 817.0054335691676, 817.0054335691676, 817.0054335691676, 817.0054335691676, 817.0054335691676, 817.0054335691676, 817.0054335691676, 817.0054335691676, 817.0054335691676, 817.0054335691676, 817.0054335691676, 817.0054335691676, 817.0054335691676, 817.0054335691676, 817.0054335691676, 817.0054335691676, 817.0054335691676, 817.0054335691676, 817.0054335691676, 817.0054335691676, 817.0054335691676, 817.0054335691676, 817.0054335691676, 817.0054335691676, 817.0054335691676, 817.0054335691676, 817.0054335691676, 817.0054335691676, 817.0054335691676, 817.0054335691676, 817.0054335691676, 817.0054335691676, 817.0054335691676, 817.0054335691676, 817.0054335691676, 817.0054335691676, 817.0054335691676, 817.0054335691676, 817.0054335691676, 817.0054335691676, 817.0054335691676, 817.0054335691676, 817.0054335691676, 817.0054335691676, 817.0054335691676, 817.0054335691676, 817.0054335691676, 817.0054335691676, 817.0054335691676, 817.0054335691676, 817.0054335691676, 817.0054335691676, 817.0054335691676, 817.0054335691676, 817.0054335691676, 817.0054335691676, 817.0054335691676, 817.0054335691676, 817.0054335691676, 817.0054335691676, 817.0054335691676, 817.0054335691676, 817.0054335691676, 817.0054335691676, 817.0054335691676, 817.0054335691676, 817.0054335691676, 817.0054335691676, 817.0054335691676, 817.0054335691676, 817.0054335691676, 817.0054335691676, 817.0054335691676, 817.0054335691676, 817.0054335691676, 817.0054335691676, 817.0054335691676, 817.0054335691676, 817.0054335691676, 817.0054335691676, 817.0054335691676, 817.0054335691676, 817.0054335691676, 817.0054335691676, 817.0054335691676, 817.0054335691676, 817.0054335691676, 817.0054335691676, 817.0054335691676, 817.0054335691676, 817.0054335691676, 817.0054335691676, 817.0054335691676, 817.0054335691676, 817.0054335691676, 817.0054335691676, 817.0054335691676, 817.0054335691676, 817.0054335691676, 817.0054335691676, 817.0054335691676, 817.0054335691676, 817.0054335691676, 817.0054335691676, 817.0054335691676, 817.0054335691676, 817.0054335691676, 817.0054335691676, 817.0054335691676, 817.0054335691676, 817.0054335691676, 817.0054335691676, 817.0054335691676, 817.0054335691676, 817.0054335691676, 817.0054335691676, 817.0054335691676, 817.0054335691676, 817.0054335691676, 817.0054335691676, 817.0054335691676, 817.0054335691676, 817.0054335691676, 817.0054335691676, 817.0054335691676, 817.0054335691676, 817.0054335691676, 817.0054335691676, 817.0054335691676, 817.0054335691676, 817.0054335691676, 817.0054335691676, 817.0054335691676, 817.0054335691676, 817.0054335691676, 817.0054335691676, 817.0054335691676, 817.0054335691676, 817.0054335691676, 817.0054335691676, 817.0054335691676, 817.0054335691676, 817.0054335691676, 817.0054335691676, 817.0054335691676, 817.0054335691676, 817.0054335691676, 817.0054335691676, 817.0054335691676, 817.0054335691676, 817.0054335691676, 817.0054335691676, 817.0054335691676, 817.0054335691676, 817.0054335691676, 817.0054335691676, 817.0054335691676, 817.0054335691676, 817.0054335691676, 817.0054335691676, 817.0054335691676, 817.0054335691676, 817.0054335691676, 817.0054335691676, 817.0054335691676, 817.0054335691676, 817.0054335691676, 817.0054335691676, 817.0054335691676, 817.0054335691676, 817.0054335691676, 817.0054335691676, 817.0054335691676, 817.0054335691676, 817.0054335691676, 817.0054335691676, 817.0054335691676, 817.0054335691676, 817.0054335691676, 817.0054335691676, 817.0054335691676, 817.0054335691676, 817.0054335691676, 817.0054335691676, 817.0054335691676, 817.0054335691676, 817.0054335691676, 817.0054335691676, 817.0054335691676, 817.0054335691676, 817.0054335691676, 817.0054335691676, 817.0054335691676, 817.0054335691676]
Computational time : -0.931999921799