Name : Ahmed ElMousel
Problem : X-n115-k10 
Whale Algorithm 
cost : 859.611524875
Routes : 
1->5->8->9->10->11->33->7->6->4->1
1->3->13->12->14->2->15->32->1
1->29->28->27->26->18->16->1
1->31->30->17->25->24->23->21->22->20->19->1
best solutions : 
[861.3135734555559, 861.3135734555559, 861.3135734555559, 861.3135734555559, 861.3135734555559, 861.3135734555559, 861.3135734555559, 861.3135734555559, 861.3135734555559, 861.3135734555559, 861.3135734555559, 861.3135734555559, 861.3135734555559, 861.3135734555559, 861.3135734555559, 861.3135734555559, 861.3135734555559, 861.3135734555559, 861.3135734555559, 861.3135734555559, 861.3135734555559, 861.3135734555559, 861.3135734555559, 861.3135734555559, 861.3135734555559, 861.3135734555559, 861.3135734555559, 861.3135734555559, 861.3135734555559, 861.3135734555559, 861.3135734555559, 861.3135734555559, 861.3135734555559, 861.3135734555559, 861.3135734555559, 861.3135734555559, 861.3135734555559, 861.3135734555559, 861.3135734555559, 861.3135734555559, 861.3135734555559, 861.3135734555559, 861.3135734555559, 861.3135734555559, 861.3135734555559, 861.3135734555559, 861.3135734555559, 861.3135734555559, 861.3135734555559, 861.3135734555559, 861.3135734555559, 861.3135734555559, 861.3135734555559, 861.3135734555559, 861.3135734555559, 861.3135734555559, 861.3135734555559, 861.3135734555559, 861.3135734555559, 861.3135734555559, 861.3135734555559, 861.3135734555559, 861.3135734555559, 861.3135734555559, 861.3135734555559, 861.3135734555559, 861.3135734555559, 861.3135734555559, 861.3135734555559, 861.3135734555559, 861.3135734555559, 861.3135734555559, 861.3135734555559, 861.3135734555559, 861.3135734555559, 861.3135734555559, 861.3135734555559, 861.3135734555559, 861.3135734555559, 861.3135734555559, 861.3135734555559, 861.3135734555559, 861.3135734555559, 861.3135734555559, 861.3135734555559, 861.3135734555559, 861.3135734555559, 861.3135734555559, 861.3135734555559, 861.3135734555559, 861.3135734555559, 861.3135734555559, 861.3135734555559, 861.3135734555559, 861.3135734555559, 861.3135734555559, 861.3135734555559, 861.3135734555559, 861.3135734555559, 861.3135734555559, 861.3135734555559, 861.3135734555559, 861.3135734555559, 861.3135734555559, 861.3135734555559, 861.3135734555559, 861.3135734555559, 861.3135734555559, 861.3135734555559, 861.3135734555559, 861.3135734555559, 861.3135734555559, 861.3135734555559, 861.3135734555559, 861.3135734555559, 861.3135734555559, 861.3135734555559, 861.3135734555559, 861.3135734555559, 861.3135734555559, 861.3135734555559, 861.3135734555559, 861.3135734555559, 861.3135734555559, 861.3135734555559, 861.3135734555559, 861.3135734555559, 861.3135734555559, 861.3135734555559, 861.235528908916, 861.235528908916, 860.7778507768546, 860.7778507768546, 860.7778507768546, 860.7778507768546, 860.3374121065103, 860.3374121065103, 860.3374121065103, 860.3374121065103, 860.101441334758, 860.101441334758, 860.101441334758, 860.101441334758, 860.101441334758, 860.101441334758, 859.6115248752277, 859.6115248752277, 859.6115248752277, 859.6115248752277, 859.6115248752276, 859.6115248752276, 859.6115248752276, 859.6115248752276, 859.6115248752276, 859.6115248752276, 859.6115248752276, 859.6115248752276, 859.6115248752276, 859.6115248752276, 859.6115248752276, 859.6115248752276, 859.6115248752276, 859.6115248752276, 859.6115248752276, 859.6115248752276, 859.6115248752276, 859.6115248752276, 859.6115248752276, 859.6115248752276, 859.6115248752276, 859.6115248752276, 859.6115248752276, 859.6115248752276, 859.6115248752276, 859.6115248752276, 859.6115248752276, 859.6115248752276, 859.6115248752276, 859.6115248752276, 859.6115248752276, 859.6115248752276, 859.6115248752276, 859.6115248752276, 859.6115248752276, 859.6115248752276, 859.6115248752276, 859.6115248752276, 859.6115248752276, 859.6115248752276, 859.6115248752276]
Computational time : 38.6279997826