Name : Ahmed ElMousel
Problem : X-n115-k10 
Whale Algorithm 
cost : 838.037766791
Routes : 
1->27->8->11->1
1->17->2->25->12->26->6->21->1
1->35->15->29->13->10->1
1->16->9->36->3->24->7->4->5->20->32->34->1
1->28->22->19->30->31->18->14->33->23->1
best solutions : 
[854.8635153267869, 854.1509329872937, 854.1509329872937, 850.549529961042, 850.549529961042, 841.8386029158454, 841.8386029158454, 841.8386029158454, 841.8386029158454, 841.8386029158454, 841.8386029158454, 841.8386029158454, 841.8386029158454, 841.8386029158454, 841.8386029158454, 841.8386029158454, 841.8386029158454, 841.8386029158454, 841.8386029158454, 841.8386029158454, 841.8386029158454, 841.8386029158454, 841.8386029158454, 841.8386029158454, 841.8386029158454, 841.8386029158454, 841.8386029158454, 841.8386029158454, 841.8386029158454, 841.8386029158454, 841.8386029158454, 841.8386029158454, 841.8386029158454, 838.9652697377777, 838.0377667912754, 838.0377667912754, 838.0377667912754, 838.0377667912754, 838.0377667912754, 838.0377667912754, 838.0377667912754, 838.0377667912754, 838.0377667912754, 838.0377667912754, 838.0377667912754, 838.0377667912754, 838.0377667912754, 838.0377667912754, 838.0377667912754, 838.0377667912754, 838.0377667912754, 838.0377667912754, 838.0377667912754, 838.0377667912754, 838.0377667912754, 838.0377667912754, 838.0377667912754, 838.0377667912754, 838.0377667912754, 838.0377667912754, 838.0377667912754, 838.0377667912754, 838.0377667912754, 838.0377667912754, 838.0377667912754, 838.0377667912754, 838.0377667912754, 838.0377667912754, 838.0377667912754, 838.0377667912754, 838.0377667912754, 838.0377667912754, 838.0377667912754, 838.0377667912754, 838.0377667912754, 838.0377667912754, 838.0377667912754, 838.0377667912754, 838.0377667912754, 838.0377667912754, 838.0377667912754, 838.0377667912754, 838.0377667912754, 838.0377667912754, 838.0377667912754, 838.0377667912754, 838.0377667912754, 838.0377667912754, 838.0377667912754, 838.0377667912754, 838.0377667912754, 838.0377667912754, 838.0377667912754, 838.0377667912754, 838.0377667912754, 838.0377667912754, 838.0377667912754, 838.0377667912754, 838.0377667912754, 838.0377667912754, 838.0377667912754, 838.0377667912754, 838.0377667912754, 838.0377667912754, 838.0377667912754, 838.0377667912754, 838.0377667912754, 838.0377667912754, 838.0377667912754, 838.0377667912754, 838.0377667912754, 838.0377667912754, 838.0377667912754, 838.0377667912754, 838.0377667912754, 838.0377667912754, 838.0377667912754, 838.0377667912754, 838.0377667912754, 838.0377667912754, 838.0377667912754, 838.0377667912754, 838.0377667912754, 838.0377667912754, 838.0377667912754, 838.0377667912754, 838.0377667912754, 838.0377667912754, 838.0377667912754, 838.0377667912754, 838.0377667912754, 838.0377667912754, 838.0377667912754, 838.0377667912754, 838.0377667912754, 838.0377667912754, 838.0377667912754, 838.0377667912754, 838.0377667912754, 838.0377667912754, 838.0377667912754, 838.0377667912754, 838.0377667912754, 838.0377667912754, 838.0377667912754, 838.0377667912754, 838.0377667912754, 838.0377667912754, 838.0377667912754, 838.0377667912754, 838.0377667912754, 838.0377667912754, 838.0377667912754, 838.0377667912754, 838.0377667912754, 838.0377667912754, 838.0377667912754, 838.0377667912754, 838.0377667912754, 838.0377667912754, 838.0377667912754, 838.0377667912754, 838.0377667912754, 838.0377667912754, 838.0377667912754, 838.0377667912754, 838.0377667912754, 838.0377667912754, 838.0377667912754, 838.0377667912754, 838.0377667912754, 838.0377667912754, 838.0377667912754, 838.0377667912754, 838.0377667912754]
Computational time : 8.89700007439