Name : Ahmed ElMousel
Problem : X-n190-k8 
Whale Algorithm 
cost : 727.059041035
Routes : 
1->18->41->13->27->68->1
1->69->3->63->29->22->48->49->31->76->1
1->47->9->8->54->15->20->55->14->28->53->35->1
1->34->64->17->4->45->33->51->19->56->26->10->40->73->1
1->59->11->32->39->66->67->12->60->36->1
1->7->74->2->23->65->43->44->42->57->24->50->25->52->1
1->75->62->70->37->72->61->71->21->38->58->16->6->30->46->5->1
best solutions : 
[796.05818606432, 795.7877402744045, 793.2150320881053, 792.4682975842715, 790.1991456138146, 790.1991456138146, 785.9780824712376, 770.6146423139126, 770.6146423139126, 770.6146423139126, 770.6146423139126, 770.6146423139126, 770.4644171095874, 770.4644171095874, 770.4644171095874, 770.4644171095874, 770.4644171095874, 770.4644171095874, 770.4644171095874, 767.7373672233227, 767.7373672233227, 767.7373672233227, 767.7373672233227, 767.7373672233227, 767.7373672233227, 767.7373672233227, 767.7373672233227, 767.7373672233227, 767.7373672233227, 767.5951654380831, 767.5951654380831, 767.5951654380831, 758.4946467653403, 758.4946467653403, 758.4946467653403, 758.041322076882, 758.041322076882, 758.041322076882, 757.6376963831892, 757.6376963831892, 754.9365775853707, 752.8683449333323, 752.8683449333323, 752.8683449333323, 752.8683449333323, 743.0461149852418, 743.0461149852418, 743.0461149852418, 743.0461149852418, 743.0461149852418, 743.0461149852418, 743.0461149852418, 743.0461149852418, 743.0461149852418, 743.0461149852418, 742.6113338512507, 742.6113338512507, 742.6113338512507, 742.6113338512507, 742.6113338512507, 742.6113338512507, 742.6113338512507, 738.9743834776505, 738.9743834776505, 738.9743834776505, 738.9743834776505, 738.9743834776505, 738.9743834776505, 738.9743834776505, 738.9743834776505, 738.9743834776505, 738.9743834776505, 738.9743834776505, 738.9743834776505, 736.7022265229468, 736.7022265229468, 736.7022265229468, 736.7022265229468, 736.7022265229468, 736.7022265229468, 736.7022265229468, 736.7022265229468, 736.7022265229468, 736.7022265229468, 736.7022265229468, 735.5801555933967, 735.5801555933967, 735.5801555933967, 735.5801555933967, 735.5801555933967, 735.5801555933967, 735.5801555933967, 735.5801555933967, 735.5801555933967, 735.5801555933967, 735.5801555933967, 735.1114130485739, 735.1114130485739, 735.1114130485739, 735.1114130485739, 735.1114130485739, 735.1114130485739, 735.1114130485739, 735.1114130485739, 735.1114130485739, 735.1114130485739, 735.1114130485739, 735.1114130485739, 735.1114130485739, 734.3856852898416, 734.3856852898416, 734.3856852898416, 734.3856852898416, 734.3856852898416, 734.3856852898416, 734.3856852898416, 734.3856852898416, 734.3856852898416, 734.3856852898416, 734.3856852898416, 734.3856852898416, 734.3856852898416, 734.3856852898416, 734.3856852898416, 734.3856852898416, 734.3856852898416, 734.3856852898416, 734.3856852898416, 734.3856852898416, 734.3856852898416, 734.3856852898416, 734.3856852898416, 734.3856852898416, 734.3856852898416, 734.3856852898416, 734.3856852898416, 734.3856852898416, 734.3856852898416, 734.3856852898416, 734.3856852898416, 734.3856852898416, 734.3856852898416, 734.3856852898416, 734.3856852898416, 734.3856852898416, 734.3856852898416, 734.3856852898416, 734.3856852898416, 734.3722947356844, 734.3722947356844, 734.3722947356844, 734.3722947356844, 734.3722947356844, 734.3722947356844, 734.3722947356844, 734.3722947356844, 734.3722947356844, 734.3722947356844, 734.3722947356844, 734.3722947356844, 734.3722947356844, 734.3722947356844, 734.3722947356844, 734.3722947356844, 734.3722947356844, 734.3722947356844, 734.3722947356844, 734.3722947356844, 734.3722947356844, 734.3722947356844, 734.3722947356844, 734.3722947356844, 734.3722947356844, 734.3722947356844, 734.3722947356844, 734.3722947356844, 734.3722947356844, 734.3722947356844, 734.3722947356844, 734.3722947356844, 734.3722947356844, 734.3722947356844, 734.3722947356844, 734.3722947356844, 734.3722947356844, 734.3722947356844, 734.3722947356844, 734.3722947356844, 734.3722947356844, 734.3722947356844, 734.3722947356844, 734.3722947356844, 734.3722947356844, 734.3722947356844, 734.3722947356844, 734.3722947356844, 734.3722947356844, 734.3722947356844, 734.3722947356844, 734.3722947356844, 734.3722947356844, 734.3722947356844, 734.3722947356844, 734.3722947356844, 734.3722947356844, 734.3722947356844, 734.3722947356844, 734.3722947356844, 734.3722947356844, 734.3722947356844, 734.3722947356844, 734.3722947356844, 734.3722947356844, 734.3722947356844, 734.3722947356844, 734.3722947356844, 734.3722947356844, 734.3722947356844, 734.3722947356844, 734.3722947356844, 734.3722947356844, 734.3722947356844, 734.3722947356844, 734.3722947356844, 734.3722947356844, 734.3722947356844, 734.3722947356844, 734.3722947356844, 734.3722947356844, 734.3722947356844, 734.3722947356844, 734.3722947356844, 734.3722947356844, 734.3722947356844, 734.3722947356844, 734.3722947356844, 734.3722947356844, 733.7218260174154, 733.7218260174154, 733.7218260174154, 733.7218260174154, 733.7218260174154, 733.7218260174154, 732.5997550878656, 732.5997550878656, 732.5997550878656, 732.5997550878656, 732.5997550878656, 732.5997550878656, 732.5997550878656, 732.5997550878656, 732.5997550878656, 732.5997550878656, 732.5997550878656, 732.5997550878656, 732.5997550878656, 732.5997550878656, 732.5997550878656, 732.5997550878656, 732.5997550878656, 732.5997550878656, 732.5997550878656, 732.5997550878656, 732.5997550878656, 732.5997550878656, 732.2997250401643, 732.2997250401643, 732.2997250401643, 732.2997250401643, 732.2997250401643, 732.2997250401643, 732.2997250401643, 732.2997250401643, 732.2997250401643, 732.2997250401643, 732.2997250401643, 732.2997250401643, 732.2997250401643, 732.2997250401643, 732.2997250401643, 732.2997250401643, 732.2997250401643, 732.2997250401643, 731.3431912249087, 731.3431912249087, 731.3431912249087, 731.3431912249087, 731.3431912249087, 731.3431912249087, 731.3431912249087, 731.2350983469045, 731.2350983469045, 731.2350983469045, 731.2350983469045, 731.2350983469045, 731.2350983469045, 731.2350983469045, 731.2350983469045, 731.2350983469045, 731.2350983469045, 731.2350983469045, 731.2350983469045, 731.2350983469045, 731.2350983469045, 731.2350983469045, 731.2350983469045, 731.2350983469045, 731.2350983469045, 731.2350983469045, 731.2350983469045, 731.2350983469045, 731.2350983469045, 731.2350983469045, 731.2350983469045, 731.2350983469045, 731.2350983469045, 731.2350983469045, 731.2350983469045, 731.2350983469045, 731.2350983469045, 731.2350983469045, 731.2350983469045, 731.2350983469045, 731.2350983469045, 730.3578461821605, 730.3578461821605, 730.3578461821605, 730.3578461821605, 730.3578461821605, 730.3578461821605, 730.3578461821605, 730.3578461821605, 730.3578461821605, 730.3578461821605, 730.3578461821605, 730.3578461821605, 730.3578461821605, 730.3578461821605, 730.3578461821605, 730.3578461821605, 730.3578461821605, 730.3578461821605, 730.3578461821605, 730.3578461821604, 730.3578461821604, 730.3578461821604, 730.3578461821604, 730.3578461821604, 730.3578461821604, 730.3578461821604, 730.3578461821604, 730.3578461821604, 730.3578461821604, 730.3578461821604, 730.3578461821604, 730.3578461821604, 730.3578461821604, 730.3578461821604, 730.3578461821604, 730.3578461821604, 730.3578461821604, 730.3578461821604, 730.3578461821604, 730.3578461821604, 730.3578461821604, 730.3578461821604, 730.3578461821604, 730.3578461821604, 730.3578461821604, 730.3578461821604, 730.3578461821604, 730.3578461821604, 730.3578461821604, 730.3578461821604, 730.3578461821604, 730.3578461821604, 730.3578461821604, 730.3578461821604, 730.3578461821604, 730.3578461821604, 730.3578461821604, 730.3578461821604, 730.3578461821604, 730.3578461821604, 730.3578461821604, 730.3578461821604, 730.3578461821604, 730.3578461821604, 730.3578461821604, 730.3578461821604, 730.3578461821604, 730.3578461821604, 730.3578461821604, 730.3578461821604, 730.3578461821604, 730.3578461821604, 730.3578461821604, 730.3578461821604, 730.3578461821604, 730.3578461821604, 730.3578461821604, 730.3578461821604, 730.3578461821604, 730.3578461821604, 730.3578461821604, 730.3578461821604, 730.3578461821604, 730.3578461821604, 730.3578461821604, 730.3578461821604, 730.3578461821604, 730.3578461821604, 730.3578461821604, 730.3578461821604, 730.3578461821604, 730.3578461821604, 730.3578461821604, 730.3578461821604, 730.3578461821604, 730.3578461821604, 730.3578461821604, 730.3578461821604, 730.3578461821604, 730.3578461821604, 730.3578461821604, 730.3578461821604, 730.3578461821604, 730.3578461821604, 730.3578461821604, 730.3578461821604, 730.3578461821604, 730.3578461821604, 730.3578461821604, 730.3578461821604, 730.3578461821604, 730.3578461821604, 730.3578461821604, 730.3578461821604, 730.3578461821604, 730.3578461821604, 730.3578461821604, 730.3578461821604, 730.3578461821604, 730.3578461821604, 730.3578461821604, 730.3578461821604, 730.3578461821604, 730.3578461821604, 730.3578461821604, 730.3578461821604, 730.3578461821604, 730.3578461821604, 730.3578461821604, 730.3578461821604, 730.3578461821604, 730.3578461821604, 730.3578461821604, 730.3578461821604, 730.3578461821604, 730.3578461821604, 730.3578461821604, 730.3578461821604, 730.3578461821604, 730.3578461821604, 728.9505313102778, 728.9505313102778, 728.9505313102778, 728.9505313102778, 728.9505313102778, 728.9505313102778, 728.9505313102778, 728.9505313102778, 728.9505313102778, 728.9505313102778, 728.5809194250108, 728.5809194250108, 728.5809194250108, 728.5809194250108, 728.5809194250108, 728.5809194250108, 728.5809194250108, 727.0590410354597, 727.0590410354597, 727.0590410354597, 727.0590410354597, 727.0590410354597, 727.0590410354597, 727.0590410354597, 727.0590410354597, 727.0590410354597, 727.0590410354597, 727.0590410354597, 727.0590410354597, 727.0590410354597, 727.0590410354597, 727.0590410354597, 727.0590410354597, 727.0590410354597, 727.0590410354597, 727.0590410354597, 727.0590410354597, 727.0590410354597, 727.0590410354597, 727.0590410354597, 727.0590410354597, 727.0590410354597, 727.0590410354597, 727.0590410354597, 727.0590410354597, 727.0590410354597, 727.0590410354597, 727.0590410354597, 727.0590410354597, 727.0590410354597, 727.0590410354597, 727.0590410354597, 727.0590410354597, 727.0590410354597, 727.0590410354597, 727.0590410354597, 727.0590410354597, 727.0590410354597, 727.0590410354597, 727.0590410354597, 727.0590410354597, 727.0590410354597, 727.0590410354597, 727.0590410354597, 727.0590410354597, 727.0590410354597, 727.0590410354597, 727.0590410354597, 727.0590410354597, 727.0590410354597, 727.0590410354597, 727.0590410354597, 727.0590410354597, 727.0590410354597, 727.0590410354597, 727.0590410354597, 727.0590410354597, 727.0590410354597, 727.0590410354597, 727.0590410354597, 727.0590410354597, 727.0590410354597, 727.0590410354597, 727.0590410354597, 727.0590410354597, 727.0590410354597, 727.0590410354597, 727.0590410354597, 727.0590410354597, 727.0590410354597, 727.0590410354597, 727.0590410354597, 727.0590410354597, 727.0590410354597, 727.0590410354597, 727.0590410354597, 727.0590410354597, 727.0590410354597, 727.0590410354597, 727.0590410354597, 727.0590410354597, 727.0590410354597, 727.0590410354597, 727.0590410354597, 727.0590410354597, 727.0590410354597, 727.0590410354597, 727.0590410354597, 727.0590410354597, 727.0590410354597, 727.0590410354597, 727.0590410354597, 727.0590410354597, 727.0590410354597, 727.0590410354597, 727.0590410354597, 727.0590410354597, 727.0590410354597, 727.0590410354597, 727.0590410354597, 727.0590410354597, 727.0590410354597, 727.0590410354597, 727.0590410354597, 727.0590410354597, 727.0590410354597, 727.0590410354597, 727.0590410354597, 727.0590410354597, 727.0590410354597, 727.0590410354597, 727.0590410354597, 727.0590410354597, 727.0590410354597, 727.0590410354597, 727.0590410354597, 727.0590410354597, 727.0590410354597, 727.0590410354597, 727.0590410354597, 727.0590410354597, 727.0590410354597, 727.0590410354597, 727.0590410354597, 727.0590410354597, 727.0590410354597, 727.0590410354597, 727.0590410354597, 727.0590410354597, 727.0590410354597, 727.0590410354597, 727.0590410354597, 727.0590410354597, 727.0590410354597, 727.0590410354597, 727.0590410354597, 727.0590410354597, 727.0590410354597, 727.0590410354597, 727.0590410354597, 727.0590410354597, 727.0590410354597, 727.0590410354597, 727.0590410354597, 727.0590410354597]
Computational time : 228.150999784