Name : Ahmed ElMousel
Problem : X-n190-k8 
Whale Algorithm 
cost : 800.767989185
Routes : 
1->13->2->8->31->1
1->25->28->1
1->27->14->18->20->32->22->17->1
1->15->29->12->5->24->3->4->7->1
1->21->6->26->11->30->16->23->10->9->19->1
best solutions : 
[824.1079504033207, 824.1079504033207, 813.2760632503807, 813.2760632503807, 813.2760632503807, 810.8259173459498, 810.8259173459498, 810.8259173459498, 800.8885010162655, 800.8885010162655, 800.8885010162655, 800.8885010162655, 800.8885010162655, 800.8885010162655, 800.8885010162655, 800.8885010162655, 800.8885010162655, 800.8885010162655, 800.8885010162655, 800.8885010162655, 800.8885010162655, 800.8885010162655, 800.8885010162655, 800.7679891853816, 800.7679891853816, 800.7679891853816, 800.7679891853816, 800.7679891853816, 800.7679891853816, 800.7679891853816, 800.7679891853816, 800.7679891853816, 800.7679891853816, 800.7679891853816, 800.7679891853816, 800.7679891853816, 800.7679891853816, 800.7679891853816, 800.7679891853816, 800.7679891853816, 800.7679891853816, 800.7679891853816, 800.7679891853816, 800.7679891853816, 800.7679891853816, 800.7679891853816, 800.7679891853816, 800.7679891853816, 800.7679891853816, 800.7679891853816, 800.7679891853816, 800.7679891853816, 800.7679891853816, 800.7679891853816, 800.7679891853816, 800.7679891853816, 800.7679891853816, 800.7679891853816, 800.7679891853816, 800.7679891853816, 800.7679891853816, 800.7679891853816, 800.7679891853816, 800.7679891853816, 800.7679891853816, 800.7679891853816, 800.7679891853816, 800.7679891853816, 800.7679891853816, 800.7679891853816, 800.7679891853816, 800.7679891853816, 800.7679891853816, 800.7679891853816, 800.7679891853816, 800.7679891853816, 800.7679891853816, 800.7679891853816, 800.7679891853816, 800.7679891853816, 800.7679891853816, 800.7679891853816, 800.7679891853816, 800.7679891853816, 800.7679891853816, 800.7679891853816, 800.7679891853816, 800.7679891853816, 800.7679891853816, 800.7679891853816, 800.7679891853816, 800.7679891853816, 800.7679891853816, 800.7679891853816, 800.7679891853816, 800.7679891853816, 800.7679891853816, 800.7679891853816, 800.7679891853816, 800.7679891853816, 800.7679891853816, 800.7679891853816, 800.7679891853816, 800.7679891853816, 800.7679891853816, 800.7679891853816, 800.7679891853816, 800.7679891853816, 800.7679891853816, 800.7679891853816, 800.7679891853816, 800.7679891853816, 800.7679891853816, 800.7679891853816, 800.7679891853816, 800.7679891853816, 800.7679891853816, 800.7679891853816, 800.7679891853816, 800.7679891853816, 800.7679891853816, 800.7679891853816, 800.7679891853816, 800.7679891853816, 800.7679891853816, 800.7679891853816, 800.7679891853816, 800.7679891853816, 800.7679891853816, 800.7679891853816, 800.7679891853816, 800.7679891853816, 800.7679891853816, 800.7679891853816, 800.7679891853816, 800.7679891853816, 800.7679891853816, 800.7679891853816, 800.7679891853816, 800.7679891853816, 800.7679891853816, 800.7679891853816, 800.7679891853816, 800.7679891853816, 800.7679891853816, 800.7679891853816, 800.7679891853816, 800.7679891853816, 800.7679891853816, 800.7679891853816, 800.7679891853816, 800.7679891853816, 800.7679891853816, 800.7679891853816, 800.7679891853816, 800.7679891853816, 800.7679891853816, 800.7679891853816, 800.7679891853816, 800.7679891853816, 800.7679891853816, 800.7679891853816, 800.7679891853816, 800.7679891853816, 800.7679891853816, 800.7679891853816, 800.7679891853816, 800.7679891853816, 800.7679891853816, 800.7679891853816, 800.7679891853816, 800.7679891853816, 800.7679891853816, 800.7679891853816, 800.7679891853816, 800.7679891853816, 800.7679891853816, 800.7679891853816, 800.7679891853816, 800.7679891853816, 800.7679891853816, 800.7679891853816, 800.7679891853816, 800.7679891853816, 800.7679891853816, 800.7679891853816, 800.7679891853816, 800.7679891853816, 800.7679891853816, 800.7679891853816, 800.7679891853816, 800.7679891853816, 800.7679891853816, 800.7679891853816, 800.7679891853816, 800.7679891853816, 800.7679891853816, 800.7679891853816, 800.7679891853816, 800.7679891853816, 800.7679891853816, 800.7679891853816, 800.7679891853816, 800.7679891853816, 800.7679891853816, 800.7679891853816, 800.7679891853816, 800.7679891853816, 800.7679891853816, 800.7679891853816, 800.7679891853816, 800.7679891853816, 800.7679891853816, 800.7679891853816, 800.7679891853816, 800.7679891853816, 800.7679891853816, 800.7679891853816, 800.7679891853816, 800.7679891853816, 800.7679891853816, 800.7679891853816, 800.7679891853816, 800.7679891853816, 800.7679891853816, 800.7679891853816, 800.7679891853816, 800.7679891853816, 800.7679891853816, 800.7679891853816, 800.7679891853816, 800.7679891853816, 800.7679891853816, 800.7679891853816, 800.7679891853816, 800.7679891853816, 800.7679891853816, 800.7679891853816, 800.7679891853816, 800.7679891853816, 800.7679891853816, 800.7679891853816, 800.7679891853816, 800.7679891853816, 800.7679891853816, 800.7679891853816, 800.7679891853816, 800.7679891853816, 800.7679891853816, 800.7679891853816, 800.7679891853816, 800.7679891853816, 800.7679891853816, 800.7679891853816, 800.7679891853816, 800.7679891853816, 800.7679891853816, 800.7679891853816, 800.7679891853816, 800.7679891853816, 800.7679891853816, 800.7679891853816, 800.7679891853816, 800.7679891853816, 800.7679891853816, 800.7679891853816, 800.7679891853816, 800.7679891853816, 800.7679891853816, 800.7679891853816, 800.7679891853816, 800.7679891853816, 800.7679891853816, 800.7679891853816, 800.7679891853816, 800.7679891853816, 800.7679891853816, 800.7679891853816, 800.7679891853816, 800.7679891853816, 800.7679891853816, 800.7679891853816, 800.7679891853816, 800.7679891853816, 800.7679891853816, 800.7679891853816, 800.7679891853816, 800.7679891853816, 800.7679891853816, 800.7679891853816, 800.7679891853816, 800.7679891853816, 800.7679891853816, 800.7679891853816, 800.7679891853816, 800.7679891853816, 800.7679891853816, 800.7679891853816, 800.7679891853816, 800.7679891853816, 800.7679891853816, 800.7679891853816, 800.7679891853816, 800.7679891853816, 800.7679891853816, 800.7679891853816, 800.7679891853816, 800.7679891853816, 800.7679891853816, 800.7679891853816, 800.7679891853816, 800.7679891853816, 800.7679891853816, 800.7679891853816, 800.7679891853816, 800.7679891853816, 800.7679891853816, 800.7679891853816, 800.7679891853816, 800.7679891853816, 800.7679891853816, 800.7679891853816, 800.7679891853816, 800.7679891853816, 800.7679891853816, 800.7679891853816, 800.7679891853816, 800.7679891853816, 800.7679891853816, 800.7679891853816, 800.7679891853816, 800.7679891853816, 800.7679891853816, 800.7679891853816, 800.7679891853816, 800.7679891853816, 800.7679891853816, 800.7679891853816, 800.7679891853816, 800.7679891853816, 800.7679891853816, 800.7679891853816, 800.7679891853816, 800.7679891853816, 800.7679891853816, 800.7679891853816, 800.7679891853816, 800.7679891853816, 800.7679891853816, 800.7679891853816, 800.7679891853816, 800.7679891853816, 800.7679891853816, 800.7679891853816, 800.7679891853816, 800.7679891853816, 800.7679891853816, 800.7679891853816, 800.7679891853816, 800.7679891853816, 800.7679891853816, 800.7679891853816, 800.7679891853816, 800.7679891853816, 800.7679891853816, 800.7679891853816, 800.7679891853816, 800.7679891853816, 800.7679891853816, 800.7679891853816, 800.7679891853816, 800.7679891853816, 800.7679891853816, 800.7679891853816, 800.7679891853816, 800.7679891853816, 800.7679891853816, 800.7679891853816, 800.7679891853816, 800.7679891853816, 800.7679891853816, 800.7679891853816, 800.7679891853816]
Computational time : 5.10299992561