Name : Ahmed ElMousel
Problem : X-n190-k8 
Whale Algorithm 
cost : 1118.25015094
Routes : 
1->9->33->11->13->22->1
1->30->19->49->51->42->26->1
1->5->8->43->32->21->47->27->1
1->34->35->18->4->15->38->1
1->37->3->52->16->12->6->1
1->29->55->14->28->20->23->31->1
1->7->46->1
1->40->50->2->45->25->53->24->1
1->44->36->10->48->39->17->41->54->1
best solutions : 
[1141.0300491215799, 1141.0300491215799, 1141.0300491215799, 1141.0300491215799, 1141.0300491215799, 1141.0300491215799, 1141.0300491215799, 1141.0300491215799, 1141.0300491215799, 1141.0300491215799, 1141.0300491215799, 1141.0300491215799, 1141.0300491215799, 1141.0300491215799, 1141.0300491215799, 1141.0300491215799, 1141.0300491215799, 1141.0300491215799, 1141.0300491215799, 1141.0300491215799, 1141.0300491215799, 1141.0300491215799, 1141.0300491215799, 1141.0300491215799, 1140.5704935508625, 1139.2266496694817, 1139.2266496694817, 1139.2266496694817, 1139.2266496694817, 1139.2266496694817, 1139.2266496694817, 1139.2266496694817, 1139.2266496694817, 1139.2266496694817, 1139.2266496694817, 1139.2266496694817, 1139.2266496694817, 1139.2266496694817, 1139.2266496694817, 1139.2266496694817, 1139.2266496694817, 1139.2266496694817, 1139.2266496694817, 1138.3214505200374, 1138.3214505200374, 1138.3214505200374, 1138.3214505200374, 1138.3214505200374, 1138.3214505200374, 1138.3214505200374, 1137.7263250370247, 1137.7263250370247, 1137.7263250370247, 1137.7263250370247, 1137.7263250370247, 1137.7263250370247, 1137.7263250370247, 1137.7263250370247, 1137.7263250370247, 1137.7263250370247, 1137.7263250370247, 1137.7263250370247, 1137.7263250370247, 1137.0759404511314, 1137.0759404511314, 1137.0759404511314, 1137.0759404511314, 1137.0759404511314, 1137.0759404511314, 1137.0759404511314, 1137.0759404511314, 1137.0759404511314, 1137.0759404511314, 1137.0759404511314, 1137.0759404511314, 1137.0759404511314, 1137.0759404511314, 1137.0759404511314, 1137.0759404511314, 1137.0759404511314, 1137.0759404511314, 1137.0759404511314, 1137.0759404511314, 1137.0759404511314, 1137.0759404511314, 1137.0759404511314, 1137.0759404511314, 1137.0759404511314, 1137.0759404511314, 1137.0759404511314, 1137.0759404511314, 1137.0759404511314, 1137.0759404511314, 1137.0759404511314, 1137.0759404511314, 1137.0759404511314, 1137.0759404511314, 1137.0759404511314, 1137.0759404511314, 1137.0759404511314, 1137.0759404511314, 1137.0759404511314, 1137.0759404511314, 1137.0759404511314, 1137.0759404511314, 1137.0759404511314, 1137.0759404511314, 1137.0759404511314, 1137.0759404511314, 1137.0759404511314, 1137.0759404511314, 1137.0759404511314, 1137.0759404511314, 1137.0759404511314, 1137.0759404511314, 1137.0759404511314, 1137.0759404511314, 1137.0759404511314, 1137.0759404511314, 1137.0759404511314, 1137.0759404511314, 1137.0759404511314, 1137.0759404511314, 1137.0759404511314, 1137.0759404511314, 1137.0759404511314, 1137.0759404511314, 1137.0759404511314, 1137.0759404511314, 1137.0759404511314, 1137.0759404511314, 1137.0759404511314, 1137.0759404511314, 1137.0759404511314, 1137.0759404511314, 1137.0759404511314, 1137.0759404511314, 1137.0759404511314, 1137.0759404511314, 1137.0759404511314, 1137.0759404511314, 1137.0759404511314, 1137.0759404511314, 1137.0759404511314, 1137.0759404511314, 1137.0759404511314, 1137.0759404511314, 1137.0759404511314, 1137.0759404511314, 1137.0759404511314, 1137.0759404511314, 1137.0759404511314, 1137.0759404511314, 1137.0759404511314, 1137.0759404511314, 1137.0759404511314, 1137.0759404511314, 1137.0759404511314, 1137.0759404511314, 1137.0759404511314, 1137.0759404511314, 1137.0759404511314, 1137.0759404511314, 1137.0759404511314, 1137.0759404511314, 1137.0759404511314, 1137.0759404511314, 1137.0759404511314, 1137.0759404511314, 1137.0759404511314, 1137.0759404511314, 1137.0759404511314, 1137.0759404511314, 1137.0759404511314, 1137.0759404511314, 1137.0759404511314, 1137.0759404511314, 1137.0759404511314, 1137.0759404511314, 1137.0759404511314, 1137.0759404511314, 1137.0759404511314, 1137.0759404511314, 1137.0759404511314, 1137.0759404511314, 1137.0759404511314, 1137.0759404511314, 1137.0759404511314, 1137.0759404511314, 1137.0759404511314, 1137.0759404511314, 1137.0759404511314, 1137.0759404511314, 1137.0759404511314, 1137.0759404511314, 1137.0759404511314, 1137.0759404511314, 1137.0759404511314, 1137.0759404511314, 1137.0759404511314, 1137.0759404511314, 1137.0759404511314, 1137.0759404511314, 1137.0759404511314, 1137.0759404511314, 1137.0759404511314, 1137.0759404511314, 1137.0759404511314, 1137.0759404511314, 1137.0759404511314, 1137.0759404511314, 1137.0759404511314, 1137.0759404511314, 1137.0759404511314, 1137.0759404511314, 1137.0759404511314, 1137.0759404511314, 1137.0759404511314, 1137.0759404511314, 1137.0759404511314, 1137.0759404511314, 1137.0759404511314, 1137.0759404511314, 1137.0759404511314, 1137.0759404511314, 1137.0759404511314, 1137.0759404511314, 1137.0759404511314, 1137.0759404511314, 1137.0759404511314, 1137.0759404511314, 1137.0759404511314, 1137.0759404511314, 1137.0759404511314, 1137.0759404511314, 1137.0759404511314, 1137.0759404511314, 1137.0759404511314, 1137.0759404511314, 1137.0759404511314, 1137.0759404511314, 1137.0759404511314, 1137.0759404511314, 1137.0759404511314, 1137.0759404511314, 1137.0759404511314, 1137.0759404511314, 1137.0759404511314, 1137.0759404511314, 1137.0759404511314, 1137.0759404511314, 1137.0759404511314, 1137.0759404511314, 1137.0759404511314, 1137.0759404511314, 1137.0759404511314, 1137.0759404511314, 1137.0759404511314, 1137.0759404511314, 1137.0759404511314, 1137.0759404511314, 1137.0759404511314, 1137.0759404511314, 1137.0759404511314, 1137.0759404511314, 1137.0759404511314, 1137.0759404511314, 1137.0759404511314, 1137.0759404511314, 1137.0759404511314, 1137.0759404511314, 1137.0759404511314, 1137.0759404511314, 1137.0759404511314, 1137.0759404511314, 1137.0759404511314, 1137.0759404511314, 1137.0759404511314, 1137.0759404511314, 1137.0759404511314, 1137.0759404511314, 1137.0759404511314, 1137.0759404511314, 1137.0759404511314, 1137.0759404511314, 1137.0759404511314, 1137.0759404511314, 1137.0759404511314, 1137.0759404511314, 1137.0759404511314, 1137.0759404511314, 1137.0759404511314, 1137.0759404511314, 1137.0759404511314, 1137.0759404511314, 1137.0759404511314, 1137.0759404511314, 1137.0759404511314, 1137.0759404511314, 1137.0759404511314, 1137.0759404511314, 1137.0759404511314, 1137.0759404511314, 1137.0759404511314, 1137.0759404511314, 1137.0759404511314, 1137.0759404511314, 1137.0759404511314, 1137.0759404511314, 1137.0759404511314, 1137.0759404511314, 1137.0759404511314, 1137.0759404511314, 1137.0759404511314, 1137.0759404511314, 1137.0759404511314, 1137.0759404511314, 1137.0759404511314, 1137.0759404511314, 1137.0759404511314, 1137.0759404511314, 1137.0759404511314, 1137.0759404511314, 1137.0759404511314, 1137.0759404511314, 1137.0759404511314, 1137.0759404511314, 1137.0759404511314, 1137.0759404511314, 1137.0759404511314, 1137.0759404511314, 1137.0759404511314, 1137.0759404511314, 1137.0759404511314, 1137.0759404511314, 1137.0759404511314, 1137.0759404511314, 1137.0759404511314, 1137.0759404511314, 1137.0759404511314, 1137.0759404511314, 1137.0759404511314, 1137.0759404511314, 1137.0759404511314, 1137.0759404511314, 1137.0759404511314, 1137.0759404511314, 1137.0759404511314, 1137.0759404511314, 1137.0759404511314, 1137.0759404511314, 1137.0759404511314, 1137.0759404511314, 1137.0759404511314, 1137.0759404511314, 1137.0759404511314, 1137.0759404511314, 1137.0759404511314, 1137.0759404511314, 1137.0759404511314, 1137.0759404511314, 1137.0759404511314, 1137.0759404511314, 1137.0759404511314, 1137.0759404511314, 1137.0759404511314, 1137.0759404511314, 1137.0759404511314, 1137.0759404511314, 1137.0759404511314, 1137.0759404511314, 1137.0759404511314, 1137.0759404511314, 1137.0759404511314, 1137.0759404511314, 1137.0759404511314, 1137.0759404511314, 1137.0759404511314, 1137.0759404511314, 1137.0759404511314, 1137.0759404511314, 1137.0759404511314, 1137.0759404511314, 1137.0759404511314, 1137.0759404511314, 1137.0759404511314, 1137.0759404511314, 1137.0759404511314, 1137.0759404511314, 1137.0759404511314, 1137.0759404511314, 1137.0759404511314, 1137.0759404511314, 1137.0759404511314, 1137.0759404511314, 1137.0759404511314, 1137.0759404511314, 1137.0759404511314, 1137.0759404511314, 1137.0759404511314, 1137.0759404511314, 1137.0759404511314, 1137.0759404511314, 1137.0759404511314, 1137.0759404511314, 1137.0759404511314, 1137.0759404511314, 1137.0759404511314, 1137.0759404511314, 1137.0759404511314, 1137.0759404511314, 1133.8767108997365, 1133.8767108997365, 1133.8767108997365, 1127.5642298062282, 1127.5642298062282, 1127.5642298062282, 1127.5642298062282, 1127.5642298062282, 1127.5642298062282, 1127.5642298062282, 1127.5642298062282, 1127.5642298062282, 1127.5642298062282, 1127.5642298062282, 1127.5642298062282, 1127.5642298062282, 1127.5642298062282, 1127.5642298062282, 1127.5642298062282, 1127.5642298062282, 1127.5642298062282, 1127.5642298062282, 1127.5642298062282, 1127.5642298062282, 1127.5642298062282, 1127.5642298062282, 1127.5642298062282, 1127.5642298062282, 1127.5642298062282, 1127.5642298062282, 1127.5642298062282, 1127.5642298062282, 1127.5642298062282, 1127.5642298062282, 1127.5642298062282, 1127.5642298062282, 1127.5642298062282, 1127.5642298062282, 1127.5642298062282, 1127.5642298062282, 1127.5642298062282, 1127.5642298062282, 1127.5642298062282, 1127.5642298062282, 1127.5642298062282, 1127.5642298062282, 1127.5642298062282, 1127.5642298062282, 1127.5642298062282, 1127.5642298062282, 1127.5642298062282, 1127.564229806228, 1127.564229806228, 1127.564229806228, 1127.564229806228, 1127.564229806228, 1127.564229806228, 1127.564229806228, 1127.564229806228, 1127.564229806228, 1127.564229806228, 1127.564229806228, 1127.564229806228, 1127.564229806228, 1127.564229806228, 1127.564229806228, 1127.564229806228, 1127.564229806228, 1127.564229806228, 1127.564229806228, 1127.564229806228, 1127.564229806228, 1127.564229806228, 1127.564229806228, 1127.564229806228, 1127.564229806228, 1127.564229806228, 1127.564229806228, 1127.564229806228, 1127.564229806228, 1127.564229806228, 1127.564229806228, 1127.564229806228, 1127.564229806228, 1127.564229806228, 1127.564229806228, 1127.564229806228, 1127.564229806228, 1127.564229806228, 1127.564229806228, 1127.564229806228, 1127.564229806228, 1127.564229806228, 1127.564229806228, 1127.564229806228, 1127.564229806228, 1127.564229806228, 1127.564229806228, 1127.564229806228, 1127.564229806228, 1127.564229806228, 1127.564229806228, 1127.564229806228, 1127.564229806228, 1127.564229806228, 1127.564229806228, 1127.564229806228, 1127.564229806228, 1127.564229806228, 1127.564229806228, 1127.564229806228, 1127.564229806228, 1127.564229806228, 1127.564229806228, 1127.564229806228, 1127.564229806228, 1127.564229806228, 1127.564229806228, 1127.564229806228, 1127.564229806228, 1127.564229806228, 1127.564229806228, 1127.564229806228, 1127.564229806228, 1127.564229806228, 1127.564229806228, 1127.564229806228, 1127.564229806228, 1127.564229806228, 1127.564229806228, 1127.564229806228, 1127.564229806228, 1127.564229806228, 1127.564229806228, 1127.564229806228, 1127.564229806228, 1127.564229806228, 1127.564229806228, 1127.564229806228, 1127.564229806228, 1127.564229806228, 1127.564229806228, 1127.564229806228, 1127.564229806228, 1127.564229806228, 1127.564229806228, 1127.564229806228, 1127.564229806228, 1127.564229806228, 1127.564229806228, 1127.564229806228, 1127.564229806228, 1127.564229806228, 1127.564229806228, 1127.564229806228, 1127.564229806228, 1127.564229806228, 1127.564229806228, 1127.564229806228, 1127.564229806228, 1127.564229806228, 1127.564229806228, 1127.564229806228, 1127.564229806228, 1127.564229806228, 1127.564229806228, 1127.564229806228, 1127.564229806228, 1127.564229806228, 1127.564229806228, 1127.564229806228, 1127.564229806228, 1127.564229806228, 1127.564229806228, 1127.564229806228, 1127.564229806228, 1127.564229806228, 1127.564229806228, 1127.564229806228, 1127.564229806228, 1127.564229806228, 1127.564229806228, 1127.564229806228, 1127.564229806228, 1127.564229806228, 1127.564229806228, 1127.564229806228, 1127.564229806228, 1127.564229806228, 1127.564229806228, 1127.564229806228, 1127.564229806228, 1127.564229806228, 1127.564229806228, 1127.564229806228, 1127.564229806228, 1127.564229806228, 1127.564229806228, 1127.564229806228, 1127.564229806228, 1127.564229806228, 1127.564229806228, 1127.564229806228, 1127.564229806228, 1127.564229806228, 1127.564229806228, 1127.564229806228, 1124.3650002548334, 1124.3650002548334, 1124.3650002548334, 1124.3650002548334, 1124.3650002548334, 1124.3650002548334, 1124.3650002548334, 1124.3650002548334, 1124.3650002548334, 1124.3650002548334, 1122.1880349517007, 1122.1880349517007, 1122.1880349517007, 1122.1880349517007, 1122.1880349517007, 1122.1880349517007, 1122.1880349517007, 1122.1880349517007, 1118.2501509416984, 1118.2501509416984, 1118.2501509416984, 1118.2501509416984, 1118.2501509416984]
Computational time : 297.720000029