Name : Ahmed ElMousel
Problem : X-n190-k8 
Whale Algorithm 
cost : 787.202400686
Routes : 
1->31->17->2->13->1
1->25->28->1
1->22->32->20->18->14->8->27->1
1->7->4->3->24->5->12->29->15->1
1->30->19->9->10->23->16->11->26->6->21->1
best solutions : 
[875.5328179136425, 875.5328179136425, 875.5328179136425, 875.5328179136425, 875.1066888638535, 875.1066888638535, 870.067123462812, 870.067123462812, 820.5386209902128, 820.5386209902128, 820.5386209902128, 820.5386209902128, 820.5386209902128, 820.5386209902128, 820.5386209902128, 820.5386209902128, 820.1539146377886, 816.805424131549, 816.805424131549, 816.805424131549, 804.0633113941419, 804.0633113941419, 804.0633113941419, 804.0633113941419, 803.1348927721363, 798.1293307529434, 798.1293307529434, 798.1293307529434, 798.1293307529434, 798.1293307529434, 798.1293307529434, 798.1293307529434, 798.1293307529434, 798.1293307529434, 798.1293307529434, 798.1293307529434, 798.1293307529434, 798.1293307529434, 798.1293307529434, 798.1293307529434, 798.1293307529434, 798.1293307529434, 798.1293307529434, 798.1293307529434, 797.6854481363182, 797.6854481363182, 797.6854481363182, 797.6854481363182, 793.197476442452, 793.197476442452, 793.197476442452, 793.197476442452, 793.197476442452, 793.197476442452, 793.197476442452, 793.197476442452, 793.197476442452, 793.197476442452, 793.197476442452, 793.197476442452, 793.197476442452, 793.197476442452, 793.197476442452, 793.197476442452, 793.197476442452, 793.197476442452, 793.197476442452, 793.197476442452, 793.197476442452, 793.197476442452, 793.197476442452, 789.1811573372236, 789.1811573372236, 789.1811573372236, 789.1811573372236, 789.1811573372236, 789.1811573372236, 789.1811573372236, 789.1811573372236, 789.1811573372236, 789.1811573372236, 789.1811573372236, 789.1811573372236, 789.1811573372236, 789.1811573372236, 789.1811573372236, 789.1811573372236, 789.1811573372236, 789.1811573372236, 789.1811573372236, 789.1811573372236, 789.1811573372236, 789.1811573372236, 789.1811573372236, 789.1811573372236, 789.1811573372236, 789.1811573372236, 789.1811573372236, 787.2024006859942, 787.2024006859942, 787.2024006859942, 787.2024006859942, 787.2024006859942, 787.2024006859942, 787.2024006859942, 787.2024006859942, 787.2024006859942, 787.2024006859942, 787.2024006859942, 787.2024006859942, 787.2024006859942, 787.2024006859942, 787.2024006859942, 787.2024006859942, 787.2024006859942, 787.2024006859942, 787.2024006859942, 787.2024006859942, 787.2024006859942, 787.2024006859942, 787.2024006859942, 787.2024006859942, 787.2024006859942, 787.2024006859942, 787.2024006859942, 787.2024006859942, 787.2024006859942, 787.2024006859942, 787.2024006859942, 787.2024006859942, 787.2024006859942, 787.2024006859942, 787.2024006859942, 787.2024006859942, 787.2024006859942, 787.2024006859942, 787.2024006859942, 787.2024006859942, 787.2024006859942, 787.2024006859942, 787.2024006859942, 787.2024006859942, 787.2024006859942, 787.2024006859942, 787.2024006859942, 787.2024006859942, 787.2024006859942, 787.2024006859942, 787.2024006859942, 787.2024006859942, 787.2024006859942, 787.2024006859942, 787.2024006859942, 787.2024006859942, 787.2024006859942, 787.2024006859942, 787.2024006859942, 787.2024006859942, 787.2024006859942, 787.2024006859942, 787.2024006859942, 787.2024006859942, 787.2024006859942, 787.2024006859942, 787.2024006859942, 787.2024006859942, 787.2024006859942, 787.2024006859942, 787.2024006859942, 787.2024006859942, 787.2024006859942, 787.2024006859942, 787.2024006859942, 787.2024006859942, 787.2024006859942, 787.2024006859942, 787.2024006859942, 787.2024006859942, 787.2024006859942, 787.2024006859942, 787.2024006859942, 787.2024006859942, 787.2024006859942, 787.2024006859942, 787.2024006859942, 787.2024006859942, 787.2024006859942, 787.2024006859942, 787.2024006859942, 787.2024006859942, 787.2024006859942, 787.2024006859942, 787.2024006859942, 787.2024006859942, 787.2024006859942, 787.2024006859942, 787.2024006859942, 787.2024006859942, 787.2024006859942, 787.2024006859942, 787.2024006859942, 787.2024006859942, 787.2024006859942, 787.2024006859942, 787.2024006859942, 787.2024006859942, 787.2024006859942, 787.2024006859942, 787.2024006859942, 787.2024006859942, 787.2024006859942, 787.2024006859942, 787.2024006859942, 787.2024006859942, 787.2024006859942, 787.2024006859942, 787.2024006859942, 787.2024006859942, 787.2024006859942, 787.2024006859942, 787.2024006859942, 787.2024006859942, 787.2024006859942, 787.2024006859942, 787.2024006859942, 787.2024006859942, 787.2024006859942, 787.2024006859942, 787.2024006859942, 787.2024006859942, 787.2024006859942, 787.2024006859942, 787.2024006859942, 787.2024006859942, 787.2024006859942, 787.2024006859942, 787.2024006859942, 787.2024006859942, 787.2024006859942, 787.2024006859942, 787.2024006859942, 787.2024006859942, 787.2024006859942, 787.2024006859942, 787.2024006859942, 787.2024006859942, 787.2024006859942, 787.2024006859942, 787.2024006859942, 787.2024006859942, 787.2024006859942, 787.2024006859942, 787.2024006859942, 787.2024006859942, 787.2024006859942, 787.2024006859942, 787.2024006859942, 787.2024006859942, 787.2024006859942, 787.2024006859942, 787.2024006859942, 787.2024006859942, 787.2024006859942, 787.2024006859942, 787.2024006859942, 787.2024006859942, 787.2024006859942, 787.2024006859942, 787.2024006859942, 787.2024006859942, 787.2024006859942, 787.2024006859942, 787.2024006859942, 787.2024006859942, 787.2024006859942, 787.2024006859942, 787.2024006859942, 787.2024006859942, 787.2024006859942, 787.2024006859942, 787.2024006859942, 787.2024006859942, 787.2024006859942, 787.2024006859942, 787.2024006859942, 787.2024006859942, 787.2024006859942, 787.2024006859942, 787.2024006859942, 787.2024006859942, 787.2024006859942, 787.2024006859942, 787.2024006859942, 787.2024006859942, 787.2024006859942, 787.2024006859942, 787.2024006859942, 787.2024006859942, 787.2024006859942, 787.2024006859942, 787.2024006859942, 787.2024006859942, 787.2024006859942, 787.2024006859942, 787.2024006859942, 787.2024006859942, 787.2024006859942, 787.2024006859942, 787.2024006859942, 787.2024006859942, 787.2024006859942, 787.2024006859942, 787.2024006859942, 787.2024006859942, 787.2024006859942, 787.2024006859942, 787.2024006859942, 787.2024006859942, 787.2024006859942, 787.2024006859942, 787.2024006859942, 787.2024006859942, 787.2024006859942, 787.2024006859942, 787.2024006859942, 787.2024006859942, 787.2024006859942, 787.2024006859942, 787.2024006859942, 787.2024006859942, 787.2024006859942, 787.2024006859942, 787.2024006859942, 787.2024006859942, 787.2024006859942, 787.2024006859942, 787.2024006859942, 787.2024006859942, 787.2024006859942, 787.2024006859942, 787.2024006859942, 787.2024006859942, 787.2024006859942, 787.2024006859942, 787.2024006859942, 787.2024006859942, 787.2024006859942, 787.2024006859942, 787.2024006859942, 787.2024006859942, 787.2024006859942, 787.2024006859942, 787.2024006859942, 787.2024006859942, 787.2024006859942, 787.2024006859942, 787.2024006859942, 787.2024006859942, 787.2024006859942, 787.2024006859942, 787.2024006859942, 787.2024006859942, 787.2024006859942, 787.2024006859942, 787.2024006859942, 787.2024006859942, 787.2024006859942, 787.2024006859942, 787.2024006859942, 787.2024006859942, 787.2024006859942, 787.2024006859942, 787.2024006859942, 787.2024006859942, 787.2024006859942, 787.2024006859942, 787.2024006859942, 787.2024006859942, 787.2024006859942, 787.2024006859942, 787.2024006859942, 787.2024006859942, 787.2024006859942, 787.2024006859942, 787.2024006859942, 787.2024006859942, 787.2024006859942, 787.2024006859942, 787.2024006859942, 787.2024006859942, 787.2024006859942, 787.2024006859942, 787.2024006859942, 787.2024006859942, 787.2024006859942, 787.2024006859942, 787.2024006859942, 787.2024006859942, 787.2024006859942, 787.2024006859942, 787.2024006859942, 787.2024006859942, 787.2024006859942, 787.2024006859942, 787.2024006859942, 787.2024006859942, 787.2024006859942, 787.2024006859942, 787.2024006859942, 787.2024006859942, 787.2024006859942, 787.2024006859942, 787.2024006859942, 787.2024006859942, 787.2024006859942, 787.2024006859942, 787.2024006859942, 787.2024006859942, 787.2024006859942, 787.2024006859942, 787.2024006859942, 787.2024006859942, 787.2024006859942, 787.2024006859942, 787.2024006859942, 787.2024006859942, 787.2024006859942, 787.2024006859942, 787.2024006859942, 787.2024006859942, 787.2024006859942, 787.2024006859942, 787.2024006859942, 787.2024006859942, 787.2024006859942, 787.2024006859942, 787.2024006859942, 787.2024006859942, 787.2024006859942, 787.2024006859942, 787.2024006859942, 787.2024006859942, 787.2024006859942, 787.2024006859942, 787.2024006859942, 787.2024006859942, 787.2024006859942, 787.2024006859942, 787.2024006859942, 787.2024006859942, 787.2024006859942, 787.2024006859942, 787.2024006859942, 787.2024006859942, 787.2024006859942, 787.2024006859942, 787.2024006859942, 787.2024006859942, 787.2024006859942, 787.2024006859942, 787.2024006859942, 787.2024006859942, 787.2024006859942, 787.2024006859942, 787.2024006859942, 787.2024006859942, 787.2024006859942, 787.2024006859942, 787.2024006859942, 787.2024006859942, 787.2024006859942, 787.2024006859942, 787.2024006859942, 787.2024006859942, 787.2024006859942, 787.2024006859942, 787.2024006859942, 787.2024006859942, 787.2024006859942, 787.2024006859942, 787.2024006859942, 787.2024006859942, 787.2024006859942, 787.2024006859942, 787.2024006859942, 787.2024006859942, 787.2024006859942, 787.2024006859942, 787.2024006859942, 787.2024006859942, 787.2024006859942, 787.2024006859942, 787.2024006859942, 787.2024006859942, 787.2024006859942, 787.2024006859942, 787.2024006859942, 787.2024006859942, 787.2024006859942, 787.2024006859942, 787.2024006859942, 787.2024006859942, 787.2024006859942, 787.2024006859942, 787.2024006859942, 787.2024006859942, 787.2024006859942, 787.2024006859942, 787.2024006859942, 787.2024006859942, 787.2024006859942, 787.2024006859942, 787.2024006859942, 787.2024006859942, 787.2024006859942, 787.2024006859942, 787.2024006859942, 787.2024006859942, 787.2024006859942, 787.2024006859942, 787.2024006859942, 787.2024006859942, 787.2024006859942, 787.2024006859942, 787.2024006859942, 787.2024006859942, 787.2024006859942, 787.2024006859942, 787.2024006859942, 787.2024006859942, 787.2024006859942, 787.2024006859942, 787.2024006859942, 787.2024006859942, 787.2024006859942, 787.2024006859942, 787.2024006859942, 787.2024006859942, 787.2024006859942, 787.2024006859942, 787.2024006859942, 787.2024006859942, 787.2024006859942, 787.2024006859942, 787.2024006859942, 787.2024006859942, 787.2024006859942, 787.2024006859942, 787.2024006859942, 787.2024006859942, 787.2024006859942, 787.2024006859942, 787.2024006859942, 787.2024006859942, 787.2024006859942, 787.2024006859942, 787.2024006859942, 787.2024006859942, 787.2024006859942, 787.2024006859942, 787.2024006859942, 787.2024006859942, 787.2024006859942, 787.2024006859942, 787.2024006859942, 787.2024006859942, 787.2024006859942, 787.2024006859942, 787.2024006859942, 787.2024006859942, 787.2024006859942, 787.2024006859942, 787.2024006859942, 787.2024006859942, 787.2024006859942, 787.2024006859942, 787.2024006859942, 787.2024006859942, 787.2024006859942, 787.2024006859942, 787.2024006859942, 787.2024006859942, 787.2024006859942, 787.2024006859942, 787.2024006859942, 787.2024006859942, 787.2024006859942, 787.2024006859942, 787.2024006859942, 787.2024006859942, 787.2024006859942, 787.2024006859942, 787.2024006859942, 787.2024006859942, 787.2024006859942, 787.2024006859942, 787.2024006859942, 787.2024006859942, 787.2024006859942, 787.2024006859942, 787.2024006859942, 787.2024006859942, 787.2024006859942, 787.2024006859942, 787.2024006859942, 787.2024006859942, 787.2024006859942, 787.2024006859942, 787.2024006859942, 787.2024006859942, 787.2024006859942, 787.2024006859942, 787.2024006859942, 787.2024006859942, 787.2024006859942, 787.2024006859942, 787.2024006859942, 787.2024006859942, 787.2024006859942, 787.2024006859942, 787.2024006859942, 787.2024006859942, 787.2024006859942, 787.2024006859942, 787.2024006859942, 787.2024006859942, 787.2024006859942, 787.2024006859942, 787.2024006859942, 787.2024006859942, 787.2024006859942, 787.2024006859942, 787.2024006859942, 787.2024006859942, 787.2024006859942, 787.2024006859942, 787.2024006859942, 787.2024006859942, 787.2024006859942, 787.2024006859942, 787.2024006859942, 787.2024006859942, 787.2024006859942, 787.2024006859942, 787.2024006859942, 787.2024006859942, 787.2024006859942, 787.2024006859942, 787.2024006859942, 787.2024006859942, 787.2024006859942, 787.2024006859942, 787.2024006859942, 787.2024006859942, 787.2024006859942, 787.2024006859942, 787.2024006859942, 787.2024006859942, 787.2024006859942, 787.2024006859942, 787.2024006859942, 787.2024006859942, 787.2024006859942, 787.2024006859942, 787.2024006859942, 787.2024006859942, 787.2024006859942, 787.2024006859942, 787.2024006859942, 787.2024006859942, 787.2024006859942, 787.2024006859942, 787.2024006859942, 787.2024006859942, 787.2024006859942, 787.2024006859942, 787.2024006859942, 787.2024006859942, 787.2024006859942, 787.2024006859942, 787.2024006859942, 787.2024006859942, 787.2024006859942, 787.2024006859942, 787.2024006859942, 787.2024006859942, 787.2024006859942, 787.2024006859942, 787.2024006859942, 787.2024006859942, 787.2024006859942, 787.2024006859942, 787.2024006859942, 787.2024006859942, 787.2024006859942, 787.2024006859942, 787.2024006859942, 787.2024006859942, 787.2024006859942, 787.2024006859942, 787.2024006859942, 787.2024006859942, 787.2024006859942, 787.2024006859942, 787.2024006859942, 787.2024006859942, 787.2024006859942, 787.2024006859942, 787.2024006859942, 787.2024006859942, 787.2024006859942, 787.2024006859942, 787.2024006859942, 787.2024006859942, 787.2024006859942, 787.2024006859942, 787.2024006859942, 787.2024006859942, 787.2024006859942, 787.2024006859942, 787.2024006859942, 787.2024006859942, 787.2024006859942, 787.2024006859942, 787.2024006859942, 787.2024006859942, 787.2024006859942, 787.2024006859942, 787.2024006859942, 787.2024006859942, 787.2024006859942, 787.2024006859942, 787.2024006859942, 787.2024006859942, 787.2024006859942, 787.2024006859942, 787.2024006859942, 787.2024006859942, 787.2024006859942, 787.2024006859942, 787.2024006859942, 787.2024006859942, 787.2024006859942, 787.2024006859942, 787.2024006859942, 787.2024006859942, 787.2024006859942, 787.2024006859942, 787.2024006859942, 787.2024006859942, 787.2024006859942, 787.2024006859942, 787.2024006859942, 787.2024006859942, 787.2024006859942, 787.2024006859942, 787.2024006859942, 787.2024006859942, 787.2024006859942, 787.2024006859942, 787.2024006859942, 787.2024006859942, 787.2024006859942, 787.2024006859942, 787.2024006859942, 787.2024006859942, 787.2024006859942, 787.2024006859942, 787.2024006859942, 787.2024006859942, 787.2024006859942, 787.2024006859942, 787.2024006859942, 787.2024006859942, 787.2024006859942, 787.2024006859942, 787.2024006859942, 787.2024006859942, 787.2024006859942, 787.2024006859942, 787.2024006859942, 787.2024006859942, 787.2024006859942, 787.2024006859942, 787.2024006859942, 787.2024006859942, 787.2024006859942, 787.2024006859942, 787.2024006859942, 787.2024006859942, 787.2024006859942, 787.2024006859942, 787.2024006859942, 787.2024006859942, 787.2024006859942, 787.2024006859942, 787.2024006859942, 787.2024006859942, 787.2024006859942, 787.2024006859942, 787.2024006859942, 787.2024006859942, 787.2024006859942, 787.2024006859942, 787.2024006859942, 787.2024006859942, 787.2024006859942, 787.2024006859942, 787.2024006859942, 787.2024006859942, 787.2024006859942, 787.2024006859942, 787.2024006859942, 787.2024006859942, 787.2024006859942, 787.2024006859942, 787.2024006859942, 787.2024006859942, 787.2024006859942, 787.2024006859942, 787.2024006859942, 787.2024006859942, 787.2024006859942, 787.2024006859942, 787.2024006859942, 787.2024006859942, 787.2024006859942, 787.2024006859942, 787.2024006859942, 787.2024006859942, 787.2024006859942, 787.2024006859942, 787.2024006859942, 787.2024006859942, 787.2024006859942, 787.2024006859942, 787.2024006859942, 787.2024006859942, 787.2024006859942, 787.2024006859942, 787.2024006859942, 787.2024006859942, 787.2024006859942, 787.2024006859942, 787.2024006859942, 787.2024006859942, 787.2024006859942, 787.2024006859942, 787.2024006859942, 787.2024006859942, 787.2024006859942, 787.2024006859942, 787.2024006859942, 787.2024006859942, 787.2024006859942, 787.2024006859942, 787.2024006859942, 787.2024006859942, 787.2024006859942, 787.2024006859942, 787.2024006859942, 787.2024006859942, 787.2024006859942, 787.2024006859942, 787.2024006859942, 787.2024006859942, 787.2024006859942, 787.2024006859942, 787.2024006859942, 787.2024006859942, 787.2024006859942, 787.2024006859942, 787.2024006859942, 787.2024006859942, 787.2024006859942, 787.2024006859942, 787.2024006859942, 787.2024006859942, 787.2024006859942, 787.2024006859942, 787.2024006859942, 787.2024006859942, 787.2024006859942, 787.2024006859942, 787.2024006859942, 787.2024006859942, 787.2024006859942, 787.2024006859942, 787.2024006859942, 787.2024006859942, 787.2024006859942, 787.2024006859942, 787.2024006859942, 787.2024006859942, 787.2024006859942, 787.2024006859942, 787.2024006859942, 787.2024006859942, 787.2024006859942, 787.2024006859942, 787.2024006859942, 787.2024006859942, 787.2024006859942, 787.2024006859942, 787.2024006859942, 787.2024006859942, 787.2024006859942, 787.2024006859942, 787.2024006859942, 787.2024006859942, 787.2024006859942, 787.2024006859942, 787.2024006859942, 787.2024006859942, 787.2024006859942, 787.2024006859942, 787.2024006859942, 787.2024006859942, 787.2024006859942, 787.2024006859942, 787.2024006859942, 787.2024006859942, 787.2024006859942, 787.2024006859942, 787.2024006859942, 787.2024006859942, 787.2024006859942, 787.2024006859942, 787.2024006859942, 787.2024006859942, 787.2024006859942, 787.2024006859942, 787.2024006859942, 787.2024006859942, 787.2024006859942, 787.2024006859942, 787.2024006859942, 787.2024006859942, 787.2024006859942, 787.2024006859942, 787.2024006859942, 787.2024006859942, 787.2024006859942, 787.2024006859942, 787.2024006859942, 787.2024006859942, 787.2024006859942, 787.2024006859942, 787.2024006859942, 787.2024006859942, 787.2024006859942, 787.2024006859942, 787.2024006859942, 787.2024006859942, 787.2024006859942, 787.2024006859942, 787.2024006859942, 787.2024006859942, 787.2024006859942, 787.2024006859942, 787.2024006859942, 787.2024006859942, 787.2024006859942, 787.2024006859942, 787.2024006859942, 787.2024006859942, 787.2024006859942, 787.2024006859942, 787.2024006859942, 787.2024006859942, 787.2024006859942, 787.2024006859942, 787.2024006859942, 787.2024006859942, 787.2024006859942, 787.2024006859942, 787.2024006859942, 787.2024006859942, 787.2024006859942, 787.2024006859942, 787.2024006859942, 787.2024006859942, 787.2024006859942, 787.2024006859942, 787.2024006859942, 787.2024006859942, 787.2024006859942, 787.2024006859942, 787.2024006859942, 787.2024006859942, 787.2024006859942, 787.2024006859942, 787.2024006859942, 787.2024006859942, 787.2024006859942, 787.2024006859942, 787.2024006859942, 787.2024006859942, 787.2024006859942, 787.2024006859942, 787.2024006859942, 787.2024006859942, 787.2024006859942, 787.2024006859942, 787.2024006859942, 787.2024006859942, 787.2024006859942, 787.2024006859942, 787.2024006859942, 787.2024006859942, 787.2024006859942, 787.2024006859942, 787.2024006859942, 787.2024006859942, 787.2024006859942, 787.2024006859942, 787.2024006859942, 787.2024006859942, 787.2024006859942, 787.2024006859942, 787.2024006859942, 787.2024006859942, 787.2024006859942, 787.2024006859942, 787.2024006859942, 787.2024006859942, 787.2024006859942, 787.2024006859942, 787.2024006859942, 787.2024006859942, 787.2024006859942, 787.2024006859942, 787.2024006859942, 787.2024006859942, 787.2024006859942, 787.2024006859942, 787.2024006859942, 787.2024006859942, 787.2024006859942, 787.2024006859942, 787.2024006859942, 787.2024006859942, 787.2024006859942, 787.2024006859942, 787.2024006859942, 787.2024006859942, 787.2024006859942, 787.2024006859942, 787.2024006859942, 787.2024006859942, 787.2024006859942, 787.2024006859942, 787.2024006859942, 787.2024006859942, 787.2024006859942, 787.2024006859942, 787.2024006859942, 787.2024006859942, 787.2024006859942, 787.2024006859942, 787.2024006859942, 787.2024006859942, 787.2024006859942, 787.2024006859942, 787.2024006859942, 787.2024006859942, 787.2024006859942, 787.2024006859942, 787.2024006859942, 787.2024006859942, 787.2024006859942, 787.2024006859942, 787.2024006859942, 787.2024006859942, 787.2024006859942, 787.2024006859942, 787.2024006859942, 787.2024006859942, 787.2024006859942, 787.2024006859942, 787.2024006859942, 787.2024006859942, 787.2024006859942, 787.2024006859942, 787.2024006859942, 787.2024006859942, 787.2024006859942, 787.2024006859942, 787.2024006859942, 787.2024006859942, 787.2024006859942, 787.2024006859942, 787.2024006859942, 787.2024006859942, 787.2024006859942, 787.2024006859942, 787.2024006859942, 787.2024006859942, 787.2024006859942, 787.2024006859942, 787.2024006859942, 787.2024006859942, 787.2024006859942, 787.2024006859942, 787.2024006859942, 787.2024006859942, 787.2024006859942, 787.2024006859942, 787.2024006859942, 787.2024006859942, 787.2024006859942, 787.2024006859942, 787.2024006859942, 787.2024006859942, 787.2024006859942, 787.2024006859942, 787.2024006859942, 787.2024006859942, 787.2024006859942, 787.2024006859942, 787.2024006859942, 787.2024006859942, 787.2024006859942, 787.2024006859942, 787.2024006859942, 787.2024006859942, 787.2024006859942, 787.2024006859942, 787.2024006859942, 787.2024006859942, 787.2024006859942, 787.2024006859942, 787.2024006859942, 787.2024006859942, 787.2024006859942, 787.2024006859942, 787.2024006859942, 787.2024006859942, 787.2024006859942, 787.2024006859942, 787.2024006859942, 787.2024006859942, 787.2024006859942, 787.2024006859942, 787.2024006859942, 787.2024006859942, 787.2024006859942, 787.2024006859942, 787.2024006859942, 787.2024006859942, 787.2024006859942, 787.2024006859942, 787.2024006859942, 787.2024006859942, 787.2024006859942, 787.2024006859942, 787.2024006859942, 787.2024006859942, 787.2024006859942, 787.2024006859942, 787.2024006859942, 787.2024006859942, 787.2024006859942, 787.2024006859942, 787.2024006859942, 787.2024006859942, 787.2024006859942, 787.2024006859942, 787.2024006859942, 787.2024006859942, 787.2024006859942, 787.2024006859942, 787.2024006859942, 787.2024006859942, 787.2024006859942, 787.2024006859942, 787.2024006859942, 787.2024006859942, 787.2024006859942, 787.2024006859942, 787.2024006859942, 787.2024006859942, 787.2024006859942, 787.2024006859942, 787.2024006859942, 787.2024006859942, 787.2024006859942, 787.2024006859942, 787.2024006859942, 787.2024006859942, 787.2024006859942, 787.2024006859942, 787.2024006859942, 787.2024006859942, 787.2024006859942, 787.2024006859942, 787.2024006859942, 787.2024006859942, 787.2024006859942, 787.2024006859942, 787.2024006859942, 787.2024006859942, 787.2024006859942, 787.2024006859942, 787.2024006859942, 787.2024006859942, 787.2024006859942, 787.2024006859942, 787.2024006859942, 787.2024006859942, 787.2024006859942, 787.2024006859942, 787.2024006859942, 787.2024006859942, 787.2024006859942, 787.2024006859942, 787.2024006859942, 787.2024006859942, 787.2024006859942, 787.2024006859942, 787.2024006859942, 787.2024006859942, 787.2024006859942, 787.2024006859942, 787.2024006859942, 787.2024006859942, 787.2024006859942, 787.2024006859942, 787.2024006859942, 787.2024006859942, 787.2024006859942, 787.2024006859942, 787.2024006859942, 787.2024006859942, 787.2024006859942, 787.2024006859942, 787.2024006859942, 787.2024006859942, 787.2024006859942, 787.2024006859942, 787.2024006859942, 787.2024006859942, 787.2024006859942, 787.2024006859942, 787.2024006859942, 787.2024006859942, 787.2024006859942, 787.2024006859942, 787.2024006859942, 787.2024006859942, 787.2024006859942, 787.2024006859942, 787.2024006859942, 787.2024006859942, 787.2024006859942, 787.2024006859942, 787.2024006859942, 787.2024006859942, 787.2024006859942, 787.2024006859942, 787.2024006859942, 787.2024006859942, 787.2024006859942, 787.2024006859942, 787.2024006859942, 787.2024006859942, 787.2024006859942, 787.2024006859942, 787.2024006859942, 787.2024006859942, 787.2024006859942, 787.2024006859942, 787.2024006859942, 787.2024006859942, 787.2024006859942, 787.2024006859942, 787.2024006859942, 787.2024006859942, 787.2024006859942, 787.2024006859942, 787.2024006859942, 787.2024006859942, 787.2024006859942, 787.2024006859942, 787.2024006859942, 787.2024006859942, 787.2024006859942, 787.2024006859942, 787.2024006859942, 787.2024006859942, 787.2024006859942, 787.2024006859942, 787.2024006859942, 787.2024006859942, 787.2024006859942, 787.2024006859942, 787.2024006859942, 787.2024006859942, 787.2024006859942, 787.2024006859942, 787.2024006859942, 787.2024006859942, 787.2024006859942, 787.2024006859942, 787.2024006859942, 787.2024006859942, 787.2024006859942, 787.2024006859942, 787.2024006859942, 787.2024006859942, 787.2024006859942, 787.2024006859942, 787.2024006859942, 787.2024006859942, 787.2024006859942, 787.2024006859942, 787.2024006859942, 787.2024006859942, 787.2024006859942, 787.2024006859942, 787.2024006859942, 787.2024006859942, 787.2024006859942, 787.2024006859942, 787.2024006859942, 787.2024006859942, 787.2024006859942, 787.2024006859942, 787.2024006859942, 787.2024006859942, 787.2024006859942, 787.2024006859942, 787.2024006859942, 787.2024006859942, 787.2024006859942, 787.2024006859942, 787.2024006859942, 787.2024006859942, 787.2024006859942, 787.2024006859942, 787.2024006859942, 787.2024006859942, 787.2024006859942, 787.2024006859942, 787.2024006859942, 787.2024006859942, 787.2024006859942, 787.2024006859942, 787.2024006859942, 787.2024006859942, 787.2024006859942, 787.2024006859942, 787.2024006859942, 787.2024006859942, 787.2024006859942, 787.2024006859942, 787.2024006859942, 787.2024006859942, 787.2024006859942, 787.2024006859942, 787.2024006859942, 787.2024006859942, 787.2024006859942, 787.2024006859942, 787.2024006859942, 787.2024006859942, 787.2024006859942, 787.2024006859942, 787.2024006859942, 787.2024006859942, 787.2024006859942, 787.2024006859942, 787.2024006859942, 787.2024006859942, 787.2024006859942, 787.2024006859942, 787.2024006859942, 787.2024006859942, 787.2024006859942, 787.2024006859942, 787.2024006859942, 787.2024006859942, 787.2024006859942, 787.2024006859942, 787.2024006859942, 787.2024006859942, 787.2024006859942, 787.2024006859942, 787.2024006859942, 787.2024006859942, 787.2024006859942, 787.2024006859942, 787.2024006859942, 787.2024006859942, 787.2024006859942, 787.2024006859942, 787.2024006859942, 787.2024006859942, 787.2024006859942, 787.2024006859942, 787.2024006859942, 787.2024006859942, 787.2024006859942, 787.2024006859942, 787.2024006859942, 787.2024006859942, 787.2024006859942, 787.2024006859942, 787.2024006859942, 787.2024006859942, 787.2024006859942, 787.2024006859942, 787.2024006859942, 787.2024006859942, 787.2024006859942, 787.2024006859942, 787.2024006859942, 787.2024006859942, 787.2024006859942, 787.2024006859942, 787.2024006859942, 787.2024006859942, 787.2024006859942, 787.2024006859942, 787.2024006859942, 787.2024006859942, 787.2024006859942, 787.2024006859942, 787.2024006859942, 787.2024006859942, 787.2024006859942, 787.2024006859942, 787.2024006859942, 787.2024006859942, 787.2024006859942, 787.2024006859942, 787.2024006859942, 787.2024006859942, 787.2024006859942, 787.2024006859942, 787.2024006859942, 787.2024006859942, 787.2024006859942, 787.2024006859942, 787.2024006859942, 787.2024006859942, 787.2024006859942, 787.2024006859942, 787.2024006859942, 787.2024006859942, 787.2024006859942, 787.2024006859942, 787.2024006859942, 787.2024006859942, 787.2024006859942, 787.2024006859942, 787.2024006859942, 787.2024006859942, 787.2024006859942, 787.2024006859942, 787.2024006859942, 787.2024006859942, 787.2024006859942, 787.2024006859942, 787.2024006859942, 787.2024006859942, 787.2024006859942, 787.2024006859942, 787.2024006859942, 787.2024006859942, 787.2024006859942, 787.2024006859942, 787.2024006859942, 787.2024006859942, 787.2024006859942, 787.2024006859942, 787.2024006859942, 787.2024006859942, 787.2024006859942, 787.2024006859942, 787.2024006859942, 787.2024006859942, 787.2024006859942, 787.2024006859942, 787.2024006859942, 787.2024006859942, 787.2024006859942, 787.2024006859942, 787.2024006859942, 787.2024006859942, 787.2024006859942, 787.2024006859942, 787.2024006859942, 787.2024006859942, 787.2024006859942, 787.2024006859942, 787.2024006859942, 787.2024006859942, 787.2024006859942, 787.2024006859942, 787.2024006859942, 787.2024006859942, 787.2024006859942, 787.2024006859942, 787.2024006859942, 787.2024006859942, 787.2024006859942, 787.2024006859942, 787.2024006859942, 787.2024006859942, 787.2024006859942, 787.2024006859942, 787.2024006859942, 787.2024006859942, 787.2024006859942, 787.2024006859942, 787.2024006859942, 787.2024006859942, 787.2024006859942, 787.2024006859942, 787.2024006859942, 787.2024006859942, 787.2024006859942, 787.2024006859942, 787.2024006859942, 787.2024006859942, 787.2024006859942, 787.2024006859942, 787.2024006859942, 787.2024006859942, 787.2024006859942, 787.2024006859942, 787.2024006859942, 787.2024006859942, 787.2024006859942, 787.2024006859942, 787.2024006859942, 787.2024006859942, 787.2024006859942, 787.2024006859942, 787.2024006859942, 787.2024006859942, 787.2024006859942, 787.2024006859942, 787.2024006859942, 787.2024006859942, 787.2024006859942]
Computational time : 5.44600009918