Name : Ahmed ElMousel
Problem : X-n115-k10 
Whale Algorithm 
cost : 18717.8047723
Routes : 
1->1
1->1
1->1
1->1
1->85->26->37->17->33->8->20->56->138->140->96->58->74->52->50->51->72->10->110->131->14->1
1->1
1->129->55->66->48->97->34->126->22->24->133->105->63->45->65->62->46->90->13->1
1->137->116->94->49->59->88->80->99->32->7->103->61->112->2->108->6->87->42->3->79->127->1
1->1
1->125->71->53->21->102->118->109->93->135->39->16->28->107->25->67->100->89->1
1->69->119->91->134->19->75->12->101->82->38->123->15->124->143->29->36->86->121->128->1
1->5->41->60->136->35->139->106->130->77->4->95->76->114->11->104->142->78->84->57->92->98->1
1->117->18->9->44->115->111->54->73->122->31->47->68->64->27->113->141->132->70->40->43->30->81->120->23->83->1
best solutions : 
[26428.371518319494, 25133.899872281334, 24371.876259005992, 23698.42950771435, 23502.65478204227, 23424.11258008923, 23037.437475858398, 22713.04861724541, 22661.85004096824, 21893.079061465454, 21893.079061465454, 21819.861875769653, 20878.40463389786, 20835.15186765184, 20835.15186765184, 20835.15186765184, 20835.15186765184, 20835.15186765184, 20785.73000846846, 20649.25230528469, 20580.332166518958, 20580.332166518958, 20580.332166518958, 20367.780408449522, 20367.780408449522, 20367.780408449522, 20367.780408449522, 20367.780408449522, 20271.467455030845, 20271.467455030845, 20271.467455030845, 20271.467455030845, 20271.467455030845, 20271.467455030845, 20271.467455030845, 20271.467455030845, 20271.467455030845, 20271.467455030845, 20132.518030918385, 20132.518030918385, 20132.518030918385, 20132.518030918385, 20132.518030918385, 20132.518030918385, 20132.518030918385, 20132.518030918385, 20132.518030918385, 20132.518030918385, 20132.518030918385, 20132.518030918385, 20132.518030918385, 20132.518030918385, 20132.518030918385, 20132.518030918385, 20132.518030918385, 20132.518030918385, 20089.238279158137, 20089.238279158137, 20047.512768574332, 20047.512768574332, 20047.512768574332, 20047.512768574332, 20047.512768574332, 20047.512768574332, 20047.512768574332, 20047.512768574332, 20047.512768574332, 20047.512768574332, 20047.512768574332, 20047.512768574332, 20047.512768574332, 20047.512768574332, 20028.76368332564, 20028.76368332564, 20028.76368332564, 20010.640080483976, 20010.640080483976, 20010.640080483976, 20010.640080483976, 20010.640080483976, 20010.640080483976, 20010.640080483976, 20010.640080483976, 20010.640080483976, 20010.640080483976, 20010.640080483976, 20010.640080483976, 20010.640080483976, 20010.640080483976, 20010.640080483976, 20001.103697835646, 20001.103697835646, 20001.103697835646, 19989.868217569277, 19989.868217569277, 19989.868217569277, 19989.868217569277, 19989.868217569277, 19989.868217569277, 19989.868217569277, 19989.868217569277, 19989.868217569277, 19989.868217569277, 19989.868217569277, 19989.868217569277, 19989.868217569277, 19989.868217569277, 19989.868217569277, 19953.07436515981, 19953.07436515981, 19953.07436515981, 19953.07436515981, 19953.07436515981, 19953.07436515981, 19953.07436515981, 19923.78152747962, 19923.78152747962, 19923.78152747962, 19826.699971787333, 19826.699971787333, 19826.699971787333, 19826.699971787333, 19826.699971787333, 19826.699971787333, 19826.699971787333, 19826.699971787333, 19826.699971787333, 19826.699971787333, 19826.699971787333, 19826.699971787333, 19826.699971787333, 19826.699971787333, 19826.699971787333, 19826.699971787333, 19826.699971787333, 19826.699971787333, 19826.699971787333, 19826.699971787333, 19826.699971787333, 19826.699971787333, 19826.699971787333, 19816.276929271993, 19798.981279808835, 19798.981279808835, 19798.981279808835, 19798.981279808835, 19798.981279808835, 19779.277554362106, 19779.277554362106, 19779.277554362106, 19779.277554362106, 19779.277554362106, 19779.277554362106, 19651.054332707135, 19605.740077647057, 19605.740077647057, 19605.740077647057, 19605.740077647057, 19605.740077647057, 19605.740077647057, 19597.88341122544, 19597.88341122544, 19597.88341122544, 19597.88341122544, 19597.88341122544, 19597.88341122544, 19597.88341122544, 19597.88341122544, 19597.88341122544, 19597.88341122544, 19597.88341122544, 19597.88341122544, 19597.88341122544, 19597.88341122544, 19597.88341122544, 19597.88341122544, 19597.88341122544, 19597.88341122544, 19597.88341122544, 19597.88341122544, 19597.88341122544, 19597.88341122544, 19597.88341122544, 19597.88341122544, 19597.88341122544, 19597.88341122544, 19597.88341122544, 19597.88341122544, 19597.88341122544, 19490.99829928582, 19490.99829928582, 19490.99829928582, 19490.99829928582, 19490.99829928582, 19490.99829928582, 19490.99829928582, 19490.99829928582, 19490.99829928582, 19490.99829928582, 19490.99829928582, 19490.99829928582, 19490.99829928582, 19490.99829928582, 19490.99829928582, 19490.99829928582, 19490.99829928582, 19490.99829928582, 19490.99829928582, 19490.99829928582, 19490.99829928582, 19490.99829928582, 19490.99829928582, 19490.99829928582, 19490.99829928582, 19490.99829928582, 19490.99829928582, 19490.99829928582, 19490.99829928582, 19490.99829928582, 19490.99829928582, 19490.99829928582, 19490.99829928582, 19490.99829928582, 19490.99829928582, 19490.99829928582, 19490.99829928582, 19490.99829928582, 19490.99829928582, 19490.99829928582, 19490.99829928582, 19490.99829928582, 19490.99829928582, 19490.99829928582, 19490.99829928582, 19490.99829928582, 19490.99829928582, 19490.99829928582, 19490.99829928582, 19490.99829928582, 19490.99829928582, 19490.99829928582, 19490.99829928582, 19490.99829928582, 19490.99829928582, 19490.99829928582, 19490.99829928582, 19490.99829928582, 19490.99829928582, 19490.99829928582, 19490.99829928582, 19490.99829928582, 19490.99829928582, 19490.99829928582, 19490.99829928582, 19490.99829928582, 19490.99829928582, 19490.99829928582, 19490.99829928582, 19490.99829928582, 19490.99829928582, 19490.99829928582, 19490.99829928582, 19490.99829928582, 19490.99829928582, 19490.99829928582, 19490.99829928582, 19490.99829928582, 19490.99829928582, 19490.99829928582, 19490.99829928582, 19490.99829928582, 19490.99829928582, 19490.99829928582, 19490.99829928582, 19490.99829928582, 19490.99829928582, 19490.99829928582, 19490.99829928582, 19490.99829928582, 19490.99829928582, 19490.99829928582, 19490.99829928582, 19490.99829928582, 19490.99829928582, 19490.99829928582, 19490.99829928582, 19490.99829928582, 19490.99829928582, 19490.99829928582, 19490.99829928582, 19490.99829928582, 19490.99829928582, 19490.99829928582, 19490.99829928582, 19490.99829928582, 19490.99829928582, 19490.99829928582, 19490.99829928582, 19490.99829928582, 19490.99829928582, 19490.99829928582, 19490.99829928582, 19490.99829928582, 19490.99829928582, 19490.99829928582, 19490.99829928582, 19490.99829928582, 19490.99829928582, 19490.99829928582, 19490.99829928582, 19490.99829928582, 19490.99829928582, 19490.99829928582, 19490.99829928582, 19455.552557607807, 19455.552557607807, 19455.552557607807, 19455.552557607807, 19455.552557607807, 19455.552557607807, 19455.552557607807, 19455.552557607807, 19455.552557607807, 19455.552557607807, 19455.552557607807, 19455.552557607807, 19455.552557607807, 19455.552557607807, 19455.552557607807, 19455.552557607807, 19455.552557607807, 19455.552557607807, 19455.552557607807, 19455.552557607807, 19455.552557607807, 19455.552557607807, 19455.552557607807, 19455.552557607807, 19455.552557607807, 19455.552557607807, 19455.552557607807, 19455.552557607807, 19455.552557607807, 19455.552557607807, 19455.552557607807, 19455.552557607807, 19455.552557607807, 19455.552557607807, 19455.552557607807, 19455.552557607807, 19455.552557607807, 19455.552557607807, 19455.552557607807, 19455.552557607807, 19455.552557607807, 19455.552557607807, 19455.552557607807, 19455.552557607807, 19455.552557607807, 19455.552557607807, 19453.26997625058, 19453.26997625058, 19453.26997625058, 19453.26997625058, 19453.26997625058, 19453.26997625058, 19453.26997625058, 19453.26997625058, 19453.26997625058, 19453.26997625058, 19453.26997625058, 19453.26997625058, 19453.26997625058, 19453.26997625058, 19453.26997625058, 19453.26997625058, 19453.26997625058, 19453.26997625058, 19453.26997625058, 19453.26997625058, 19453.26997625058, 19453.26997625058, 19453.26997625058, 19453.26997625058, 19453.26997625058, 19453.26997625058, 19453.26997625058, 19453.26997625058, 19453.26997625058, 19453.26997625058, 19453.26997625058, 19453.26997625058, 19453.26997625058, 19453.26997625058, 19453.26997625058, 19453.26997625058, 19453.26997625058, 19453.26997625058, 19453.26997625058, 19453.26997625058, 19453.26997625058, 19453.26997625058, 19453.26997625058, 19453.26997625058, 19453.26997625058, 19453.26997625058, 19453.26997625058, 19453.26997625058, 19453.26997625058, 19453.26997625058, 19453.26997625058, 19453.26997625058, 19453.26997625058, 19453.26997625058, 19453.26997625058, 19453.26997625058, 19453.26997625058, 19453.26997625058, 19453.26997625058, 19453.26997625058, 19453.26997625058, 19453.26997625058, 19453.26997625058, 19453.26997625058, 19453.26997625058, 19453.26997625058, 19453.26997625058, 19453.26997625058, 19453.26997625058, 19453.26997625058, 19453.26997625058, 19453.26997625058, 19453.26997625058, 19453.26997625058, 19453.26997625058, 19453.26997625058, 19414.95575716002, 19414.95575716002, 19414.95575716002, 19414.95575716002, 19414.95575716002, 19414.95575716002, 19414.95575716002, 19414.95575716002, 19414.95575716002, 19414.95575716002, 19414.95575716002, 19414.95575716002, 19414.95575716002, 19414.95575716002, 19414.95575716002, 19414.95575716002, 19414.95575716002, 19414.95575716002, 19414.95575716002, 19414.95575716002, 19414.95575716002, 19414.95575716002, 19381.57931401614, 19381.57931401614, 19381.57931401614, 19381.57931401614, 19381.57931401614, 19381.57931401614, 19381.57931401614, 19381.57931401614, 19381.57931401614, 19381.57931401614, 19381.57931401614, 19381.57931401614, 19381.57931401614, 19381.57931401614, 19381.57931401614, 19381.57931401614, 19381.57931401614, 19381.57931401614, 19381.57931401614, 19381.57931401614, 19381.57931401614, 19381.57931401614, 19381.57931401614, 19381.57931401614, 19308.90605829302, 19308.90605829302, 19308.90605829302, 19308.90605829302, 19308.90605829302, 19308.90605829302, 19308.90605829302, 19308.90605829302, 19308.90605829302, 19308.90605829302, 19308.90605829302, 19308.90605829302, 19308.90605829302, 19308.90605829302, 19308.90605829302, 19308.90605829302, 19293.024129434456, 19293.024129434456, 19293.024129434456, 19293.024129434456, 19293.024129434456, 19293.024129434456, 19293.024129434456, 19293.024129434456, 19293.024129434456, 19293.024129434456, 19293.024129434456, 19293.024129434456, 19293.024129434456, 19293.024129434456, 19293.024129434456, 19293.024129434456, 19293.024129434456, 19293.024129434456, 19276.765641330272, 19276.765641330272, 19271.570702571917, 19271.570702571917, 19271.570702571917, 19271.570702571917, 19271.570702571917, 19265.871319653954, 19265.871319653954, 19265.871319653954, 19265.871319653954, 19256.586013030857, 19256.586013030857, 19256.586013030857, 19256.586013030857, 19256.586013030857, 19256.586013030857, 19256.586013030857, 19256.586013030857, 19256.586013030857, 19256.586013030857, 19256.586013030857, 19256.586013030857, 19256.586013030857, 19256.586013030857, 19256.586013030857, 19256.586013030857, 19256.586013030857, 19256.586013030857, 19256.586013030857, 19256.586013030857, 19256.586013030857, 19256.586013030857, 19256.586013030857, 19256.586013030857, 19256.586013030857, 19256.586013030857, 19256.586013030857, 19256.586013030857, 19256.586013030857, 19256.586013030857, 19256.586013030857, 19256.586013030857, 19256.586013030857, 19256.586013030857, 19256.586013030857, 19256.586013030857, 19256.586013030857, 19256.586013030857, 19249.53825670401, 19225.76023682614, 19225.76023682614, 19225.76023682614, 19225.76023682614, 19225.76023682614, 19225.76023682614, 19225.76023682614, 19225.76023682614, 19225.76023682614, 19225.76023682614, 19225.76023682614, 19225.76023682614, 19225.76023682614, 19225.76023682614, 19225.76023682614, 19225.76023682614, 19225.76023682614, 19225.76023682614, 19225.76023682614, 19225.76023682614, 19225.76023682614, 19225.76023682614, 19225.76023682614, 19225.76023682614, 19225.76023682614, 19225.76023682614, 19225.76023682614, 19225.76023682614, 19225.76023682614, 19225.76023682614, 19225.76023682614, 19225.76023682614, 19225.76023682614, 19225.76023682614, 19225.76023682614, 19225.76023682614, 19225.76023682614, 19224.204429855483, 19224.204429855483, 19224.204429855483, 19224.204429855483, 19224.204429855483, 19224.204429855483, 19224.204429855483, 19224.204429855483, 19224.204429855483, 19224.204429855483, 19224.204429855483, 19224.204429855483, 19224.204429855483, 19224.204429855483, 19224.204429855483, 19224.204429855483, 19224.204429855483, 19224.204429855483, 19224.204429855483, 19224.204429855483, 19224.204429855483, 19224.204429855483, 19224.204429855483, 19224.204429855483, 19224.204429855483, 19224.204429855483, 19224.204429855483, 19224.204429855483, 19224.204429855483, 19215.720808766775, 19215.720808766775, 19215.720808766775, 19215.720808766775, 19215.720808766775, 19215.720808766775, 19215.720808766775, 19215.720808766775, 19215.720808766775, 19215.720808766775, 19215.720808766775, 19215.720808766775, 19215.720808766775, 19215.720808766775, 19215.720808766775, 19215.720808766775, 19215.720808766775, 19215.720808766775, 19215.720808766775, 19215.720808766775, 19215.720808766775, 19215.720808766775, 19215.720808766775, 19215.720808766775, 19215.720808766775, 19215.720808766775, 19215.720808766775, 19215.720808766775, 19215.597642584347, 19215.597642584347, 19215.597642584347, 19215.597642584347, 19215.597642584347, 19215.597642584347, 19215.597642584347, 19215.597642584347, 19215.597642584347, 19215.597642584347, 19215.597642584347, 19215.597642584347, 19215.597642584347, 19215.597642584347, 19215.597642584347, 19215.597642584347, 19215.597642584347, 19215.597642584347, 19215.597642584347, 19215.597642584347, 19215.597642584347, 19215.597642584347, 19215.597642584347, 19215.597642584347, 19215.597642584347, 19215.597642584347, 19215.597642584347, 19215.597642584347, 19215.597642584347, 19215.597642584347, 19215.597642584347, 19215.597642584347, 19215.597642584347, 19215.597642584347, 19215.597642584347, 19215.597642584347, 19215.597642584347, 19215.597642584347, 19215.597642584347, 19215.597642584347, 19215.597642584347, 19203.871513622078, 19203.871513622078, 19203.871513622078, 19203.871513622078, 19203.871513622078, 19203.871513622078, 19203.871513622078, 19203.871513622078, 19203.871513622078, 19203.871513622078, 19203.871513622078, 19203.871513622078, 19203.871513622078, 19203.871513622078, 19203.871513622078, 19203.871513622078, 19203.871513622078, 19203.871513622078, 19203.871513622078, 19203.871513622078, 19203.871513622078, 19203.871513622078, 19203.871513622078, 19203.871513622078, 19203.871513622078, 19203.871513622078, 19203.871513622078, 19203.871513622078, 19203.871513622078, 19203.871513622078, 19203.871513622078, 19203.871513622078, 19203.871513622078, 19203.871513622078, 19203.871513622078, 19203.871513622078, 19203.871513622078, 19203.871513622078, 19203.871513622078, 19203.871513622078, 19203.871513622078, 19203.871513622078, 19203.871513622078, 19203.871513622078, 19203.871513622078, 19203.871513622078, 19203.871513622078, 19203.871513622078, 19203.51115344241, 19203.51115344241, 19203.51115344241, 19203.51115344241, 19203.51115344241, 19203.51115344241, 19203.51115344241, 19203.51115344241, 19203.51115344241, 19203.51115344241, 19203.51115344241, 19203.51115344241, 19203.51115344241, 19203.51115344241, 19203.51115344241, 19203.51115344241, 19203.51115344241, 19203.51115344241, 19203.51115344241, 19203.51115344241, 19203.51115344241, 19203.51115344241, 19203.51115344241, 19203.51115344241, 19203.51115344241, 19201.68180273458, 19201.68180273458, 19201.68180273458, 19201.518310908214, 19201.518310908214, 19201.518310908214, 19201.518310908214, 19201.518310908214, 19201.518310908214, 19176.378717421343, 19176.378717421343, 19176.378717421343, 19176.378717421343, 19176.378717421343, 19176.378717421343, 19176.378717421343, 19176.378717421343, 19176.378717421343, 19176.378717421343, 19176.378717421343, 19176.378717421343, 19176.378717421343, 19176.378717421343, 19176.378717421343, 19176.378717421343, 19176.378717421343, 19176.378717421343, 19176.378717421343, 19176.378717421343, 19176.378717421343, 19176.378717421343, 19176.378717421343, 19170.03069259067, 19170.03069259067, 19170.03069259067, 19170.03069259067, 19170.03069259067, 19170.03069259067, 19170.03069259067, 19170.03069259067, 19170.03069259067, 19170.03069259067, 19170.03069259067, 19170.03069259067, 19170.03069259067, 19170.03069259067, 19170.03069259067, 19170.03069259067, 19170.03069259067, 19170.03069259067, 19170.03069259067, 19170.03069259067, 19170.03069259067, 19170.03069259067, 19132.431307631174, 19132.431307631174, 19132.431307631174, 19132.431307631174, 19132.431307631174, 19132.431307631174, 19132.431307631174, 19132.431307631174, 19129.776792809276, 19129.776792809276, 19129.776792809276, 19129.776792809276, 19129.776792809276, 19129.776792809276, 19129.776792809276, 19129.776792809276, 19129.776792809276, 19129.776792809276, 19129.776792809276, 19129.776792809276, 19129.776792809276, 19129.776792809276, 19129.776792809276, 19129.776792809276, 19129.776792809276, 19129.776792809276, 19129.776792809276, 19129.776792809276, 19129.776792809276, 19129.776792809276, 19129.776792809276, 19129.776792809276, 19129.776792809276, 19129.776792809276, 19129.776792809276, 19129.776792809276, 19129.776792809276, 19129.776792809276, 19129.776792809276, 19129.776792809276, 19129.776792809276, 19129.776792809276, 19119.483419540367, 19119.483419540367, 19119.483419540367, 19119.483419540367, 19119.483419540367, 19119.483419540367, 19119.483419540367, 19119.483419540367, 19119.483419540367, 19119.483419540367, 19119.483419540367, 19119.483419540367, 19116.907343878618, 19116.907343878618, 19116.907343878618, 19116.907343878618, 19116.907343878618, 19116.907343878618, 19116.907343878618, 19116.907343878618, 19116.907343878618, 19111.198769173683, 19111.198769173683, 19111.198769173683, 19111.198769173683, 19111.198769173683, 19111.198769173683, 19111.198769173683, 19111.198769173683, 19111.198769173683, 19111.198769173683, 19111.198769173683, 19111.198769173683, 19111.198769173683, 19081.033636817858, 19040.710235848925, 19040.710235848925, 19040.710235848925, 19040.710235848925, 19040.710235848925, 19040.710235848925, 19040.710235848925, 19040.710235848925, 19040.710235848925, 19040.710235848925, 19040.710235848925, 19040.710235848925, 19040.710235848925, 19040.710235848925, 19040.710235848925, 19040.710235848925, 19040.710235848925, 19040.710235848925, 19040.710235848925, 19040.710235848925, 19040.710235848925, 19040.710235848925, 19040.710235848925, 19040.710235848925, 19040.710235848925, 19040.710235848925, 19040.710235848925, 19040.710235848925, 19040.710235848925, 19040.710235848925, 19040.710235848925, 19040.710235848925, 19040.710235848925, 19026.084816056948, 19026.084816056948, 19026.084816056948, 19026.084816056948, 19026.084816056948, 19026.084816056948, 19026.084816056948, 19026.084816056948, 19026.084816056948, 19026.084816056948, 19026.084816056948, 19026.084816056948, 19026.084816056948, 19026.084816056948, 19026.084816056948, 19026.084816056948, 19026.084816056948, 19026.084816056948, 19026.084816056948, 19026.084816056948, 19026.084816056948, 19026.084816056948, 19026.084816056948, 19026.084816056948, 19026.084816056948, 19026.084816056948, 19026.084816056948, 19026.084816056948, 19026.084816056948, 19026.084816056948, 19026.084816056948, 19026.084816056948, 19026.084816056948, 19026.084816056948, 19026.084816056948, 19026.084816056948, 19026.084816056948, 19026.084816056948, 19026.084816056948, 19026.084816056948, 19026.084816056948, 19026.084816056948, 19026.084816056948, 19026.084816056948, 19026.084816056948, 19026.084816056948, 19026.084816056948, 19026.084816056948, 19026.084816056948, 19026.084816056948, 19026.084816056948, 19026.084816056948, 19026.084816056948, 19026.084816056948, 19026.084816056948, 19026.084816056948, 19026.084816056948, 19026.084816056948, 19026.084816056948, 19026.084816056948, 19026.084816056948, 19026.084816056948, 19026.084816056948, 19026.084816056948, 19026.084816056948, 19026.084816056948, 19026.084816056948, 19026.084816056948, 19026.084816056948, 19026.084816056948, 19026.084816056948, 19026.084816056948, 19026.084816056948, 19026.084816056948, 18969.899514837245, 18969.899514837245, 18969.899514837245, 18969.899514837245, 18969.899514837245, 18963.088255670897, 18963.088255670897, 18963.088255670897, 18963.088255670897, 18963.088255670897, 18963.088255670897, 18963.088255670897, 18963.088255670897, 18963.088255670897, 18963.088255670897, 18963.088255670897, 18963.088255670897, 18963.088255670897, 18963.088255670897, 18963.088255670897, 18963.088255670897, 18963.088255670897, 18963.088255670897, 18963.088255670897, 18963.088255670897, 18963.088255670897, 18963.088255670897, 18963.088255670897, 18963.088255670897, 18963.088255670897, 18963.088255670897, 18963.088255670897, 18963.088255670897, 18963.088255670897, 18963.088255670897, 18963.088255670897, 18963.088255670897, 18963.088255670897, 18963.088255670897, 18963.088255670897, 18963.088255670897, 18963.088255670897, 18963.088255670897, 18963.088255670897, 18963.088255670897, 18963.088255670897, 18963.088255670897, 18958.6584893045, 18958.6584893045, 18958.6584893045, 18958.6584893045, 18958.6584893045, 18958.6584893045, 18958.6584893045, 18958.6584893045, 18958.6584893045, 18958.6584893045, 18958.6584893045, 18958.6584893045, 18958.6584893045, 18958.6584893045, 18942.313559488797, 18942.313559488797, 18942.313559488797, 18942.313559488797, 18942.313559488797, 18942.313559488797, 18942.313559488797, 18942.313559488797, 18942.313559488797, 18942.313559488797, 18942.313559488797, 18942.313559488797, 18942.313559488797, 18942.313559488797, 18942.313559488797, 18942.313559488797, 18942.313559488797, 18942.313559488797, 18942.313559488797, 18942.313559488797, 18942.313559488797, 18942.313559488797, 18942.313559488797, 18942.313559488797, 18942.313559488797, 18942.313559488797, 18942.313559488797, 18942.313559488797, 18942.313559488797, 18942.313559488797, 18942.313559488797, 18942.313559488797, 18942.313559488797, 18942.313559488797, 18942.313559488797, 18942.313559488797, 18942.313559488797, 18942.313559488797, 18942.313559488797, 18942.313559488797, 18942.313559488797, 18942.313559488797, 18942.313559488797, 18942.313559488797, 18942.313559488797, 18942.313559488797, 18942.313559488797, 18942.313559488797, 18942.313559488797, 18942.313559488797, 18942.313559488797, 18942.313559488797, 18942.313559488797, 18942.313559488797, 18942.313559488797, 18942.313559488797, 18942.313559488797, 18942.313559488797, 18942.313559488797, 18942.313559488797, 18942.313559488797, 18942.313559488797, 18942.313559488797, 18942.313559488797, 18942.313559488797, 18942.313559488797, 18942.313559488797, 18942.313559488797, 18942.313559488797, 18942.313559488797, 18942.313559488797, 18942.313559488797, 18942.313559488797, 18942.313559488797, 18942.313559488797, 18942.313559488797, 18942.313559488797, 18942.313559488794, 18942.313559488794, 18942.313559488794, 18942.313559488794, 18942.313559488794, 18942.313559488794, 18942.313559488794, 18942.313559488794, 18942.313559488794, 18942.313559488794, 18942.313559488794, 18942.313559488794, 18942.313559488794, 18942.313559488794, 18942.313559488794, 18942.313559488794, 18942.313559488794, 18942.313559488794, 18942.313559488794, 18942.313559488794, 18942.313559488794, 18942.313559488794, 18942.313559488794, 18942.313559488794, 18942.313559488794, 18942.313559488794, 18942.313559488794, 18942.313559488794, 18942.313559488794, 18942.313559488794, 18942.313559488794, 18942.313559488794, 18942.313559488794, 18942.313559488794, 18942.313559488794, 18942.313559488794, 18942.313559488794, 18942.313559488794, 18942.313559488794, 18942.313559488794, 18942.313559488794, 18942.313559488794, 18942.313559488794, 18942.313559488794, 18942.313559488794, 18942.313559488794, 18942.313559488794, 18942.313559488794, 18942.313559488794, 18942.313559488794, 18942.313559488794, 18942.313559488794, 18942.313559488794, 18942.313559488794, 18942.313559488794, 18942.313559488794, 18942.313559488794, 18942.313559488794, 18942.313559488794, 18942.313559488794, 18942.313559488794, 18942.313559488794, 18942.313559488794, 18942.313559488794, 18942.313559488794, 18942.313559488794, 18942.313559488794, 18942.313559488794, 18942.313559488794, 18942.313559488794, 18942.313559488794, 18942.313559488794, 18942.313559488794, 18942.313559488794, 18942.313559488794, 18942.313559488794, 18942.313559488794, 18942.313559488794, 18942.313559488794, 18942.313559488794, 18942.313559488794, 18942.313559488794, 18942.313559488794, 18942.313559488794, 18942.313559488794, 18942.313559488794, 18942.313559488794, 18942.313559488794, 18942.313559488794, 18942.313559488794, 18942.313559488794, 18942.313559488794, 18942.313559488794, 18942.313559488794, 18942.313559488794, 18942.313559488794, 18942.313559488794, 18942.313559488794, 18942.313559488794, 18942.313559488794, 18942.313559488794, 18942.313559488794, 18942.313559488794, 18942.313559488794, 18942.313559488794, 18942.313559488794, 18942.313559488794, 18942.313559488794, 18942.313559488794, 18942.313559488794, 18942.313559488794, 18942.313559488794, 18942.313559488794, 18942.313559488794, 18942.313559488794, 18942.313559488794, 18942.313559488794, 18942.313559488794, 18942.313559488794, 18942.313559488794, 18942.313559488794, 18942.313559488794, 18942.313559488794, 18942.313559488794, 18942.313559488794, 18942.313559488794, 18942.313559488794, 18942.313559488794, 18942.313559488794, 18942.313559488794, 18942.313559488794, 18942.313559488794, 18942.313559488794, 18942.313559488794, 18942.313559488794, 18942.313559488794, 18942.313559488794, 18942.313559488794, 18942.313559488794, 18942.313559488794, 18942.313559488794, 18942.313559488794, 18942.313559488794, 18942.313559488794, 18942.313559488794, 18942.313559488794, 18942.313559488794, 18942.313559488794, 18942.313559488794, 18942.313559488794, 18942.313559488794, 18942.313559488794, 18942.313559488794, 18942.313559488794, 18942.313559488794, 18942.313559488794, 18942.313559488794, 18942.313559488794, 18942.313559488794, 18942.313559488794, 18942.313559488794, 18942.313559488794, 18942.313559488794, 18942.313559488794, 18942.313559488794, 18942.313559488794, 18942.313559488794, 18942.313559488794, 18942.313559488794, 18942.313559488794, 18942.313559488794, 18942.313559488794, 18942.313559488794, 18942.313559488794, 18942.313559488794, 18942.313559488794, 18942.313559488794, 18942.313559488794, 18942.313559488794, 18942.313559488794, 18942.313559488794, 18942.313559488794, 18942.313559488794, 18942.313559488794, 18942.313559488794, 18942.313559488794, 18942.313559488794, 18942.313559488794, 18942.313559488794, 18942.313559488794, 18942.025873828334, 18942.025873828334, 18942.025873828334, 18942.025873828334, 18942.025873828334, 18942.025873828334, 18942.025873828334, 18942.025873828334, 18942.025873828334, 18942.025873828334, 18942.025873828334, 18942.025873828334, 18942.025873828334, 18942.025873828334, 18942.025873828334, 18942.025873828334, 18942.025873828334, 18942.025873828334, 18942.025873828334, 18942.025873828334, 18942.025873828334, 18942.025873828334, 18942.025873828334, 18942.025873828334, 18942.025873828334, 18942.025873828334, 18942.025873828334, 18942.025873828334, 18942.025873828334, 18942.025873828334, 18942.025873828334, 18942.025873828334, 18942.025873828334, 18942.025873828334, 18942.025873828334, 18942.025873828334, 18942.025873828334, 18942.025873828334, 18942.025873828334, 18942.025873828334, 18942.025873828334, 18942.025873828334, 18942.025873828334, 18942.025873828334, 18942.025873828334, 18942.025873828334, 18942.025873828334, 18942.025873828334, 18942.025873828334, 18942.025873828334, 18942.025873828334, 18942.025873828334, 18942.025873828334, 18942.025873828334, 18942.025873828334, 18942.025873828334, 18942.025873828334, 18942.025873828334, 18942.025873828334, 18942.025873828334, 18942.025873828334, 18942.025873828334, 18942.025873828334, 18942.025873828334, 18942.025873828334, 18942.025873828334, 18942.025873828334, 18942.025873828334, 18942.025873828334, 18942.025873828334, 18942.025873828334, 18942.025873828334, 18942.025873828334, 18942.025873828334, 18942.025873828334, 18942.025873828334, 18942.025873828334, 18942.025873828334, 18942.025873828334, 18942.025873828334, 18942.025873828334, 18942.025873828334, 18942.025873828334, 18942.025873828334, 18942.025873828334, 18942.025873828334, 18942.025873828334, 18942.025873828334, 18942.025873828334, 18942.025873828334, 18942.025873828334, 18942.025873828334, 18942.025873828334, 18942.025873828334, 18942.025873828334, 18942.025873828334, 18942.025873828334, 18942.025873828334, 18942.025873828334, 18942.025873828334, 18942.025873828334, 18942.025873828334, 18942.025873828334, 18942.025873828334, 18942.025873828334, 18942.025873828334, 18942.025873828334, 18942.025873828334, 18942.025873828334, 18942.025873828334, 18942.025873828334, 18942.025873828334, 18942.025873828334, 18942.025873828334, 18942.025873828334, 18942.025873828334, 18942.025873828334, 18942.025873828334, 18942.025873828334, 18942.025873828334, 18942.025873828334, 18942.025873828334, 18942.025873828334, 18942.025873828334, 18942.025873828334, 18942.025873828334, 18942.025873828334, 18942.025873828334, 18942.025873828334, 18942.025873828334, 18942.025873828334, 18942.025873828334, 18942.025873828334, 18942.025873828334, 18942.025873828334, 18942.025873828334, 18942.025873828334, 18942.025873828334, 18942.025873828334, 18942.025873828334, 18942.025873828334, 18942.025873828334, 18942.025873828334, 18942.025873828334, 18940.16344985174, 18940.16344985174, 18940.16344985174, 18940.16344985174, 18940.16344985174, 18940.16344985174, 18940.16344985174, 18940.16344985174, 18940.16344985174, 18940.16344985174, 18940.16344985174, 18940.16344985174, 18940.16344985174, 18940.16344985174, 18940.16344985174, 18940.16344985174, 18940.16344985174, 18940.16344985174, 18940.16344985174, 18940.16344985174, 18940.16344985174, 18940.16344985174, 18940.16344985174, 18940.16344985174, 18940.16344985174, 18940.16344985174, 18940.16344985174, 18940.16344985174, 18940.16344985174, 18940.16344985174, 18940.16344985174, 18940.16344985174, 18879.228300885046, 18879.228300885046, 18879.228300885046, 18879.228300885046, 18879.228300885046, 18879.228300885046, 18879.228300885046, 18879.228300885046, 18879.228300885046, 18879.228300885046, 18879.228300885046, 18879.228300885046, 18879.228300885046, 18879.228300885046, 18879.228300885046, 18879.228300885046, 18879.228300885046, 18879.228300885046, 18879.228300885046, 18879.228300885046, 18879.228300885046, 18874.684975125267, 18874.684975125267, 18874.684975125267, 18874.684975125267, 18874.684975125267, 18874.684975125267, 18874.684975125267, 18874.684975125267, 18874.684975125267, 18874.684975125267, 18874.684975125267, 18874.684975125267, 18874.684975125267, 18874.684975125267, 18874.684975125267, 18874.684975125267, 18874.684975125267, 18874.684975125267, 18874.684975125267, 18874.684975125267, 18874.684975125267, 18874.684975125267, 18874.684975125267, 18874.684975125267, 18874.684975125267, 18874.684975125267, 18874.684975125267, 18874.684975125267, 18874.684975125267, 18874.684975125267, 18874.684975125267, 18874.684975125267, 18874.684975125267, 18874.684975125267, 18874.684975125267, 18874.684975125267, 18874.684975125267, 18874.684975125267, 18874.684975125267, 18874.684975125267, 18874.684975125267, 18874.684975125267, 18874.684975125267, 18874.684975125267, 18874.684975125267, 18874.684975125267, 18874.684975125267, 18874.684975125267, 18874.684975125267, 18874.684975125267, 18874.684975125267, 18874.684975125267, 18874.684975125267, 18874.684975125267, 18874.684975125267, 18874.684975125267, 18874.684975125267, 18874.684975125267, 18874.684975125267, 18874.684975125267, 18874.684975125267, 18874.684975125267, 18874.684975125267, 18874.684975125267, 18874.684975125267, 18874.684975125267, 18874.684975125267, 18874.684975125267, 18874.684975125267, 18874.684975125267, 18874.684975125267, 18874.684975125267, 18874.684975125267, 18874.684975125267, 18874.684975125267, 18874.684975125267, 18874.684975125267, 18874.684975125267, 18874.684975125267, 18874.684975125267, 18874.684975125267, 18874.684975125267, 18874.684975125267, 18874.684975125267, 18874.684975125267, 18874.684975125267, 18874.684975125267, 18874.684975125267, 18874.684975125267, 18874.684975125267, 18874.684975125267, 18874.684975125267, 18874.684975125267, 18874.684975125267, 18874.684975125267, 18874.684975125267, 18874.684975125267, 18874.684975125267, 18874.684975125267, 18874.684975125267, 18874.684975125267, 18874.684975125267, 18874.684975125267, 18874.684975125267, 18874.684975125267, 18874.684975125267, 18874.684975125267, 18874.684975125267, 18874.684975125267, 18874.684975125267, 18874.684975125267, 18874.684975125267, 18874.684975125267, 18874.684975125267, 18874.684975125267, 18874.684975125267, 18874.684975125267, 18874.684975125267, 18874.684975125267, 18874.684975125267, 18874.684975125267, 18874.684975125267, 18874.684975125267, 18874.684975125267, 18874.684975125267, 18874.684975125267, 18874.684975125267, 18874.684975125267, 18874.684975125267, 18874.684975125267, 18874.684975125267, 18874.684975125267, 18874.684975125267, 18874.684975125267, 18874.684975125267, 18874.684975125267, 18874.684975125267, 18874.684975125267, 18874.684975125267, 18874.684975125267, 18874.684975125267, 18874.684975125267, 18874.684975125267, 18874.684975125267, 18874.684975125267, 18874.684975125267, 18874.684975125267, 18874.684975125267, 18874.684975125267, 18874.684975125267, 18874.684975125267, 18874.684975125267, 18874.684975125267, 18874.684975125267, 18851.624438151837, 18851.624438151837, 18851.624438151837, 18851.624438151837, 18851.624438151837, 18851.624438151837, 18851.624438151837, 18851.624438151837, 18851.624438151837, 18851.624438151837, 18851.624438151837, 18851.624438151837, 18851.624438151837, 18851.624438151837, 18847.081112392058, 18847.081112392058, 18847.081112392058, 18847.081112392058, 18847.081112392058, 18847.081112392058, 18847.081112392058, 18847.081112392058, 18847.081112392058, 18847.081112392058, 18847.081112392058, 18847.081112392058, 18847.081112392058, 18847.081112392058, 18847.081112392058, 18847.081112392058, 18847.081112392058, 18847.081112392058, 18847.081112392058, 18847.081112392058, 18847.081112392058, 18847.081112392058, 18847.081112392058, 18847.081112392058, 18847.081112392058, 18847.081112392058, 18847.081112392058, 18847.081112392058, 18847.081112392058, 18847.081112392058, 18847.081112392058, 18847.081112392058, 18847.081112392058, 18847.081112392058, 18847.081112392058, 18847.081112392058, 18847.081112392058, 18847.081112392058, 18847.081112392058, 18847.081112392058, 18847.081112392058, 18847.081112392058, 18847.081112392058, 18847.081112392058, 18847.081112392058, 18847.081112392058, 18847.081112392058, 18847.081112392058, 18847.081112392058, 18847.081112392058, 18847.081112392058, 18847.081112392058, 18847.081112392058, 18847.081112392058, 18847.081112392058, 18847.081112392058, 18847.081112392058, 18847.081112392058, 18847.081112392058, 18847.081112392058, 18847.081112392058, 18847.081112392058, 18847.081112392058, 18847.081112392058, 18847.081112392058, 18847.081112392058, 18847.081112392058, 18847.081112392058, 18847.081112392058, 18847.081112392058, 18847.081112392058, 18847.081112392058, 18847.081112392058, 18847.081112392058, 18847.081112392058, 18847.081112392058, 18847.081112392058, 18847.081112392058, 18847.081112392058, 18847.081112392058, 18847.081112392058, 18847.081112392058, 18847.081112392058, 18847.081112392058, 18847.081112392058, 18847.081112392058, 18847.081112392058, 18847.081112392058, 18847.081112392058, 18847.081112392058, 18847.081112392058, 18847.081112392058, 18847.081112392058, 18847.081112392058, 18847.081112392058, 18847.081112392058, 18847.081112392058, 18847.081112392058, 18847.081112392058, 18847.081112392058, 18847.081112392058, 18847.081112392058, 18847.081112392058, 18847.081112392058, 18847.081112392058, 18847.081112392058, 18847.081112392058, 18847.081112392058, 18847.081112392058, 18847.081112392058, 18847.081112392058, 18847.081112392058, 18847.081112392058, 18847.081112392058, 18847.081112392058, 18847.081112392058, 18847.081112392058, 18847.081112392058, 18847.081112392058, 18847.081112392058, 18847.081112392058, 18847.081112392058, 18847.081112392058, 18847.081112392058, 18847.081112392058, 18847.081112392058, 18847.081112392058, 18847.081112392058, 18847.081112392058, 18847.081112392058, 18847.081112392058, 18847.081112392058, 18847.081112392058, 18847.081112392058, 18847.081112392058, 18847.081112392058, 18847.081112392058, 18847.081112392058, 18847.081112392058, 18847.081112392058, 18847.081112392058, 18847.081112392058, 18847.081112392058, 18847.081112392058, 18847.081112392058, 18847.081112392058, 18847.081112392058, 18847.081112392058, 18847.081112392058, 18847.081112392058, 18847.081112392058, 18847.081112392058, 18847.081112392058, 18847.081112392058, 18847.081112392058, 18847.081112392058, 18847.081112392058, 18847.081112392058, 18847.081112392058, 18847.081112392058, 18847.081112392058, 18847.081112392058, 18847.081112392058, 18847.081112392058, 18847.081112392058, 18847.081112392058, 18847.081112392058, 18847.081112392058, 18847.081112392058, 18847.081112392058, 18847.081112392058, 18847.081112392058, 18847.081112392058, 18847.081112392058, 18847.081112392058, 18847.081112392058, 18847.081112392058, 18847.081112392058, 18847.081112392058, 18847.081112392058, 18847.081112392058, 18847.081112392058, 18847.081112392058, 18847.081112392058, 18847.081112392058, 18847.081112392058, 18847.081112392058, 18847.081112392058, 18847.081112392058, 18847.081112392058, 18847.081112392058, 18847.081112392058, 18847.081112392058, 18847.081112392058, 18847.081112392058, 18847.081112392058, 18847.081112392058, 18847.081112392058, 18847.081112392058, 18847.081112392058, 18847.081112392058, 18847.081112392058, 18847.081112392058, 18847.081112392058, 18847.081112392058, 18847.081112392058, 18847.081112392058, 18847.081112392058, 18847.081112392058, 18847.081112392058, 18847.081112392058, 18847.081112392058, 18847.081112392058, 18816.454692905743, 18816.454692905743, 18816.454692905743, 18816.454692905743, 18816.454692905743, 18816.454692905743, 18816.454692905743, 18816.454692905743, 18816.454692905743, 18816.454692905743, 18816.454692905743, 18816.454692905743, 18816.454692905743, 18816.454692905743, 18816.454692905743, 18816.454692905743, 18816.454692905743, 18816.454692905743, 18816.454692905743, 18816.454692905743, 18816.454692905743, 18816.454692905743, 18816.454692905743, 18816.454692905743, 18816.454692905743, 18816.454692905743, 18816.454692905743, 18816.454692905743, 18816.454692905743, 18816.454692905743, 18816.454692905743, 18816.454692905743, 18816.454692905743, 18816.454692905743, 18816.454692905743, 18816.454692905743, 18816.454692905743, 18816.454692905743, 18816.454692905743, 18816.454692905743, 18816.454692905743, 18816.454692905743, 18816.454692905743, 18816.454692905743, 18816.454692905743, 18816.454692905743, 18816.454692905743, 18816.454692905743, 18816.454692905743, 18816.454692905743, 18816.454692905743, 18816.454692905743, 18816.454692905743, 18816.454692905743, 18816.454692905743, 18816.454692905743, 18816.454692905743, 18816.454692905743, 18816.454692905743, 18816.454692905743, 18816.454692905743, 18816.454692905743, 18816.454692905743, 18816.454692905743, 18816.454692905743, 18816.454692905743, 18816.454692905743, 18816.454692905743, 18816.454692905743, 18808.775668411727, 18808.775668411727, 18808.775668411727, 18808.775668411727, 18808.775668411727, 18808.775668411727, 18808.775668411727, 18808.775668411727, 18808.775668411727, 18808.775668411727, 18808.775668411727, 18808.775668411727, 18808.775668411727, 18808.775668411727, 18808.775668411727, 18808.775668411727, 18808.775668411727, 18808.775668411727, 18808.775668411727, 18808.775668411727, 18808.775668411727, 18808.775668411727, 18808.775668411727, 18808.775668411727, 18808.775668411727, 18808.775668411727, 18808.775668411727, 18808.775668411727, 18808.775668411727, 18808.775668411727, 18808.775668411727, 18808.775668411727, 18808.775668411727, 18808.775668411727, 18808.775668411727, 18808.775668411727, 18808.775668411727, 18808.775668411727, 18808.775668411727, 18808.775668411727, 18808.775668411727, 18808.775668411727, 18808.775668411727, 18808.775668411727, 18808.775668411727, 18808.775668411727, 18808.775668411727, 18808.775668411727, 18808.775668411727, 18808.775668411727, 18808.775668411727, 18808.775668411727, 18808.775668411727, 18808.775668411727, 18808.775668411727, 18808.775668411727, 18808.775668411727, 18808.775668411727, 18808.775668411727, 18808.775668411727, 18808.775668411727, 18808.775668411727, 18808.775668411727, 18808.775668411727, 18808.775668411727, 18808.775668411727, 18808.775668411727, 18808.775668411727, 18808.775668411727, 18808.775668411727, 18808.775668411727, 18808.775668411727, 18808.775668411727, 18808.775668411727, 18808.775668411727, 18808.775668411727, 18808.775668411727, 18808.775668411727, 18808.775668411727, 18808.775668411727, 18808.775668411727, 18808.775668411727, 18808.775668411727, 18808.775668411727, 18808.775668411727, 18808.775668411727, 18808.775668411727, 18808.775668411727, 18808.775668411727, 18808.775668411727, 18808.775668411727, 18808.775668411727, 18808.775668411727, 18808.775668411727, 18808.775668411727, 18808.775668411727, 18808.775668411727, 18808.775668411727, 18808.775668411727, 18808.775668411727, 18808.775668411727, 18808.775668411727, 18808.775668411727, 18808.775668411727, 18808.775668411727, 18808.775668411727, 18808.775668411727, 18808.775668411727, 18808.775668411727, 18808.775668411727, 18808.775668411727, 18808.775668411727, 18808.775668411727, 18808.775668411727, 18808.775668411727, 18808.775668411727, 18808.775668411727, 18808.775668411727, 18808.775668411727, 18808.775668411727, 18808.775668411727, 18808.775668411727, 18808.775668411727, 18808.775668411727, 18808.775668411727, 18808.775668411727, 18808.775668411727, 18808.775668411727, 18808.775668411727, 18808.775668411727, 18808.775668411727, 18808.775668411727, 18808.775668411727, 18808.775668411727, 18808.775668411727, 18808.775668411727, 18808.775668411727, 18808.775668411727, 18808.775668411727, 18808.775668411727, 18808.775668411727, 18808.775668411727, 18808.775668411727, 18808.775668411727, 18808.775668411727, 18808.775668411727, 18808.775668411727, 18808.775668411727, 18808.775668411727, 18808.775668411727, 18808.775668411727, 18808.775668411727, 18808.775668411727, 18808.775668411727, 18808.775668411727, 18808.775668411727, 18808.775668411727, 18808.775668411727, 18808.775668411727, 18808.775668411727, 18808.775668411727, 18808.775668411727, 18808.775668411727, 18808.775668411727, 18808.775668411727, 18808.775668411727, 18808.775668411727, 18808.775668411727, 18808.775668411727, 18808.775668411727, 18808.775668411727, 18808.775668411727, 18808.775668411727, 18808.775668411727, 18808.775668411727, 18807.75581414743, 18807.75581414743, 18807.75581414743, 18807.75581414743, 18807.75581414743, 18807.75581414743, 18807.75581414743, 18807.75581414743, 18807.75581414743, 18807.75581414743, 18807.75581414743, 18807.75581414743, 18807.75581414743, 18795.65084796844, 18795.65084796844, 18795.65084796844, 18795.65084796844, 18795.65084796844, 18795.65084796844, 18795.65084796844, 18795.65084796844, 18795.65084796844, 18795.65084796844, 18795.65084796844, 18795.65084796844, 18795.65084796844, 18795.65084796844, 18795.65084796844, 18795.65084796844, 18795.65084796844, 18795.65084796844, 18795.65084796844, 18795.65084796844, 18795.65084796844, 18795.65084796844, 18795.65084796844, 18795.65084796844, 18795.65084796844, 18795.65084796844, 18795.65084796844, 18795.65084796844, 18795.65084796844, 18795.65084796844, 18795.65084796844, 18795.65084796844, 18795.65084796844, 18795.65084796844, 18795.65084796844, 18795.65084796844, 18795.65084796844, 18795.65084796844, 18795.65084796844, 18795.65084796844, 18795.65084796844, 18795.65084796844, 18795.65084796844, 18795.65084796844, 18795.65084796844, 18795.65084796844, 18795.65084796844, 18795.65084796844, 18795.65084796844, 18795.65084796844, 18795.65084796844, 18795.65084796844, 18795.65084796844, 18795.65084796844, 18795.65084796844, 18795.65084796844, 18795.65084796844, 18795.65084796844, 18795.65084796844, 18795.65084796844, 18795.65084796844, 18795.65084796844, 18795.65084796844, 18795.65084796844, 18795.65084796844, 18795.65084796844, 18795.65084796844, 18795.65084796844, 18795.65084796844, 18795.65084796844, 18795.65084796844, 18795.65084796844, 18795.65084796844, 18795.65084796844, 18795.65084796844, 18795.65084796844, 18795.65084796844, 18795.65084796844, 18795.65084796844, 18795.65084796844, 18795.65084796844, 18795.65084796844, 18795.65084796844, 18795.65084796844, 18795.65084796844, 18795.65084796844, 18795.65084796844, 18795.65084796844, 18795.65084796844, 18795.65084796844, 18795.65084796844, 18795.65084796844, 18795.65084796844, 18795.65084796844, 18795.65084796844, 18795.65084796844, 18795.65084796844, 18795.65084796844, 18795.65084796844, 18795.65084796844, 18795.65084796844, 18795.65084796844, 18795.65084796844, 18795.65084796844, 18795.65084796844, 18795.65084796844, 18795.65084796844, 18795.65084796844, 18795.65084796844, 18795.65084796844, 18795.65084796844, 18795.65084796844, 18795.65084796844, 18795.65084796844, 18795.65084796844, 18795.65084796844, 18795.65084796844, 18795.65084796844, 18795.65084796844, 18795.65084796844, 18795.65084796844, 18795.65084796844, 18795.65084796844, 18795.65084796844, 18795.65084796844, 18795.65084796844, 18795.65084796844, 18795.65084796844, 18795.65084796844, 18795.65084796844, 18795.65084796844, 18795.65084796844, 18795.65084796844, 18795.65084796844, 18795.65084796844, 18795.65084796844, 18795.65084796844, 18795.65084796844, 18795.65084796844, 18795.65084796844, 18795.65084796844, 18795.65084796844, 18795.65084796844, 18795.65084796844, 18795.65084796844, 18795.65084796844, 18795.65084796844, 18795.65084796844, 18795.65084796844, 18795.65084796844, 18795.65084796844, 18795.65084796844, 18795.65084796844, 18795.65084796844, 18795.65084796844, 18795.65084796844, 18795.65084796844, 18795.65084796844, 18795.65084796844, 18795.65084796844, 18795.65084796844, 18795.65084796844, 18795.65084796844, 18795.65084796844, 18795.65084796844, 18795.65084796844, 18795.65084796844, 18795.65084796844, 18795.65084796844, 18795.65084796844, 18795.65084796844, 18795.65084796844, 18795.65084796844, 18795.65084796844, 18795.65084796844, 18795.65084796844, 18795.65084796844, 18795.65084796844, 18795.65084796844, 18795.65084796844, 18795.65084796844, 18795.65084796844, 18795.65084796844, 18795.65084796844, 18795.65084796844, 18795.65084796844, 18795.65084796844, 18795.65084796844, 18795.65084796844, 18795.65084796844, 18795.65084796844, 18795.65084796844, 18795.65084796844, 18795.65084796844, 18795.65084796844, 18795.65084796844, 18795.65084796844, 18795.65084796844, 18795.65084796844, 18795.65084796844, 18795.65084796844, 18795.65084796844, 18795.65084796844, 18795.65084796844, 18795.65084796844, 18795.65084796844, 18795.65084796844, 18795.65084796844, 18795.65084796844, 18795.65084796844, 18795.65084796844, 18795.65084796844, 18795.65084796844, 18795.65084796844, 18795.65084796844, 18795.65084796844, 18795.65084796844, 18795.65084796844, 18795.65084796844, 18795.65084796844, 18795.65084796844, 18795.65084796844, 18795.65084796844, 18795.65084796844, 18795.65084796844, 18795.65084796844, 18795.65084796844, 18795.65084796844, 18795.65084796844, 18795.65084796844, 18795.65084796844, 18795.65084796844, 18795.65084796844, 18795.65084796844, 18795.65084796844, 18795.65084796844, 18795.65084796844, 18795.65084796844, 18795.65084796844, 18795.65084796844, 18795.65084796844, 18795.65084796844, 18795.65084796844, 18795.65084796844, 18795.65084796844, 18795.65084796844, 18795.65084796844, 18795.65084796844, 18795.65084796844, 18795.65084796844, 18795.65084796844, 18795.65084796844, 18795.65084796844, 18795.65084796844, 18795.65084796844, 18795.65084796844, 18795.65084796844, 18795.65084796844, 18795.65084796844, 18795.65084796844, 18795.65084796844, 18795.65084796844, 18795.65084796844, 18795.65084796844, 18795.65084796844, 18795.65084796844, 18795.65084796844, 18795.65084796844, 18795.65084796844, 18795.65084796844, 18795.65084796844, 18795.65084796844, 18795.65084796844, 18795.65084796844, 18795.65084796844, 18795.65084796844, 18795.65084796844, 18795.65084796844, 18795.65084796844, 18795.65084796844, 18795.65084796844, 18795.65084796844, 18795.65084796844, 18795.65084796844, 18795.65084796844, 18795.65084796844, 18795.65084796844, 18795.65084796844, 18795.65084796844, 18795.65084796844, 18795.65084796844, 18795.65084796844, 18795.65084796844, 18795.65084796844, 18795.65084796844, 18795.65084796844, 18795.65084796844, 18795.65084796844, 18795.65084796844, 18795.65084796844, 18795.65084796844, 18795.65084796844, 18795.65084796844, 18795.65084796844, 18795.65084796844, 18795.65084796844, 18795.65084796844, 18795.65084796844, 18795.65084796844, 18795.65084796844, 18795.65084796844, 18795.65084796844, 18795.65084796844, 18795.65084796844, 18795.65084796844, 18795.65084796844, 18795.65084796844, 18795.65084796844, 18795.65084796844, 18795.65084796844, 18795.65084796844, 18795.65084796844, 18795.65084796844, 18795.65084796844, 18795.65084796844, 18795.65084796844, 18795.65084796844, 18795.65084796844, 18795.65084796844, 18795.65084796844, 18795.65084796844, 18795.65084796844, 18795.65084796844, 18795.65084796844, 18795.65084796844, 18795.65084796844, 18795.65084796844, 18795.65084796844, 18795.65084796844, 18795.65084796844, 18795.65084796844, 18795.65084796844, 18795.65084796844, 18795.65084796844, 18795.65084796844, 18795.65084796844, 18795.65084796844, 18795.65084796844, 18795.65084796844, 18795.65084796844, 18795.65084796844, 18795.65084796844, 18795.65084796844, 18795.65084796844, 18795.65084796844, 18795.65084796844, 18795.65084796844, 18795.65084796844, 18795.65084796844, 18795.65084796844, 18795.65084796844, 18795.65084796844, 18795.65084796844, 18795.65084796844, 18795.65084796844, 18795.65084796844, 18795.65084796844, 18795.65084796844, 18795.65084796844, 18795.65084796844, 18795.65084796844, 18795.65084796844, 18795.65084796844, 18795.65084796844, 18795.65084796844, 18795.65084796844, 18795.65084796844, 18795.65084796844, 18795.65084796844, 18795.65084796844, 18795.65084796844, 18795.65084796844, 18795.65084796844, 18795.65084796844, 18795.65084796844, 18795.65084796844, 18795.65084796844, 18795.65084796844, 18795.65084796844, 18795.65084796844, 18795.65084796844, 18795.65084796844, 18795.65084796844, 18795.65084796844, 18795.65084796844, 18795.65084796844, 18795.65084796844, 18795.65084796844, 18795.65084796844, 18795.65084796844, 18795.65084796844, 18795.65084796844, 18795.65084796844, 18795.65084796844, 18795.65084796844, 18795.65084796844, 18795.65084796844, 18795.65084796844, 18795.65084796844, 18795.65084796844, 18795.65084796844, 18795.65084796844, 18795.65084796844, 18795.65084796844, 18795.65084796844, 18795.65084796844, 18795.65084796844, 18795.65084796844, 18795.65084796844, 18795.65084796844, 18795.65084796844, 18795.65084796844, 18795.65084796844, 18795.65084796844, 18795.65084796844, 18795.65084796844, 18795.65084796844, 18795.65084796844, 18795.65084796844, 18788.36364610261, 18788.36364610261, 18788.36364610261, 18788.36364610261, 18788.36364610261, 18788.36364610261, 18788.36364610261, 18788.36364610261, 18788.36364610261, 18788.36364610261, 18788.36364610261, 18788.36364610261, 18788.36364610261, 18788.36364610261, 18788.36364610261, 18788.36364610261, 18788.36364610261, 18788.36364610261, 18788.36364610261, 18788.36364610261, 18788.36364610261, 18788.36364610261, 18788.36364610261, 18788.36364610261, 18788.36364610261, 18788.36364610261, 18788.36364610261, 18788.36364610261, 18788.36364610261, 18788.36364610261, 18788.36364610261, 18788.36364610261, 18788.36364610261, 18788.36364610261, 18788.36364610261, 18788.36364610261, 18788.36364610261, 18788.36364610261, 18788.36364610261, 18788.36364610261, 18788.36364610261, 18788.36364610261, 18788.36364610261, 18788.36364610261, 18788.36364610261, 18788.36364610261, 18788.36364610261, 18788.36364610261, 18788.36364610261, 18788.36364610261, 18788.36364610261, 18788.36364610261, 18788.36364610261, 18788.36364610261, 18788.36364610261, 18788.36364610261, 18788.36364610261, 18788.36364610261, 18788.36364610261, 18788.36364610261, 18788.36364610261, 18788.36364610261, 18788.36364610261, 18788.36364610261, 18788.36364610261, 18788.36364610261, 18788.36364610261, 18788.36364610261, 18788.36364610261, 18788.36364610261, 18788.36364610261, 18788.36364610261, 18788.36364610261, 18788.36364610261, 18788.36364610261, 18788.36364610261, 18788.36364610261, 18788.36364610261, 18788.36364610261, 18788.36364610261, 18788.36364610261, 18788.36364610261, 18788.36364610261, 18788.36364610261, 18788.36364610261, 18788.36364610261, 18788.36364610261, 18788.36364610261, 18788.36364610261, 18788.36364610261, 18788.36364610261, 18788.36364610261, 18788.36364610261, 18788.36364610261, 18788.36364610261, 18788.36364610261, 18788.36364610261, 18788.36364610261, 18788.36364610261, 18788.36364610261, 18788.36364610261, 18788.36364610261, 18788.36364610261, 18788.36364610261, 18734.41991408434, 18734.41991408434, 18734.41991408434, 18734.41991408434, 18734.41991408434, 18734.41991408434, 18734.41991408434, 18734.41991408434, 18734.41991408434, 18734.41991408434, 18734.41991408434, 18734.41991408434, 18734.41991408434, 18734.41991408434, 18734.41991408434, 18734.41991408434, 18734.41991408434, 18734.41991408434, 18734.41991408434, 18734.41991408434, 18734.41991408434, 18734.41991408434, 18734.41991408434, 18734.41991408434, 18734.41991408434, 18734.41991408434, 18734.41991408434, 18734.41991408434, 18734.41991408434, 18734.41991408434, 18734.41991408434, 18734.41991408434, 18734.41991408434, 18734.41991408434, 18734.41991408434, 18734.41991408434, 18734.41991408434, 18734.41991408434, 18734.41991408434, 18734.41991408434, 18734.41991408434, 18734.41991408434, 18734.41991408434, 18734.41991408434, 18734.41991408434, 18734.41991408434, 18734.41991408434, 18734.41991408434, 18734.41991408434, 18734.41991408434, 18734.41991408434, 18734.41991408434, 18734.41991408434, 18734.41991408434, 18734.41991408434, 18734.41991408434, 18734.41991408434, 18734.41991408434, 18734.41991408434, 18734.41991408434, 18734.41991408434, 18734.41991408434, 18734.41991408434, 18734.41991408434, 18734.41991408434, 18734.41991408434, 18734.41991408434, 18734.41991408434, 18734.41991408434, 18734.41991408434, 18734.41991408434, 18734.41991408434, 18734.41991408434, 18734.41991408434, 18734.41991408434, 18734.41991408434, 18734.41991408434, 18734.41991408434, 18734.41991408434, 18734.41991408434, 18734.41991408434, 18734.41991408434, 18734.41991408434, 18734.41991408434, 18734.41991408434, 18734.41991408434, 18734.41991408434, 18734.41991408434, 18734.41991408434, 18734.41991408434, 18734.41991408434, 18734.41991408434, 18734.41991408434, 18734.41991408434, 18734.41991408434, 18734.41991408434, 18734.41991408434, 18734.41991408434, 18734.41991408434, 18734.41991408434, 18734.41991408434, 18734.41991408434, 18734.41991408434, 18734.41991408434, 18734.41991408434, 18734.41991408434, 18734.41991408434, 18734.41991408434, 18734.41991408434, 18734.41991408434, 18734.41991408434, 18734.41991408434, 18734.41991408434, 18734.41991408434, 18734.41991408434, 18734.41991408434, 18734.41991408434, 18734.41991408434, 18734.41991408434, 18734.41991408434, 18734.41991408434, 18734.41991408434, 18734.41991408434, 18734.41991408434, 18734.41991408434, 18734.41991408434, 18734.41991408434, 18734.41991408434, 18734.41991408434, 18734.41991408434, 18734.41991408434, 18734.41991408434, 18734.41991408434, 18734.41991408434, 18734.41991408434, 18734.41991408434, 18734.41991408434, 18734.41991408434, 18734.41991408434, 18734.41991408434, 18734.41991408434, 18734.41991408434, 18734.41991408434, 18734.41991408434, 18734.41991408434, 18734.41991408434, 18734.41991408434, 18734.41991408434, 18734.41991408434, 18734.41991408434, 18734.41991408434, 18734.41991408434, 18734.41991408434, 18734.41991408434, 18734.41991408434, 18734.41991408434, 18734.41991408434, 18734.41991408434, 18734.41991408434, 18734.41991408434, 18734.41991408434, 18734.41991408434, 18734.41991408434, 18734.41991408434, 18734.41991408434, 18734.41991408434, 18734.41991408434, 18734.41991408434, 18734.41991408434, 18734.41991408434, 18734.41991408434, 18734.41991408434, 18734.41991408434, 18734.41991408434, 18734.41991408434, 18734.41991408434, 18734.41991408434, 18734.41991408434, 18731.881659804985, 18731.881659804985, 18731.881659804985, 18731.881659804985, 18731.881659804985, 18731.881659804985, 18731.881659804985, 18731.881659804985, 18731.881659804985, 18731.881659804985, 18731.881659804985, 18731.881659804985, 18731.881659804985, 18731.881659804985, 18731.881659804985, 18731.881659804985, 18731.881659804985, 18731.881659804985, 18731.881659804985, 18731.881659804985, 18731.881659804985, 18731.881659804985, 18731.881659804985, 18731.881659804985, 18731.881659804985, 18731.881659804985, 18731.881659804985, 18731.881659804985, 18731.881659804985, 18731.881659804985, 18731.881659804985, 18731.881659804985, 18731.881659804985, 18731.881659804985, 18731.881659804985, 18731.881659804985, 18731.881659804985, 18731.881659804985, 18731.881659804985, 18731.881659804985, 18731.881659804985, 18731.881659804985, 18731.881659804985, 18731.881659804985, 18731.881659804985, 18731.881659804985, 18731.881659804985, 18731.881659804985, 18731.881659804985, 18731.881659804985, 18731.881659804985, 18731.881659804985, 18731.881659804985, 18731.881659804985, 18731.881659804985, 18731.881659804985, 18731.881659804985, 18731.881659804985, 18731.881659804985, 18731.881659804985, 18731.881659804985, 18731.881659804985, 18731.881659804985, 18731.881659804985, 18731.881659804985, 18731.881659804985, 18731.881659804985, 18731.881659804985, 18731.881659804985, 18731.881659804985, 18731.881659804985, 18731.881659804985, 18731.881659804985, 18731.881659804985, 18731.881659804985, 18731.881659804985, 18731.881659804985, 18731.881659804985, 18731.881659804985, 18731.881659804985, 18731.881659804985, 18731.881659804985, 18731.881659804985, 18731.881659804985, 18731.881659804985, 18731.881659804985, 18731.881659804985, 18731.881659804985, 18731.881659804985, 18731.881659804985, 18731.881659804985, 18731.881659804985, 18731.881659804985, 18731.881659804985, 18731.881659804985, 18731.881659804985, 18731.881659804985, 18731.881659804985, 18731.881659804985, 18731.881659804985, 18731.881659804985, 18731.881659804985, 18731.881659804985, 18731.881659804985, 18731.881659804985, 18731.881659804985, 18731.881659804985, 18731.881659804985, 18731.881659804985, 18731.881659804985, 18731.881659804985, 18731.881659804985, 18731.881659804985, 18731.881659804985, 18731.881659804985, 18731.881659804985, 18731.881659804985, 18731.881659804985, 18731.881659804985, 18731.881659804985, 18731.881659804985, 18731.881659804985, 18731.881659804985, 18731.881659804985, 18731.881659804985, 18731.881659804985, 18731.881659804985, 18731.881659804985, 18731.881659804985, 18731.881659804985, 18731.881659804985, 18731.881659804985, 18731.881659804985, 18731.881659804985, 18731.881659804985, 18731.881659804985, 18731.881659804985, 18731.881659804985, 18731.881659804985, 18731.881659804985, 18731.881659804985, 18731.881659804985, 18731.881659804985, 18731.881659804985, 18731.881659804985, 18731.881659804985, 18731.881659804985, 18731.881659804985, 18731.881659804985, 18731.881659804985, 18731.881659804985, 18731.881659804985, 18731.881659804985, 18731.881659804985, 18731.881659804985, 18731.881659804985, 18731.881659804985, 18731.881659804985, 18731.881659804985, 18731.881659804985, 18731.881659804985, 18731.881659804985, 18731.881659804985, 18731.881659804985, 18731.881659804985, 18731.881659804985, 18731.881659804985, 18730.17535738997, 18730.17535738997, 18730.17535738997, 18730.17535738997, 18730.17535738997, 18730.17535738997, 18730.17535738997, 18730.17535738997, 18730.17535738997, 18730.17535738997, 18730.17535738997, 18730.17535738997, 18730.17535738997, 18730.17535738997, 18730.17535738997, 18727.338334045206, 18727.338334045206, 18727.338334045206, 18727.338334045206, 18727.338334045206, 18727.338334045206, 18727.338334045206, 18727.338334045206, 18727.338334045206, 18727.338334045206, 18727.338334045206, 18727.338334045206, 18727.338334045206, 18727.338334045206, 18727.338334045206, 18727.338334045206, 18727.338334045206, 18727.338334045206, 18727.338334045206, 18727.338334045206, 18727.338334045206, 18727.338334045206, 18727.338334045206, 18727.338334045206, 18727.338334045206, 18727.338334045206, 18727.338334045206, 18727.338334045206, 18727.338334045206, 18727.338334045206, 18727.338334045206, 18727.338334045206, 18727.338334045206, 18727.338334045206, 18727.338334045206, 18727.338334045206, 18727.338334045206, 18727.338334045206, 18727.338334045206, 18727.338334045206, 18727.338334045206, 18727.338334045206, 18727.338334045206, 18727.338334045206, 18727.338334045206, 18727.338334045206, 18727.338334045206, 18727.338334045206, 18727.338334045206, 18727.338334045206, 18727.338334045206, 18727.338334045206, 18727.338334045206, 18727.338334045206, 18727.338334045206, 18727.338334045206, 18727.338334045206, 18727.338334045206, 18727.338334045206, 18727.338334045206, 18727.338334045206, 18727.338334045206, 18727.338334045206, 18727.338334045206, 18727.338334045206, 18727.338334045206, 18727.338334045206, 18727.338334045206, 18727.338334045206, 18727.338334045206, 18727.338334045206, 18727.338334045206, 18727.338334045206, 18727.338334045206, 18727.338334045206, 18727.338334045206, 18727.338334045206, 18727.338334045206, 18727.338334045206, 18727.338334045206, 18727.338334045206, 18727.338334045206, 18727.338334045206, 18727.338334045206, 18727.338334045206, 18727.338334045206, 18727.338334045206, 18727.338334045206, 18727.338334045206, 18727.338334045206, 18727.338334045206, 18727.338334045206, 18727.338334045206, 18727.338334045206, 18727.338334045206, 18727.338334045206, 18727.338334045206, 18727.338334045206, 18727.338334045206, 18727.338334045206, 18727.338334045206, 18727.338334045206, 18727.338334045206, 18727.338334045206, 18727.338334045206, 18727.338334045206, 18727.338334045206, 18727.338334045206, 18727.338334045206, 18727.338334045206, 18727.338334045206, 18727.338334045206, 18727.338334045206, 18727.338334045206, 18727.338334045206, 18727.338334045206, 18727.338334045206, 18727.338334045206, 18727.338334045206, 18727.338334045206, 18727.338334045206, 18727.338334045206, 18727.338334045206, 18727.338334045206, 18727.338334045206, 18727.338334045206, 18727.338334045206, 18727.338334045206, 18727.338334045206, 18727.338334045206, 18727.338334045206, 18727.338334045206, 18727.338334045206, 18727.338334045206, 18727.338334045206, 18727.338334045206, 18727.338334045206, 18727.338334045206, 18727.338334045206, 18727.338334045206, 18727.338334045206, 18727.338334045206, 18727.338334045206, 18727.338334045206, 18727.338334045206, 18727.338334045206, 18727.338334045206, 18727.338334045206, 18727.338334045206, 18727.338334045206, 18727.338334045206, 18727.338334045206, 18727.338334045206, 18727.338334045206, 18727.338334045206, 18727.338334045206, 18727.338334045206, 18727.338334045206, 18727.338334045206, 18727.338334045206, 18727.338334045206, 18727.338334045206, 18727.338334045206, 18727.338334045206, 18727.338334045206, 18727.338334045206, 18727.338334045206, 18727.338334045206, 18727.338334045206, 18727.338334045206, 18727.338334045206, 18727.338334045206, 18727.338334045206, 18727.338334045206, 18727.338334045206, 18727.338334045206, 18727.338334045206, 18727.338334045206, 18727.338334045206, 18727.338334045206, 18727.338334045206, 18727.338334045206, 18727.338334045206, 18727.338334045206, 18727.338334045206, 18727.338334045206, 18727.338334045206, 18727.338334045206, 18727.338334045206, 18727.338334045206, 18727.338334045206, 18727.338334045206, 18727.338334045206, 18727.338334045206, 18727.338334045206, 18727.338334045206, 18727.338334045206, 18727.338334045206, 18727.338334045206, 18727.338334045206, 18727.338334045206, 18727.338334045206, 18727.338334045206, 18727.338334045206, 18727.338334045206, 18727.338334045206, 18727.338334045206, 18727.338334045206, 18727.338334045206, 18727.338334045206, 18727.338334045206, 18727.338334045206, 18727.338334045206, 18725.371550606713, 18725.371550606713, 18725.371550606713, 18725.371550606713, 18725.371550606713, 18725.371550606713, 18725.371550606713, 18725.371550606713, 18725.371550606713, 18725.371550606713, 18725.371550606713, 18725.371550606713, 18725.371550606713, 18725.371550606713, 18725.371550606713, 18725.371550606713, 18725.371550606713, 18725.371550606713, 18725.371550606713, 18725.371550606713, 18725.371550606713, 18725.371550606713, 18725.371550606713, 18725.371550606713, 18725.371550606713, 18725.371550606713, 18725.371550606713, 18725.371550606713, 18725.371550606713, 18725.371550606713, 18725.371550606713, 18723.631596945983, 18723.631596945983, 18723.631596945983, 18723.631596945983, 18723.631596945983, 18723.631596945983, 18723.631596945983, 18723.631596945983, 18723.631596945983, 18723.631596945983, 18723.631596945983, 18723.631596945983, 18723.631596945983, 18723.631596945983, 18723.631596945983, 18723.631596945983, 18723.631596945983, 18723.631596945983, 18723.631596945983, 18723.631596945983, 18723.631596945983, 18723.631596945983, 18723.631596945983, 18723.631596945983, 18723.631596945983, 18723.631596945983, 18723.631596945983, 18723.631596945983, 18723.631596945983, 18723.631596945983, 18723.631596945983, 18723.631596945983, 18723.631596945983, 18723.631596945983, 18723.631596945983, 18723.631596945983, 18723.631596945983, 18723.631596945983, 18723.631596945983, 18723.631596945983, 18723.631596945983, 18723.631596945983, 18723.631596945983, 18723.631596945983, 18723.631596945983, 18723.631596945983, 18723.631596945983, 18723.631596945983, 18723.631596945983, 18723.631596945983, 18723.631596945983, 18723.631596945983, 18723.631596945983, 18723.631596945983, 18723.631596945983, 18723.631596945983, 18723.631596945983, 18723.631596945983, 18723.631596945983, 18723.631596945983, 18723.631596945983, 18723.631596945983, 18723.631596945983, 18723.631596945983, 18723.631596945983, 18723.631596945983, 18723.631596945983, 18723.631596945983, 18723.631596945983, 18723.631596945983, 18723.631596945983, 18723.631596945983, 18723.631596945983, 18723.631596945983, 18723.631596945983, 18723.631596945983, 18723.631596945983, 18723.631596945983, 18723.631596945983, 18723.631596945983, 18723.631596945983, 18723.631596945983, 18723.631596945983, 18723.631596945983, 18723.631596945983, 18723.631596945983, 18723.631596945983, 18723.631596945983, 18723.631596945983, 18723.631596945983, 18723.631596945983, 18723.631596945983, 18723.631596945983, 18723.631596945983, 18723.631596945983, 18723.631596945983, 18723.631596945983, 18723.631596945983, 18723.631596945983, 18723.631596945983, 18723.631596945983, 18723.631596945983, 18723.631596945983, 18723.631596945983, 18723.631596945983, 18723.631596945983, 18723.631596945983, 18723.631596945983, 18723.631596945983, 18723.631596945983, 18723.631596945983, 18723.631596945983, 18723.631596945983, 18723.631596945983, 18723.631596945983, 18723.631596945983, 18723.631596945983, 18723.631596945983, 18723.631596945983, 18723.631596945983, 18723.631596945983, 18723.631596945983, 18723.631596945983, 18723.631596945983, 18723.631596945983, 18723.631596945983, 18723.631596945983, 18723.631596945983, 18723.631596945983, 18723.631596945983, 18723.631596945983, 18723.631596945983, 18723.631596945983, 18723.631596945983, 18723.631596945983, 18723.631596945983, 18723.631596945983, 18723.631596945983, 18723.631596945983, 18723.631596945983, 18723.631596945983, 18723.631596945983, 18723.631596945983, 18723.631596945983, 18723.631596945983, 18723.631596945983, 18723.631596945983, 18723.631596945983, 18723.631596945983, 18723.631596945983, 18723.631596945983, 18723.631596945983, 18723.631596945983, 18723.631596945983, 18723.631596945983, 18723.631596945983, 18723.631596945983, 18723.631596945983, 18723.631596945983, 18723.631596945983, 18723.631596945983, 18723.631596945983, 18723.631596945983, 18723.631596945983, 18723.631596945983, 18723.631596945983, 18723.631596945983, 18723.631596945983, 18723.631596945983, 18723.631596945983, 18723.631596945983, 18723.631596945983, 18723.631596945983, 18723.631596945983, 18723.631596945983, 18723.631596945983, 18723.631596945983, 18723.631596945983, 18723.631596945983, 18723.631596945983, 18723.631596945983, 18723.631596945983, 18723.631596945983, 18723.631596945983, 18723.631596945983, 18723.631596945983, 18723.631596945983, 18723.631596945983, 18723.631596945983, 18723.631596945983, 18723.631596945983, 18723.631596945983, 18723.631596945983, 18723.631596945983, 18723.631596945983, 18723.631596945983, 18723.631596945983, 18723.631596945983, 18723.631596945983, 18723.631596945983, 18723.631596945983, 18723.631596945983, 18723.631596945983, 18723.631596945983, 18723.631596945983, 18723.631596945983, 18723.631596945983, 18723.631596945983, 18723.631596945983, 18723.631596945983, 18723.631596945983, 18723.631596945983, 18723.631596945983, 18723.631596945983, 18723.631596945983, 18723.631596945983, 18723.631596945983, 18723.631596945983, 18723.631596945983, 18723.631596945983, 18723.631596945983, 18723.631596945983, 18723.631596945983, 18723.631596945983, 18723.631596945983, 18723.631596945983, 18723.631596945983, 18723.631596945983, 18723.631596945983, 18723.631596945983, 18723.631596945983, 18723.631596945983, 18723.631596945983, 18723.631596945983, 18723.631596945983, 18723.631596945983, 18723.631596945983, 18723.631596945983, 18723.631596945983, 18723.631596945983, 18723.631596945983, 18723.631596945983, 18723.631596945983, 18723.631596945983, 18723.631596945983, 18723.631596945983, 18723.631596945983, 18723.631596945983, 18723.631596945983, 18723.631596945983, 18723.631596945983, 18723.631596945983, 18723.631596945983, 18723.631596945983, 18723.631596945983, 18723.631596945983, 18723.631596945983, 18723.631596945983, 18723.631596945983, 18723.631596945983, 18723.631596945983, 18723.631596945983, 18723.631596945983, 18723.631596945983, 18723.631596945983, 18723.631596945983, 18723.631596945983, 18723.631596945983, 18723.631596945983, 18723.631596945983, 18723.631596945983, 18723.631596945983, 18723.631596945983, 18723.631596945983, 18723.631596945983, 18723.631596945983, 18723.631596945983, 18723.631596945983, 18723.631596945983, 18723.631596945983, 18723.631596945983, 18723.631596945983, 18723.631596945983, 18723.631596945983, 18723.631596945983, 18723.631596945983, 18723.631596945983, 18723.631596945983, 18723.631596945983, 18723.631596945983, 18723.631596945983, 18723.631596945983, 18723.631596945983, 18723.631596945983, 18723.631596945983, 18723.631596945983, 18723.631596945983, 18723.631596945983, 18723.631596945983, 18723.631596945983, 18723.631596945983, 18723.631596945983, 18723.631596945983, 18723.631596945983, 18723.631596945983, 18723.631596945983, 18723.631596945983, 18723.631596945983, 18723.631596945983, 18723.631596945983, 18723.631596945983, 18723.631596945983, 18723.631596945983, 18723.631596945983, 18723.631596945983, 18723.631596945983, 18723.631596945983, 18723.631596945983, 18723.631596945983, 18723.631596945983, 18720.578266078708, 18720.578266078708, 18720.578266078708, 18720.578266078708, 18720.578266078708, 18720.578266078708, 18720.578266078708, 18720.578266078708, 18720.578266078708, 18720.578266078708, 18720.578266078708, 18720.578266078708, 18720.578266078708, 18720.578266078708, 18720.578266078708, 18720.578266078708, 18720.578266078708, 18720.578266078708, 18720.578266078708, 18720.578266078708, 18720.578266078708, 18720.578266078708, 18720.578266078708, 18720.578266078708, 18720.578266078708, 18720.578266078708, 18720.578266078708, 18720.578266078708, 18720.578266078708, 18720.578266078708, 18720.578266078708, 18720.578266078708, 18720.578266078708, 18720.578266078708, 18720.578266078708, 18720.578266078708, 18720.578266078708, 18720.578266078708, 18720.578266078708, 18720.578266078708, 18720.578266078708, 18720.578266078708, 18720.578266078708, 18720.578266078708, 18720.578266078708, 18720.578266078708, 18720.578266078708, 18720.578266078708, 18720.578266078708, 18720.578266078708, 18720.578266078708, 18720.578266078708, 18720.578266078708, 18720.578266078708, 18720.578266078708, 18720.578266078708, 18720.578266078708, 18720.578266078708, 18720.578266078708, 18720.578266078708, 18720.578266078708, 18720.578266078708, 18720.578266078708, 18720.578266078708, 18720.578266078708, 18720.578266078708, 18720.578266078708, 18720.578266078708, 18720.578266078708, 18720.578266078708, 18720.578266078708, 18720.578266078708, 18720.578266078708, 18720.578266078708, 18720.578266078708, 18720.578266078708, 18720.578266078708, 18720.578266078708, 18720.578266078708, 18720.578266078708, 18720.578266078708, 18720.578266078708, 18720.578266078708, 18720.578266078708, 18720.578266078708, 18720.578266078708, 18720.578266078708, 18720.578266078708, 18720.578266078708, 18720.578266078708, 18720.578266078708, 18720.578266078708, 18720.578266078708, 18720.578266078708, 18720.578266078708, 18720.578266078708, 18720.578266078708, 18720.578266078708, 18720.578266078708, 18720.578266078708, 18720.578266078708, 18720.578266078708, 18720.578266078708, 18720.578266078708, 18720.578266078708, 18720.578266078708, 18720.578266078708, 18720.578266078708, 18720.578266078708, 18720.578266078708, 18720.578266078708, 18720.578266078708, 18720.578266078708, 18720.578266078708, 18720.578266078708, 18720.578266078708, 18720.578266078708, 18720.578266078708, 18720.578266078708, 18720.578266078708, 18720.578266078708, 18720.578266078708, 18720.578266078708, 18720.578266078708, 18720.578266078708, 18720.578266078708, 18720.578266078708, 18720.578266078708, 18720.578266078708, 18720.578266078708, 18720.578266078708, 18720.578266078708, 18720.578266078708, 18720.578266078708, 18720.578266078708, 18720.578266078708, 18720.578266078708, 18720.578266078708, 18720.578266078708, 18720.578266078708, 18720.578266078708, 18720.578266078708, 18720.578266078708, 18720.578266078708, 18720.578266078708, 18720.578266078708, 18720.578266078708, 18720.578266078708, 18720.578266078708, 18720.578266078708, 18720.578266078708, 18720.578266078708, 18720.578266078708, 18720.578266078708, 18720.578266078708, 18720.578266078708, 18720.578266078708, 18720.578266078708, 18720.578266078708, 18720.578266078708, 18720.578266078708, 18720.578266078708, 18720.578266078708, 18720.578266078708, 18720.578266078708, 18720.578266078708, 18720.578266078708, 18720.578266078708, 18720.578266078708, 18720.578266078708, 18720.578266078708, 18720.578266078708, 18720.578266078708, 18720.578266078708, 18720.578266078708, 18720.578266078708, 18720.578266078708, 18720.578266078708, 18720.578266078708, 18720.578266078708, 18720.578266078708, 18720.578266078708, 18720.578266078708, 18720.578266078708, 18720.578266078708, 18720.578266078708, 18720.578266078708, 18720.578266078708, 18720.578266078708, 18720.578266078708, 18720.578266078708, 18720.578266078708, 18720.578266078708, 18720.578266078708, 18720.578266078708, 18720.578266078708, 18720.578266078708, 18720.578266078708, 18720.578266078708, 18720.578266078708, 18720.578266078708, 18720.578266078708, 18720.578266078708, 18720.578266078708, 18720.578266078708, 18720.578266078708, 18720.578266078708, 18720.578266078708, 18720.578266078708, 18720.578266078708, 18720.578266078708, 18720.578266078708, 18720.578266078708, 18720.578266078708, 18720.578266078708, 18720.578266078708, 18720.578266078708, 18720.578266078708, 18720.578266078708, 18720.578266078708, 18720.578266078708, 18720.578266078708, 18720.578266078708, 18720.578266078708, 18720.578266078708, 18720.578266078708, 18720.578266078708, 18720.578266078708, 18720.578266078708, 18720.578266078708, 18720.578266078708, 18720.578266078708, 18720.578266078708, 18720.578266078708, 18720.578266078708, 18720.578266078708, 18720.578266078708, 18720.578266078708, 18720.578266078708, 18720.578266078708, 18720.578266078708, 18720.578266078708, 18720.578266078708, 18720.578266078708, 18720.578266078708, 18720.578266078708, 18720.578266078708, 18720.578266078708, 18720.578266078708, 18720.578266078708, 18720.578266078708, 18720.578266078708, 18720.578266078708, 18720.578266078708, 18720.578266078708, 18720.578266078708, 18720.578266078708, 18720.578266078708, 18720.578266078708, 18720.578266078708, 18720.578266078708, 18720.578266078708, 18720.578266078708, 18720.578266078708, 18720.578266078708, 18720.578266078708, 18720.578266078708, 18720.578266078708, 18720.578266078708, 18720.578266078708, 18720.578266078708, 18720.578266078708, 18720.578266078708, 18720.578266078708, 18720.578266078708, 18720.578266078708, 18720.578266078708, 18720.578266078708, 18720.578266078708, 18720.578266078708, 18720.578266078708, 18720.578266078708, 18720.578266078708, 18720.578266078708, 18720.578266078708, 18720.578266078708, 18720.578266078708, 18720.578266078708, 18720.578266078708, 18720.578266078708, 18720.578266078708, 18720.578266078708, 18720.578266078708, 18720.578266078708, 18720.578266078708, 18720.578266078708, 18720.578266078708, 18720.578266078708, 18720.578266078708, 18720.578266078708, 18720.578266078708, 18720.578266078708, 18720.578266078708, 18720.578266078708, 18720.578266078708, 18720.578266078708, 18720.578266078708, 18720.578266078708, 18720.578266078708, 18720.578266078708, 18720.578266078708, 18720.578266078708, 18720.578266078708, 18720.578266078708, 18720.578266078708, 18720.578266078708, 18720.578266078708, 18720.578266078708, 18720.578266078708, 18720.578266078708, 18720.578266078708, 18720.578266078708, 18720.578266078708, 18720.578266078708, 18720.578266078708, 18720.578266078708, 18720.578266078708, 18720.578266078708, 18720.578266078708, 18720.578266078708, 18720.578266078708, 18720.578266078708, 18720.578266078708, 18720.578266078708, 18720.578266078708, 18720.578266078708, 18720.578266078708, 18720.578266078708, 18720.578266078708, 18720.578266078708, 18720.578266078708, 18720.578266078708, 18720.578266078708, 18720.578266078708, 18720.578266078708, 18720.578266078708, 18720.578266078708, 18720.578266078708, 18720.578266078708, 18720.578266078708, 18720.578266078708, 18720.578266078708, 18720.578266078708, 18720.578266078708, 18720.578266078708, 18720.578266078708, 18720.578266078708, 18720.578266078708, 18720.578266078708, 18720.578266078708, 18720.578266078708, 18720.578266078708, 18720.578266078708, 18720.578266078708, 18720.578266078708, 18720.578266078708, 18720.578266078708, 18720.578266078708, 18720.578266078708, 18720.578266078708, 18720.578266078708, 18720.578266078708, 18720.578266078708, 18720.578266078708, 18720.578266078708, 18720.578266078708, 18720.578266078708, 18720.578266078708, 18720.578266078708, 18720.578266078708, 18720.578266078708, 18720.578266078708, 18720.578266078708, 18720.578266078708, 18720.578266078708, 18720.578266078708, 18720.578266078708, 18720.578266078708, 18720.578266078708, 18720.578266078708, 18720.578266078708, 18720.578266078708, 18720.578266078708, 18720.578266078708, 18720.578266078708, 18720.578266078708, 18720.578266078708, 18720.578266078708, 18720.578266078708, 18720.578266078708, 18720.578266078708, 18720.578266078708, 18720.578266078708, 18720.578266078708, 18720.578266078708, 18720.578266078708, 18720.578266078708, 18720.578266078708, 18720.578266078708, 18720.578266078708, 18720.578266078708, 18720.578266078708, 18720.578266078708, 18720.578266078708, 18720.578266078708, 18720.578266078708, 18720.578266078708, 18720.578266078708, 18720.578266078708, 18720.578266078708, 18720.578266078708, 18720.578266078708, 18720.578266078708, 18720.578266078708, 18720.578266078708, 18720.578266078708, 18720.578266078708, 18720.578266078708, 18717.804772346222, 18717.804772346222, 18717.804772346222, 18717.804772346222, 18717.804772346222, 18717.804772346222, 18717.804772346222, 18717.804772346222, 18717.804772346222, 18717.804772346222, 18717.804772346222, 18717.804772346222, 18717.804772346222, 18717.804772346222, 18717.804772346222, 18717.804772346222, 18717.804772346222, 18717.804772346222, 18717.804772346222, 18717.804772346222, 18717.804772346222, 18717.804772346222, 18717.804772346222, 18717.804772346222, 18717.804772346222, 18717.804772346222, 18717.804772346222, 18717.804772346222, 18717.804772346222, 18717.804772346222, 18717.804772346222, 18717.804772346222, 18717.804772346222, 18717.804772346222, 18717.804772346222, 18717.804772346222, 18717.804772346222, 18717.804772346222, 18717.804772346222, 18717.804772346222, 18717.804772346222, 18717.804772346222, 18717.804772346222, 18717.804772346222, 18717.804772346222, 18717.804772346222, 18717.804772346222, 18717.804772346222, 18717.804772346222, 18717.804772346222, 18717.804772346222, 18717.804772346222, 18717.804772346222, 18717.804772346222, 18717.804772346222, 18717.804772346222, 18717.804772346222, 18717.804772346222, 18717.804772346222, 18717.804772346222, 18717.804772346222, 18717.804772346222, 18717.804772346222, 18717.804772346222, 18717.804772346222, 18717.804772346222, 18717.804772346222, 18717.804772346222, 18717.804772346222, 18717.804772346222, 18717.804772346222, 18717.804772346222, 18717.804772346222, 18717.804772346222, 18717.804772346222, 18717.804772346222, 18717.804772346222, 18717.804772346222, 18717.804772346222, 18717.804772346222, 18717.804772346222, 18717.804772346222, 18717.804772346222, 18717.804772346222, 18717.804772346222, 18717.804772346222, 18717.804772346222, 18717.804772346222, 18717.804772346222, 18717.804772346222, 18717.804772346222, 18717.804772346222, 18717.804772346222, 18717.804772346222, 18717.804772346222, 18717.804772346222, 18717.804772346222, 18717.804772346222, 18717.804772346222, 18717.804772346222, 18717.804772346222, 18717.804772346222, 18717.804772346222, 18717.804772346222, 18717.804772346222, 18717.804772346222, 18717.804772346222, 18717.804772346222, 18717.804772346222, 18717.804772346222, 18717.804772346222, 18717.804772346222, 18717.804772346222, 18717.804772346222, 18717.804772346222, 18717.804772346222, 18717.804772346222, 18717.804772346222, 18717.804772346222, 18717.804772346222, 18717.804772346222, 18717.804772346222, 18717.804772346222, 18717.804772346222, 18717.804772346222, 18717.804772346222, 18717.804772346222, 18717.804772346222, 18717.804772346222, 18717.804772346222, 18717.804772346222, 18717.804772346222, 18717.804772346222, 18717.804772346222, 18717.804772346222, 18717.804772346222, 18717.804772346222, 18717.804772346222, 18717.804772346222, 18717.804772346222, 18717.804772346222, 18717.804772346222, 18717.804772346222, 18717.804772346222, 18717.804772346222, 18717.804772346222, 18717.804772346222, 18717.804772346222, 18717.804772346222, 18717.804772346222, 18717.804772346222, 18717.804772346222, 18717.804772346222, 18717.804772346222, 18717.804772346222, 18717.804772346222, 18717.804772346222, 18717.804772346222, 18717.804772346222, 18717.804772346222, 18717.804772346222, 18717.804772346222, 18717.804772346222, 18717.804772346222, 18717.804772346222, 18717.804772346222, 18717.804772346222, 18717.804772346222, 18717.804772346222, 18717.804772346222, 18717.804772346222, 18717.804772346222, 18717.804772346222, 18717.804772346222, 18717.804772346222, 18717.804772346222, 18717.804772346222, 18717.804772346222, 18717.804772346222, 18717.804772346222, 18717.804772346222, 18717.804772346222, 18717.804772346222, 18717.804772346222, 18717.804772346222, 18717.804772346222, 18717.804772346222, 18717.804772346222, 18717.804772346222, 18717.804772346222, 18717.804772346222, 18717.804772346222, 18717.804772346222, 18717.804772346222, 18717.804772346222, 18717.804772346222, 18717.804772346222, 18717.804772346222, 18717.804772346222, 18717.804772346222, 18717.804772346222, 18717.804772346222, 18717.804772346222, 18717.804772346222, 18717.804772346222, 18717.804772346222, 18717.804772346222, 18717.804772346222, 18717.804772346222, 18717.804772346222, 18717.804772346222, 18717.804772346222, 18717.804772346222, 18717.804772346222, 18717.804772346222, 18717.804772346222, 18717.804772346222, 18717.804772346222, 18717.804772346222, 18717.804772346222, 18717.804772346222, 18717.804772346222, 18717.804772346222, 18717.804772346222, 18717.804772346222, 18717.804772346222, 18717.804772346222, 18717.804772346222, 18717.804772346222, 18717.804772346222, 18717.804772346222, 18717.804772346222, 18717.804772346222, 18717.804772346222, 18717.804772346222, 18717.804772346222, 18717.804772346222, 18717.804772346222, 18717.804772346222, 18717.804772346222, 18717.804772346222, 18717.804772346222, 18717.804772346222, 18717.804772346222, 18717.804772346222, 18717.804772346222, 18717.804772346222, 18717.804772346222, 18717.804772346222, 18717.804772346222, 18717.804772346222, 18717.804772346222, 18717.804772346222, 18717.804772346222, 18717.804772346222, 18717.804772346222, 18717.804772346222, 18717.804772346222, 18717.804772346222, 18717.804772346222, 18717.804772346222, 18717.804772346222, 18717.804772346222, 18717.804772346222, 18717.804772346222, 18717.804772346222, 18717.804772346222, 18717.804772346222, 18717.804772346222, 18717.804772346222, 18717.804772346222, 18717.804772346222, 18717.804772346222, 18717.804772346222, 18717.804772346222, 18717.804772346222, 18717.804772346222, 18717.804772346222, 18717.804772346222, 18717.804772346222, 18717.804772346222, 18717.804772346222, 18717.804772346222, 18717.804772346222, 18717.804772346222, 18717.804772346222, 18717.804772346222, 18717.804772346222, 18717.804772346222, 18717.804772346222, 18717.804772346222, 18717.804772346222, 18717.804772346222, 18717.804772346222, 18717.804772346222, 18717.804772346222, 18717.804772346222]
Computational time : 1675.37999988