Name : Ahmed ElMousel
Problem : X-n115-k10 
Whale Algorithm 
cost : 825.481344824
Routes : 
1->5->1
1->14->2->15->32->31->1
1->16->18->27->28->29->30->17->1
1->4->3->26->25->24->23->21->22->20->19->11->10->9->8->7->6->33->12->13->1
best solutions : 
[825.4813448239173, 825.4813448239173, 825.4813448239173, 825.4813448239173, 825.4813448239173, 825.4813448239173, 825.4813448239173, 825.4813448239173, 825.4813448239173, 825.4813448239173, 825.4813448239173, 825.4813448239173, 825.4813448239173, 825.4813448239173, 825.4813448239173, 825.4813448239173, 825.4813448239173, 825.4813448239173, 825.4813448239173, 825.4813448239173, 825.4813448239173, 825.4813448239173, 825.4813448239173, 825.4813448239173, 825.4813448239173, 825.4813448239173, 825.4813448239173, 825.4813448239173, 825.4813448239173, 825.4813448239173, 825.4813448239173, 825.4813448239173, 825.4813448239173, 825.4813448239173, 825.4813448239173, 825.4813448239173, 825.4813448239173, 825.4813448239173, 825.4813448239173, 825.4813448239173, 825.4813448239173, 825.4813448239173, 825.4813448239173, 825.4813448239173, 825.4813448239173, 825.4813448239173, 825.4813448239173, 825.4813448239173, 825.4813448239173, 825.4813448239173, 825.4813448239173, 825.4813448239173, 825.4813448239173, 825.4813448239173, 825.4813448239173, 825.4813448239173, 825.4813448239173, 825.4813448239173, 825.4813448239173, 825.4813448239173, 825.4813448239173, 825.4813448239173, 825.4813448239173, 825.4813448239173, 825.4813448239173, 825.4813448239173, 825.4813448239173, 825.4813448239173, 825.4813448239173, 825.4813448239173, 825.4813448239173, 825.4813448239173, 825.4813448239173, 825.4813448239173, 825.4813448239173, 825.4813448239173, 825.4813448239173, 825.4813448239173, 825.4813448239173, 825.4813448239173, 825.4813448239173, 825.4813448239173, 825.4813448239173, 825.4813448239173, 825.4813448239173, 825.4813448239173, 825.4813448239173, 825.4813448239173, 825.4813448239173, 825.4813448239173, 825.4813448239173, 825.4813448239173, 825.4813448239173, 825.4813448239173, 825.4813448239173, 825.4813448239173, 825.4813448239173, 825.4813448239173, 825.4813448239173, 825.4813448239173, 825.4813448239173, 825.4813448239173, 825.4813448239173, 825.4813448239173, 825.4813448239173, 825.4813448239173, 825.4813448239173, 825.4813448239173, 825.4813448239173, 825.4813448239173, 825.4813448239173, 825.4813448239173, 825.4813448239173, 825.4813448239173, 825.4813448239173, 825.4813448239173, 825.4813448239173, 825.4813448239173, 825.4813448239173, 825.4813448239173, 825.4813448239173, 825.4813448239173, 825.4813448239173, 825.4813448239173, 825.4813448239173, 825.4813448239173, 825.4813448239173, 825.4813448239173, 825.4813448239173, 825.4813448239173, 825.4813448239173, 825.4813448239173, 825.4813448239173, 825.4813448239173, 825.4813448239173, 825.4813448239173, 825.4813448239173, 825.4813448239173, 825.4813448239173, 825.4813448239173, 825.4813448239173, 825.4813448239173, 825.4813448239173, 825.4813448239173, 825.4813448239173, 825.4813448239173, 825.4813448239173, 825.4813448239173, 825.4813448239173, 825.4813448239173, 825.4813448239173, 825.4813448239173, 825.4813448239173, 825.4813448239173, 825.4813448239173, 825.4813448239173, 825.4813448239173, 825.4813448239173, 825.4813448239173, 825.4813448239173, 825.4813448239173, 825.4813448239173, 825.4813448239173, 825.4813448239173, 825.4813448239173, 825.4813448239173, 825.4813448239173, 825.4813448239173, 825.4813448239173, 825.4813448239173, 825.4813448239173, 825.4813448239173, 825.4813448239173, 825.4813448239173, 825.4813448239173, 825.4813448239173, 825.4813448239173, 825.4813448239173, 825.4813448239173, 825.4813448239173, 825.4813448239173, 825.4813448239173, 825.4813448239173, 825.4813448239173, 825.4813448239173, 825.4813448239173, 825.4813448239173, 825.4813448239173, 825.4813448239173, 825.4813448239173, 825.4813448239173, 825.4813448239173, 825.4813448239173, 825.4813448239173, 825.4813448239173, 825.4813448239173, 825.4813448239173, 825.4813448239173, 825.4813448239173, 825.4813448239173, 825.4813448239173, 825.4813448239173, 825.4813448239173, 825.4813448239173, 825.4813448239173, 825.4813448239173, 825.4813448239173, 825.4813448239173, 825.4813448239173, 825.4813448239173, 825.4813448239173, 825.4813448239173, 825.4813448239173, 825.4813448239173, 825.4813448239173, 825.4813448239173, 825.4813448239173, 825.4813448239173, 825.4813448239173, 825.4813448239173, 825.4813448239173, 825.4813448239173, 825.4813448239173, 825.4813448239173, 825.4813448239173, 825.4813448239173, 825.4813448239173, 825.4813448239173, 825.4813448239173, 825.4813448239173, 825.4813448239173, 825.4813448239173, 825.4813448239173, 825.4813448239173, 825.4813448239173, 825.4813448239173, 825.4813448239173, 825.4813448239173, 825.4813448239173, 825.4813448239173, 825.4813448239173, 825.4813448239173, 825.4813448239173, 825.4813448239173, 825.4813448239173, 825.4813448239173, 825.4813448239173, 825.4813448239173, 825.4813448239173, 825.4813448239173, 825.4813448239173, 825.4813448239173, 825.4813448239173, 825.4813448239173, 825.4813448239173, 825.4813448239173, 825.4813448239173, 825.4813448239173, 825.4813448239173, 825.4813448239173, 825.4813448239173, 825.4813448239173, 825.4813448239173, 825.4813448239173, 825.4813448239173, 825.4813448239173, 825.4813448239173, 825.4813448239173, 825.4813448239173, 825.4813448239173, 825.4813448239173, 825.4813448239173, 825.4813448239173, 825.4813448239173, 825.4813448239173, 825.4813448239173, 825.4813448239173, 825.4813448239173, 825.4813448239173, 825.4813448239173, 825.4813448239173, 825.4813448239173, 825.4813448239173, 825.4813448239173, 825.4813448239173, 825.4813448239173, 825.4813448239173, 825.4813448239173, 825.4813448239173, 825.4813448239173, 825.4813448239173, 825.4813448239173, 825.4813448239173, 825.4813448239173, 825.4813448239173, 825.4813448239173, 825.4813448239173, 825.4813448239173, 825.4813448239173, 825.4813448239173, 825.4813448239173, 825.4813448239173, 825.4813448239173, 825.4813448239173, 825.4813448239173, 825.4813448239173, 825.4813448239173, 825.4813448239173, 825.4813448239173, 825.4813448239173, 825.4813448239173, 825.4813448239173, 825.4813448239173, 825.4813448239173, 825.4813448239173, 825.4813448239173, 825.4813448239173, 825.4813448239173, 825.4813448239173, 825.4813448239173, 825.4813448239173, 825.4813448239173, 825.4813448239173, 825.4813448239173, 825.4813448239173, 825.4813448239173, 825.4813448239173, 825.4813448239173, 825.4813448239173, 825.4813448239173, 825.4813448239173, 825.4813448239173, 825.4813448239173, 825.4813448239173, 825.4813448239173, 825.4813448239173, 825.4813448239173, 825.4813448239173, 825.4813448239173, 825.4813448239173, 825.4813448239173, 825.4813448239173, 825.4813448239173, 825.4813448239173, 825.4813448239173, 825.4813448239173, 825.4813448239173, 825.4813448239173, 825.4813448239173, 825.4813448239173, 825.4813448239173, 825.4813448239173, 825.4813448239173, 825.4813448239173, 825.4813448239173, 825.4813448239173, 825.4813448239173, 825.4813448239173, 825.4813448239173, 825.4813448239173, 825.4813448239173, 825.4813448239173, 825.4813448239173, 825.4813448239173, 825.4813448239173, 825.4813448239173, 825.4813448239173, 825.4813448239173, 825.4813448239173, 825.4813448239173, 825.4813448239173, 825.4813448239173, 825.4813448239173, 825.4813448239173, 825.4813448239173, 825.4813448239173, 825.4813448239173, 825.4813448239173, 825.4813448239173, 825.4813448239173, 825.4813448239173, 825.4813448239173, 825.4813448239173, 825.4813448239173, 825.4813448239173, 825.4813448239173, 825.4813448239173, 825.4813448239173, 825.4813448239173, 825.4813448239173, 825.4813448239173, 825.4813448239173, 825.4813448239173, 825.4813448239173, 825.4813448239173, 825.4813448239173, 825.4813448239173, 825.4813448239173, 825.4813448239173, 825.4813448239173, 825.4813448239173, 825.4813448239173, 825.4813448239173, 825.4813448239173, 825.4813448239173, 825.4813448239173, 825.4813448239173, 825.4813448239173, 825.4813448239173, 825.4813448239173, 825.4813448239173, 825.4813448239173, 825.4813448239173, 825.4813448239173, 825.4813448239173, 825.4813448239173, 825.4813448239173, 825.4813448239173, 825.4813448239173, 825.4813448239173, 825.4813448239173, 825.4813448239173, 825.4813448239173, 825.4813448239173, 825.4813448239173, 825.4813448239173, 825.4813448239173, 825.4813448239173, 825.4813448239173, 825.4813448239173, 825.4813448239173, 825.4813448239173, 825.4813448239173, 825.4813448239173, 825.4813448239173, 825.4813448239173, 825.4813448239173, 825.4813448239173, 825.4813448239173, 825.4813448239173, 825.4813448239173, 825.4813448239173, 825.4813448239173, 825.4813448239173, 825.4813448239173, 825.4813448239173, 825.4813448239173, 825.4813448239173, 825.4813448239173, 825.4813448239173, 825.4813448239173, 825.4813448239173, 825.4813448239173, 825.4813448239173, 825.4813448239173, 825.4813448239173, 825.4813448239173, 825.4813448239173, 825.4813448239173, 825.4813448239173, 825.4813448239173, 825.4813448239173, 825.4813448239173, 825.4813448239173, 825.4813448239173, 825.4813448239173, 825.4813448239173, 825.4813448239173, 825.4813448239173, 825.4813448239173, 825.4813448239173, 825.4813448239173, 825.4813448239173, 825.4813448239173, 825.4813448239173, 825.4813448239173, 825.4813448239173, 825.4813448239173, 825.4813448239173, 825.4813448239173, 825.4813448239173, 825.4813448239173, 825.4813448239173, 825.4813448239173, 825.4813448239173, 825.4813448239173, 825.4813448239173, 825.4813448239173, 825.4813448239173, 825.4813448239173, 825.4813448239173, 825.4813448239173, 825.4813448239173, 825.4813448239173, 825.4813448239173, 825.4813448239173, 825.4813448239173, 825.4813448239173, 825.4813448239173, 825.4813448239173, 825.4813448239173, 825.4813448239173, 825.4813448239173, 825.4813448239173, 825.4813448239173, 825.4813448239173, 825.4813448239173, 825.4813448239173, 825.4813448239173, 825.4813448239173, 825.4813448239173, 825.4813448239173, 825.4813448239173, 825.4813448239173, 825.4813448239173, 825.4813448239173, 825.4813448239173, 825.4813448239173, 825.4813448239173, 825.4813448239173, 825.4813448239173, 825.4813448239173, 825.4813448239173, 825.4813448239173, 825.4813448239173, 825.4813448239173, 825.4813448239173, 825.4813448239173, 825.4813448239173, 825.4813448239173, 825.4813448239173, 825.4813448239173, 825.4813448239173, 825.4813448239173, 825.4813448239173, 825.4813448239173, 825.4813448239173, 825.4813448239173, 825.4813448239173, 825.4813448239173, 825.4813448239173, 825.4813448239173, 825.4813448239173, 825.4813448239173, 825.4813448239173, 825.4813448239173, 825.4813448239173, 825.4813448239173, 825.4813448239173, 825.4813448239173, 825.4813448239173, 825.4813448239173, 825.4813448239173, 825.4813448239173, 825.4813448239173, 825.4813448239173, 825.4813448239173, 825.4813448239173, 825.4813448239173, 825.4813448239173, 825.4813448239173, 825.4813448239173, 825.4813448239173, 825.4813448239173, 825.4813448239173, 825.4813448239173, 825.4813448239173, 825.4813448239173, 825.4813448239173, 825.4813448239173, 825.4813448239173, 825.4813448239173, 825.4813448239173, 825.4813448239173, 825.4813448239173, 825.4813448239173, 825.4813448239173, 825.4813448239173, 825.4813448239173, 825.4813448239173, 825.4813448239173, 825.4813448239173, 825.4813448239173, 825.4813448239173, 825.4813448239173, 825.4813448239173, 825.4813448239173, 825.4813448239173, 825.4813448239173, 825.4813448239173, 825.4813448239173, 825.4813448239173, 825.4813448239173, 825.4813448239173, 825.4813448239173, 825.4813448239173, 825.4813448239173, 825.4813448239173, 825.4813448239173, 825.4813448239173, 825.4813448239173, 825.4813448239173, 825.4813448239173, 825.4813448239173, 825.4813448239173, 825.4813448239173, 825.4813448239173, 825.4813448239173, 825.4813448239173, 825.4813448239173, 825.4813448239173, 825.4813448239173, 825.4813448239173, 825.4813448239173, 825.4813448239173, 825.4813448239173, 825.4813448239173, 825.4813448239173, 825.4813448239173, 825.4813448239173, 825.4813448239173, 825.4813448239173, 825.4813448239173, 825.4813448239173, 825.4813448239173, 825.4813448239173]
Computational time : -0.923000097275