Name : Ahmed ElMousel
Problem : X-n115-k10 
Whale Algorithm 
cost : 830.453653903
Routes : 
1->11->8->27->1
1->26->28->19->22->25->12->17->1
1->2->23->33->14->18->31->30->34->32->20->5->1
1->10->29->13->4->7->24->35->1
1->6->15->3->36->9->16->21->1
best solutions : 
[832.671540007279, 832.671540007279, 832.671540007279, 832.671540007279, 832.671540007279, 832.671540007279, 832.671540007279, 832.671540007279, 832.671540007279, 830.4536539029275, 830.4536539029275, 830.4536539029275, 830.4536539029275, 830.4536539029275, 830.4536539029275, 830.4536539029275, 830.4536539029275, 830.4536539029275, 830.4536539029275, 830.4536539029275, 830.4536539029275, 830.4536539029275, 830.4536539029275, 830.4536539029275, 830.4536539029275, 830.4536539029275, 830.4536539029275, 830.4536539029275, 830.4536539029275, 830.4536539029275, 830.4536539029275, 830.4536539029275, 830.4536539029275, 830.4536539029275, 830.4536539029275, 830.4536539029275, 830.4536539029275, 830.4536539029275, 830.4536539029275, 830.4536539029275, 830.4536539029275, 830.4536539029275, 830.4536539029275, 830.4536539029275, 830.4536539029275, 830.4536539029275, 830.4536539029275, 830.4536539029275, 830.4536539029275, 830.4536539029275, 830.4536539029275, 830.4536539029275, 830.4536539029275, 830.4536539029275, 830.4536539029275, 830.4536539029275, 830.4536539029275, 830.4536539029275, 830.4536539029275, 830.4536539029275, 830.4536539029275, 830.4536539029275, 830.4536539029275, 830.4536539029275, 830.4536539029275, 830.4536539029275, 830.4536539029275, 830.4536539029275, 830.4536539029275, 830.4536539029275, 830.4536539029275, 830.4536539029275, 830.4536539029275, 830.4536539029275, 830.4536539029275, 830.4536539029275, 830.4536539029275, 830.4536539029275, 830.4536539029275, 830.4536539029275, 830.4536539029275, 830.4536539029275, 830.4536539029275, 830.4536539029275, 830.4536539029275, 830.4536539029275, 830.4536539029275, 830.4536539029275, 830.4536539029275, 830.4536539029275, 830.4536539029275, 830.4536539029275, 830.4536539029275, 830.4536539029275, 830.4536539029275, 830.4536539029275, 830.4536539029275, 830.4536539029275, 830.4536539029275, 830.4536539029275, 830.4536539029275, 830.4536539029275, 830.4536539029275, 830.4536539029275, 830.4536539029275, 830.4536539029275, 830.4536539029275, 830.4536539029275, 830.4536539029275, 830.4536539029275, 830.4536539029275, 830.4536539029275, 830.4536539029275, 830.4536539029275, 830.4536539029275, 830.4536539029275, 830.4536539029275, 830.4536539029275, 830.4536539029275, 830.4536539029275, 830.4536539029275, 830.4536539029275, 830.4536539029275, 830.4536539029275, 830.4536539029275, 830.4536539029275, 830.4536539029275, 830.4536539029275, 830.4536539029275, 830.4536539029275, 830.4536539029275, 830.4536539029275, 830.4536539029275, 830.4536539029275, 830.4536539029275, 830.4536539029275, 830.4536539029275, 830.4536539029275, 830.4536539029275, 830.4536539029275, 830.4536539029275, 830.4536539029275, 830.4536539029275, 830.4536539029275, 830.4536539029275, 830.4536539029275, 830.4536539029275, 830.4536539029275, 830.4536539029275, 830.4536539029275, 830.4536539029275, 830.4536539029275, 830.4536539029275, 830.4536539029275, 830.4536539029275, 830.4536539029275, 830.4536539029275, 830.4536539029275, 830.4536539029275, 830.4536539029275, 830.4536539029275, 830.4536539029275, 830.4536539029275, 830.4536539029275, 830.4536539029275, 830.4536539029275, 830.4536539029275, 830.4536539029275, 830.4536539029275, 830.4536539029275, 830.4536539029275, 830.4536539029275, 830.4536539029275, 830.4536539029275, 830.4536539029275, 830.4536539029275]
Computational time : 1.60399985313