Name : Ahmed ElMousel
Problem : X-n190-k8 
Whale Algorithm 
cost : 1871.21951773
Routes : 
1->74->37->54->67->68->39->50->1
1->41->22->8->2->1
1->43->52->4->75->30->14->1
1->11->64->63->24->6->45->13->1
1->59->77->51->33->5->23->46->55->34->78->1
1->18->32->47->26->42->16->65->40->61->1
1->12->25->7->31->79->69->44->17->60->28->1
1->53->29->80->19->49->15->72->1
1->35->3->38->9->62->58->76->1
1->71->73->10->56->57->70->66->36->27->48->20->21->1
best solutions : 
[1915.6082237621222, 1915.6082237621222, 1915.6082237621222, 1915.6082237621222, 1915.6082237621222, 1915.6082237621222, 1915.6082237621222, 1915.6082237621222, 1915.6082237621222, 1915.6082237621222, 1915.6082237621222, 1906.8037150675684, 1906.8037150675684, 1906.8037150675684, 1906.8037150675684, 1906.8037150675684, 1906.8037150675684, 1906.8037150675684, 1906.8037150675684, 1906.8037150675684, 1906.8037150675684, 1906.8037150675684, 1906.8037150675684, 1906.8037150675684, 1906.8037150675684, 1906.8037150675684, 1906.8037150675684, 1906.8037150675684, 1906.8037150675684, 1906.8037150675684, 1906.8037150675684, 1906.8037150675684, 1906.8037150675684, 1906.8037150675684, 1906.8037150675684, 1906.8037150675684, 1906.8037150675684, 1906.8037150675684, 1906.8037150675684, 1906.8037150675684, 1906.8037150675684, 1906.8037150675684, 1906.8037150675684, 1906.8037150675684, 1906.8037150675684, 1906.8037150675684, 1905.079099974715, 1905.079099974715, 1905.079099974715, 1905.079099974715, 1905.079099974715, 1905.079099974715, 1905.079099974715, 1905.079099974715, 1905.079099974715, 1905.079099974715, 1905.079099974715, 1905.079099974715, 1905.079099974715, 1905.079099974715, 1905.079099974715, 1905.079099974715, 1905.079099974715, 1905.079099974715, 1905.079099974715, 1905.079099974715, 1905.079099974715, 1905.079099974715, 1905.079099974715, 1905.079099974715, 1905.079099974715, 1905.079099974715, 1905.079099974715, 1905.079099974715, 1905.079099974715, 1905.079099974715, 1905.079099974715, 1902.460694291689, 1902.460694291689, 1902.460694291689, 1902.460694291689, 1902.460694291689, 1902.460694291689, 1902.460694291689, 1902.460694291689, 1902.460694291689, 1902.460694291689, 1902.460694291689, 1902.460694291689, 1902.460694291689, 1902.460694291689, 1902.460694291689, 1902.460694291689, 1902.460694291689, 1902.460694291689, 1902.460694291689, 1902.460694291689, 1902.460694291689, 1902.460694291689, 1902.460694291689, 1902.460694291689, 1902.460694291689, 1902.460694291689, 1902.460694291689, 1902.460694291689, 1902.460694291689, 1902.460694291689, 1902.460694291689, 1902.460694291689, 1902.460694291689, 1902.460694291689, 1902.460694291689, 1902.460694291689, 1902.460694291689, 1902.460694291689, 1902.460694291689, 1902.460694291689, 1902.460694291689, 1902.460694291689, 1902.460694291689, 1902.460694291689, 1902.460694291689, 1902.460694291689, 1902.460694291689, 1902.460694291689, 1902.460694291689, 1902.460694291689, 1902.460694291689, 1902.460694291689, 1902.460694291689, 1902.460694291689, 1902.460694291689, 1902.460694291689, 1902.460694291689, 1902.460694291689, 1902.460694291689, 1902.460694291689, 1902.460694291689, 1902.460694291689, 1902.460694291689, 1902.460694291689, 1902.460694291689, 1902.460694291689, 1902.460694291689, 1902.460694291689, 1902.460694291689, 1902.460694291689, 1902.460694291689, 1902.460694291689, 1902.460694291689, 1902.460694291689, 1902.460694291689, 1902.460694291689, 1902.460694291689, 1902.460694291689, 1902.460694291689, 1902.460694291689, 1902.460694291689, 1902.460694291689, 1902.460694291689, 1902.460694291689, 1902.460694291689, 1902.460694291689, 1902.460694291689, 1902.460694291689, 1902.460694291689, 1902.460694291689, 1902.460694291689, 1902.460694291689, 1902.460694291689, 1902.460694291689, 1902.460694291689, 1902.460694291689, 1902.460694291689, 1902.460694291689, 1902.460694291689, 1902.460694291689, 1902.460694291689, 1902.460694291689, 1902.460694291689, 1902.460694291689, 1902.460694291689, 1902.460694291689, 1902.460694291689, 1902.460694291689, 1902.460694291689, 1902.460694291689, 1902.460694291689, 1902.460694291689, 1902.460694291689, 1902.460694291689, 1902.460694291689, 1902.460694291689, 1902.460694291689, 1902.460694291689, 1902.460694291689, 1902.460694291689, 1902.460694291689, 1902.460694291689, 1902.460694291689, 1902.460694291689, 1902.460694291689, 1902.460694291689, 1902.460694291689, 1902.460694291689, 1902.460694291689, 1902.460694291689, 1902.460694291689, 1902.460694291689, 1902.460694291689, 1902.460694291689, 1902.460694291689, 1902.460694291689, 1902.460694291689, 1902.460694291689, 1902.460694291689, 1902.460694291689, 1902.460694291689, 1902.460694291689, 1902.460694291689, 1902.460694291689, 1902.460694291689, 1902.460694291689, 1902.460694291689, 1902.460694291689, 1902.460694291689, 1902.460694291689, 1894.561585193705, 1894.561585193705, 1894.561585193705, 1894.561585193705, 1894.561585193705, 1894.561585193705, 1894.561585193705, 1894.561585193705, 1894.561585193705, 1894.561585193705, 1894.561585193705, 1894.561585193705, 1894.561585193705, 1894.561585193705, 1894.561585193705, 1894.561585193705, 1894.561585193705, 1894.561585193705, 1894.561585193705, 1894.561585193705, 1894.561585193705, 1894.561585193705, 1894.561585193705, 1894.561585193705, 1888.3406448318492, 1888.3406448318492, 1888.3406448318492, 1888.3406448318492, 1888.3406448318492, 1888.3406448318492, 1877.1057310822318, 1877.1057310822318, 1877.1057310822318, 1877.1057310822318, 1877.1057310822318, 1877.1057310822318, 1877.1057310822318, 1877.1057310822318, 1877.1057310822318, 1877.1057310822318, 1877.1057310822318, 1877.1057310822318, 1876.9447474310018, 1876.9447474310018, 1876.9447474310018, 1876.9447474310018, 1876.9447474310018, 1876.9447474310018, 1876.9447474310018, 1876.9447474310018, 1876.9447474310018, 1876.9447474310018, 1876.9447474310018, 1876.9447474310018, 1876.9447474310018, 1876.9447474310018, 1876.2346014582827, 1876.2346014582827, 1876.2346014582827, 1876.2346014582827, 1873.3013804643615, 1873.3013804643615, 1872.7522181428724, 1872.7522181428724, 1872.7522181428724, 1872.7522181428724, 1872.7522181428724, 1872.7522181428724, 1872.7522181428724, 1872.7522181428724, 1872.7522181428724, 1872.7522181428724, 1872.7522181428724, 1872.7522181428724, 1872.7522181428724, 1872.7522181428724, 1872.7522181428724, 1872.7522181428724, 1872.7522181428724, 1872.7522181428724, 1872.7522181428724, 1872.7522181428724, 1872.7522181428724, 1872.7522181428724, 1872.7522181428724, 1872.7522181428724, 1872.7522181428724, 1872.7522181428724, 1872.7522181428724, 1872.7522181428724, 1872.7522181428724, 1872.7522181428724, 1872.7522181428724, 1872.7522181428724, 1872.7522181428724, 1872.7522181428724, 1872.7522181428724, 1872.7522181428724, 1872.7522181428724, 1872.7522181428724, 1872.7522181428724, 1872.7522181428724, 1872.7522181428724, 1872.7522181428724, 1872.7522181428724, 1872.7522181428724, 1872.7522181428724, 1872.7522181428724, 1872.7522181428724, 1872.7522181428724, 1872.7522181428724, 1872.7522181428724, 1872.7522181428724, 1872.7522181428724, 1872.7522181428724, 1872.7522181428724, 1872.7522181428724, 1872.7522181428724, 1872.7522181428724, 1872.7522181428724, 1872.7522181428724, 1872.7522181428724, 1872.7522181428724, 1872.7522181428724, 1872.7522181428724, 1872.7522181428724, 1872.7522181428724, 1872.7522181428724, 1872.7522181428724, 1872.7522181428724, 1872.7522181428724, 1872.7522181428724, 1872.7522181428724, 1872.7522181428724, 1872.7522181428724, 1872.7522181428724, 1872.7522181428724, 1872.7522181428724, 1872.7522181428724, 1872.7522181428724, 1872.7522181428724, 1872.7522181428724, 1872.7522181428724, 1872.7522181428724, 1872.7522181428724, 1872.7522181428724, 1872.7522181428724, 1872.7522181428724, 1872.7522181428724, 1872.7522181428724, 1872.7522181428724, 1872.7522181428724, 1872.7522181428724, 1872.4412326453694, 1872.4412326453694, 1872.4412326453694, 1872.4412326453694, 1872.4412326453694, 1872.4412326453694, 1872.4412326453694, 1872.4412326453694, 1872.4412326453694, 1872.4412326453694, 1872.4412326453694, 1872.4412326453694, 1872.4412326453694, 1872.4412326453694, 1872.4412326453694, 1872.4412326453694, 1872.4412326453694, 1872.4412326453694, 1872.4412326453694, 1872.4412326453694, 1872.4412326453694, 1872.4412326453694, 1872.4412326453694, 1872.4412326453694, 1872.4412326453694, 1872.4412326453694, 1872.4412326453694, 1872.4412326453694, 1872.4412326453694, 1872.4412326453694, 1872.4412326453694, 1872.4412326453694, 1872.4412326453694, 1872.4412326453694, 1872.4412326453694, 1872.4412326453694, 1872.4412326453694, 1872.4412326453694, 1872.4412326453694, 1872.4412326453694, 1872.4412326453694, 1872.4412326453694, 1872.4412326453694, 1872.4412326453694, 1872.4412326453694, 1872.4412326453694, 1872.4412326453694, 1872.4412326453694, 1872.4412326453694, 1872.4412326453694, 1872.4412326453694, 1872.4412326453694, 1872.4412326453694, 1872.4412326453694, 1872.4412326453694, 1872.4412326453694, 1872.4412326453694, 1872.4412326453694, 1872.4412326453694, 1872.4412326453694, 1872.4412326453694, 1872.4412326453694, 1872.4412326453694, 1872.4412326453694, 1872.4412326453694, 1872.4412326453694, 1872.4412326453694, 1872.4412326453694, 1872.4412326453694, 1872.4412326453694, 1872.4412326453694, 1872.4412326453694, 1872.4412326453694, 1872.4412326453694, 1872.4412326453694, 1872.4412326453694, 1872.4412326453694, 1872.4412326453694, 1872.4412326453694, 1872.4412326453694, 1872.4412326453694, 1872.4412326453694, 1872.4412326453694, 1872.4412326453694, 1872.4412326453694, 1872.4412326453694, 1872.4412326453694, 1872.4412326453694, 1872.4412326453694, 1872.4412326453694, 1872.4412326453694, 1872.4412326453694, 1872.4412326453694, 1872.4412326453694, 1872.4412326453694, 1872.4412326453694, 1872.4412326453694, 1872.4412326453694, 1872.4412326453694, 1872.4412326453694, 1872.4412326453694, 1872.4412326453694, 1872.4412326453694, 1872.4412326453694, 1872.4412326453694, 1872.4412326453694, 1872.4412326453694, 1872.4412326453694, 1872.4412326453694, 1872.4412326453694, 1872.4412326453694, 1872.4412326453694, 1872.4412326453694, 1872.4412326453694, 1872.4412326453694, 1872.4412326453694, 1872.4412326453694, 1872.4412326453694, 1872.4412326453694, 1872.4412326453694, 1872.4412326453694, 1872.4412326453694, 1872.4412326453694, 1872.4412326453694, 1872.4412326453694, 1872.4412326453694, 1872.4412326453694, 1872.4412326453694, 1872.4412326453694, 1872.4412326453694, 1872.4412326453694, 1872.4412326453694, 1872.4412326453694, 1872.4412326453694, 1872.4412326453694, 1872.4412326453694, 1872.4412326453694, 1872.4412326453694, 1872.4412326453694, 1872.4412326453694, 1872.4412326453694, 1872.4412326453694, 1872.4412326453694, 1872.4412326453694, 1872.4412326453694, 1872.4412326453694, 1872.4412326453694, 1872.4412326453694, 1872.4412326453694, 1872.4412326453694, 1872.4412326453694, 1872.4412326453694, 1872.4412326453694, 1872.4412326453694, 1872.4412326453694, 1872.4412326453694, 1872.4412326453694, 1872.4412326453694, 1872.4412326453694, 1872.4412326453694, 1872.4412326453694, 1872.4412326453694, 1871.3805013795409, 1871.3805013795409, 1871.3805013795409, 1871.3805013795409, 1871.3805013795409, 1871.3805013795409, 1871.3805013795409, 1871.3805013795409, 1871.3805013795409, 1871.3805013795409, 1871.3805013795409, 1871.3805013795409, 1871.3805013795409, 1871.3805013795409, 1871.3805013795409, 1871.3805013795409, 1871.3805013795409, 1871.3805013795409, 1871.3805013795409, 1871.3805013795409, 1871.3805013795409, 1871.3805013795409, 1871.3805013795409, 1871.3805013795409, 1871.3805013795409, 1871.3805013795409, 1871.3805013795409, 1871.3805013795409, 1871.3805013795409, 1871.3805013795409, 1871.3805013795409, 1871.3805013795409, 1871.3805013795409, 1871.3805013795409, 1871.3805013795409, 1871.3805013795409, 1871.3805013795409, 1871.3805013795409, 1871.3805013795409, 1871.3805013795409, 1871.3805013795409, 1871.3805013795409, 1871.3805013795409, 1871.3805013795409, 1871.3805013795409, 1871.3805013795409, 1871.3805013795409, 1871.3805013795409, 1871.3805013795409, 1871.3805013795409, 1871.3805013795409, 1871.3805013795409, 1871.3805013795409, 1871.3805013795409, 1871.3805013795409, 1871.3805013795409, 1871.3805013795409, 1871.3805013795409, 1871.3805013795409, 1871.3805013795409, 1871.3805013795409, 1871.3805013795409, 1871.3805013795409, 1871.3805013795409, 1871.3805013795409, 1871.3805013795409, 1871.3805013795409, 1871.3805013795409, 1871.3805013795409, 1871.3805013795409, 1871.3805013795409, 1871.3805013795409, 1871.3805013795409, 1871.3805013795409, 1871.3805013795409, 1871.3805013795409, 1871.3805013795409, 1871.3805013795409, 1871.3805013795409, 1871.3805013795409, 1871.3805013795409, 1871.3805013795409, 1871.3805013795409, 1871.3805013795409, 1871.3805013795409, 1871.3805013795409, 1871.3805013795409, 1871.3805013795409, 1871.3805013795409, 1871.3805013795409, 1871.3805013795409, 1871.3805013795409, 1871.3805013795409, 1871.3805013795409, 1871.3805013795409, 1871.3805013795409, 1871.3805013795409, 1871.3805013795409, 1871.3805013795409, 1871.3805013795409, 1871.3805013795409, 1871.3805013795409, 1871.3805013795409, 1871.3805013795409, 1871.3805013795409, 1871.3805013795409, 1871.3805013795409, 1871.3805013795409, 1871.3805013795409, 1871.3805013795409, 1871.3805013795409, 1871.3805013795409, 1871.3805013795409, 1871.3805013795409, 1871.3805013795409, 1871.3805013795409, 1871.3805013795409, 1871.3805013795409, 1871.3805013795409, 1871.3805013795409, 1871.3805013795409, 1871.3805013795409, 1871.3805013795409, 1871.3805013795409, 1871.3805013795409, 1871.3805013795409, 1871.3805013795409, 1871.3805013795409, 1871.3805013795409, 1871.3805013795409, 1871.3805013795409, 1871.3805013795409, 1871.3805013795409, 1871.3805013795409, 1871.3805013795409, 1871.3805013795409, 1871.3805013795409, 1871.3805013795409, 1871.3805013795409, 1871.3805013795409, 1871.3805013795409, 1871.3805013795409, 1871.3805013795409, 1871.3805013795409, 1871.3805013795409, 1871.3805013795409, 1871.3805013795409, 1871.3805013795409, 1871.3805013795409, 1871.3805013795409, 1871.3805013795409, 1871.3805013795409, 1871.3805013795409, 1871.3805013795409, 1871.3805013795409, 1871.3805013795409, 1871.3805013795409, 1871.3805013795409, 1871.3805013795409, 1871.3805013795409, 1871.3805013795409, 1871.3805013795409, 1871.3805013795409, 1871.3805013795409, 1871.3805013795409, 1871.3805013795409, 1871.3805013795409, 1871.3805013795409, 1871.3805013795409, 1871.3805013795409, 1871.3805013795409, 1871.3805013795409, 1871.3805013795409, 1871.3805013795409, 1871.3805013795409, 1871.3805013795409, 1871.3805013795409, 1871.3805013795409, 1871.3805013795409, 1871.3805013795409, 1871.3805013795409, 1871.3805013795409, 1871.3805013795409, 1871.3805013795409, 1871.3805013795409, 1871.3805013795409, 1871.3805013795409, 1871.3805013795409, 1871.3805013795409, 1871.3805013795409, 1871.3805013795409, 1871.3805013795409, 1871.3805013795409, 1871.3805013795409, 1871.3805013795409, 1871.3805013795409, 1871.3805013795409, 1871.3805013795409, 1871.3805013795409, 1871.3805013795409, 1871.3805013795409, 1871.3805013795409, 1871.3805013795409, 1871.3805013795409, 1871.3805013795409, 1871.3805013795409, 1871.3805013795409, 1871.3805013795409, 1871.3805013795409, 1871.3805013795409, 1871.3805013795409, 1871.3805013795409, 1871.3805013795409, 1871.3805013795409, 1871.3805013795409, 1871.3805013795409, 1871.3805013795409, 1871.3805013795409, 1871.3805013795409, 1871.3805013795409, 1871.3805013795409, 1871.3805013795409, 1871.3805013795409, 1871.3805013795409, 1871.3805013795409, 1871.3805013795409, 1871.3805013795409, 1871.3805013795409, 1871.3805013795409, 1871.3805013795409, 1871.3805013795409, 1871.3805013795409, 1871.3805013795409, 1871.3805013795409, 1871.3805013795409, 1871.3805013795409, 1871.3805013795409, 1871.3805013795409, 1871.3805013795409, 1871.3805013795409, 1871.3805013795409, 1871.3805013795409, 1871.3805013795409, 1871.3805013795409, 1871.3805013795409, 1871.2195177283108, 1871.2195177283108, 1871.2195177283108, 1871.2195177283108, 1871.2195177283108, 1871.2195177283108, 1871.2195177283108, 1871.2195177283108, 1871.2195177283108, 1871.2195177283108, 1871.2195177283108, 1871.2195177283108, 1871.2195177283108, 1871.2195177283108, 1871.2195177283108, 1871.2195177283108, 1871.2195177283108, 1871.2195177283108, 1871.2195177283108, 1871.2195177283108, 1871.2195177283108, 1871.2195177283108, 1871.2195177283108, 1871.2195177283108, 1871.2195177283108, 1871.2195177283108, 1871.2195177283108, 1871.2195177283108, 1871.2195177283108, 1871.2195177283108, 1871.2195177283108, 1871.2195177283108, 1871.2195177283108, 1871.2195177283108, 1871.2195177283108, 1871.2195177283108, 1871.2195177283108, 1871.2195177283108, 1871.2195177283108, 1871.2195177283108, 1871.2195177283108, 1871.2195177283108, 1871.2195177283108, 1871.2195177283108, 1871.2195177283108, 1871.2195177283108, 1871.2195177283108, 1871.2195177283108, 1871.2195177283108, 1871.2195177283108, 1871.2195177283108, 1871.2195177283108, 1871.2195177283108, 1871.2195177283108, 1871.2195177283108, 1871.2195177283108, 1871.2195177283108, 1871.2195177283108, 1871.2195177283108, 1871.2195177283108, 1871.2195177283108, 1871.2195177283108, 1871.2195177283108, 1871.2195177283108, 1871.2195177283108, 1871.2195177283108, 1871.2195177283108, 1871.2195177283108, 1871.2195177283108, 1871.2195177283108, 1871.2195177283108, 1871.2195177283108, 1871.2195177283108, 1871.2195177283108, 1871.2195177283108, 1871.2195177283108, 1871.2195177283108, 1871.2195177283108, 1871.2195177283108, 1871.2195177283108, 1871.2195177283108, 1871.2195177283108, 1871.2195177283108, 1871.2195177283108, 1871.2195177283108, 1871.2195177283108, 1871.2195177283108, 1871.2195177283108, 1871.2195177283108, 1871.2195177283108, 1871.2195177283108, 1871.2195177283108, 1871.2195177283108, 1871.2195177283108, 1871.2195177283108, 1871.2195177283108, 1871.2195177283108, 1871.2195177283108, 1871.2195177283108, 1871.2195177283108, 1871.2195177283108, 1871.2195177283108, 1871.2195177283108, 1871.2195177283108, 1871.2195177283108, 1871.2195177283108, 1871.2195177283108, 1871.2195177283108, 1871.2195177283108, 1871.2195177283108, 1871.2195177283108, 1871.2195177283108, 1871.2195177283108, 1871.2195177283108, 1871.2195177283108, 1871.2195177283108, 1871.2195177283108, 1871.2195177283108, 1871.2195177283108, 1871.2195177283108, 1871.2195177283108, 1871.2195177283108, 1871.2195177283108, 1871.2195177283108, 1871.2195177283108, 1871.2195177283108, 1871.2195177283108, 1871.2195177283108, 1871.2195177283108, 1871.2195177283108, 1871.2195177283108, 1871.2195177283108, 1871.2195177283108, 1871.2195177283108, 1871.2195177283108, 1871.2195177283108, 1871.2195177283108, 1871.2195177283108, 1871.2195177283108, 1871.2195177283108, 1871.2195177283108, 1871.2195177283108, 1871.2195177283108, 1871.2195177283108, 1871.2195177283108, 1871.2195177283108, 1871.2195177283108, 1871.2195177283108, 1871.2195177283108, 1871.2195177283108, 1871.2195177283108, 1871.2195177283108, 1871.2195177283108, 1871.2195177283108, 1871.2195177283108, 1871.2195177283108, 1871.2195177283108, 1871.2195177283108, 1871.2195177283108, 1871.2195177283108, 1871.2195177283108, 1871.2195177283108, 1871.2195177283108, 1871.2195177283108, 1871.2195177283108, 1871.2195177283108, 1871.2195177283108, 1871.2195177283108, 1871.2195177283108, 1871.2195177283108, 1871.2195177283108, 1871.2195177283108, 1871.2195177283108, 1871.2195177283108, 1871.2195177283108, 1871.2195177283108, 1871.2195177283108, 1871.2195177283108, 1871.2195177283108, 1871.2195177283108, 1871.2195177283108, 1871.2195177283108, 1871.2195177283108, 1871.2195177283108, 1871.2195177283108, 1871.2195177283108, 1871.2195177283108, 1871.2195177283108, 1871.2195177283108, 1871.2195177283108, 1871.2195177283108, 1871.2195177283108, 1871.2195177283108, 1871.2195177283108, 1871.2195177283108, 1871.2195177283108, 1871.2195177283108, 1871.2195177283108, 1871.2195177283108, 1871.2195177283108, 1871.2195177283108, 1871.2195177283108, 1871.2195177283108, 1871.2195177283108, 1871.2195177283108, 1871.2195177283108, 1871.2195177283108, 1871.2195177283108, 1871.2195177283108, 1871.2195177283108, 1871.2195177283108, 1871.2195177283108, 1871.2195177283108, 1871.2195177283108, 1871.2195177283108, 1871.2195177283108, 1871.2195177283108, 1871.2195177283108, 1871.2195177283108, 1871.2195177283108, 1871.2195177283108, 1871.2195177283108, 1871.2195177283108, 1871.2195177283108, 1871.2195177283108, 1871.2195177283108, 1871.2195177283108, 1871.2195177283108, 1871.2195177283108, 1871.2195177283108, 1871.2195177283108, 1871.2195177283108, 1871.2195177283108, 1871.2195177283108, 1871.2195177283108, 1871.2195177283108, 1871.2195177283108, 1871.2195177283108, 1871.2195177283108, 1871.2195177283108, 1871.2195177283108, 1871.2195177283108, 1871.2195177283108, 1871.2195177283108, 1871.2195177283108, 1871.2195177283108, 1871.2195177283108, 1871.2195177283108, 1871.2195177283108, 1871.2195177283108, 1871.2195177283108, 1871.2195177283108, 1871.2195177283108, 1871.2195177283108, 1871.2195177283108, 1871.2195177283108, 1871.2195177283108, 1871.2195177283108, 1871.2195177283108, 1871.2195177283108, 1871.2195177283108, 1871.2195177283108, 1871.2195177283108, 1871.2195177283108, 1871.2195177283108, 1871.2195177283108, 1871.2195177283108, 1871.2195177283108, 1871.2195177283108, 1871.2195177283108, 1871.2195177283108, 1871.2195177283108, 1871.2195177283108, 1871.2195177283108, 1871.2195177283108, 1871.2195177283108, 1871.2195177283108, 1871.2195177283108, 1871.2195177283108, 1871.2195177283108, 1871.2195177283108, 1871.2195177283108, 1871.2195177283108, 1871.2195177283108, 1871.2195177283108, 1871.2195177283108, 1871.2195177283108, 1871.2195177283108, 1871.2195177283108, 1871.2195177283108, 1871.2195177283108, 1871.2195177283108, 1871.2195177283108, 1871.2195177283108, 1871.2195177283108, 1871.2195177283108, 1871.2195177283108, 1871.2195177283108, 1871.2195177283108, 1871.2195177283108, 1871.2195177283108, 1871.2195177283108, 1871.2195177283108, 1871.2195177283108, 1871.2195177283108, 1871.2195177283108, 1871.2195177283108, 1871.2195177283108, 1871.2195177283108, 1871.2195177283108, 1871.2195177283108, 1871.2195177283108, 1871.2195177283108, 1871.2195177283108, 1871.2195177283108, 1871.2195177283108, 1871.2195177283108, 1871.2195177283108, 1871.2195177283108, 1871.2195177283108, 1871.2195177283108, 1871.2195177283108, 1871.2195177283108, 1871.2195177283108, 1871.2195177283108, 1871.2195177283108, 1871.2195177283108, 1871.2195177283108, 1871.2195177283108, 1871.2195177283108, 1871.2195177283108, 1871.2195177283108, 1871.2195177283108, 1871.2195177283108, 1871.2195177283108, 1871.2195177283108, 1871.2195177283108, 1871.2195177283108, 1871.2195177283108, 1871.2195177283108, 1871.2195177283108, 1871.2195177283108, 1871.2195177283108, 1871.2195177283108, 1871.2195177283108, 1871.2195177283108, 1871.2195177283108, 1871.2195177283108, 1871.2195177283108, 1871.2195177283108, 1871.2195177283108, 1871.2195177283108, 1871.2195177283108, 1871.2195177283108, 1871.2195177283108, 1871.2195177283108, 1871.2195177283108, 1871.2195177283108, 1871.2195177283108, 1871.2195177283108, 1871.2195177283108, 1871.2195177283108, 1871.2195177283108, 1871.2195177283108, 1871.2195177283108, 1871.2195177283108, 1871.2195177283108, 1871.2195177283108, 1871.2195177283108, 1871.2195177283108, 1871.2195177283108, 1871.2195177283108, 1871.2195177283108, 1871.2195177283108, 1871.2195177283108, 1871.2195177283108, 1871.2195177283108, 1871.2195177283108, 1871.2195177283108, 1871.2195177283108, 1871.2195177283108, 1871.2195177283108, 1871.2195177283108, 1871.2195177283108, 1871.2195177283108, 1871.2195177283108, 1871.2195177283108, 1871.2195177283108, 1871.2195177283108, 1871.2195177283108, 1871.2195177283108, 1871.2195177283108, 1871.2195177283108, 1871.2195177283108, 1871.2195177283108, 1871.2195177283108, 1871.2195177283108, 1871.2195177283108, 1871.2195177283108, 1871.2195177283108, 1871.2195177283108, 1871.2195177283108, 1871.2195177283108, 1871.2195177283108, 1871.2195177283108, 1871.2195177283108, 1871.2195177283108, 1871.2195177283108, 1871.2195177283108, 1871.2195177283108, 1871.2195177283108, 1871.2195177283108, 1871.2195177283108, 1871.2195177283108, 1871.2195177283108, 1871.2195177283108, 1871.2195177283108, 1871.2195177283108, 1871.2195177283108, 1871.2195177283108, 1871.2195177283108, 1871.2195177283108, 1871.2195177283108, 1871.2195177283108, 1871.2195177283108, 1871.2195177283108, 1871.2195177283108, 1871.2195177283108, 1871.2195177283108, 1871.2195177283108, 1871.2195177283108, 1871.2195177283108, 1871.2195177283108, 1871.2195177283108, 1871.2195177283108, 1871.2195177283108, 1871.2195177283108, 1871.2195177283108, 1871.2195177283108, 1871.2195177283108, 1871.2195177283108, 1871.2195177283108, 1871.2195177283108, 1871.2195177283108, 1871.2195177283108, 1871.2195177283108, 1871.2195177283108, 1871.2195177283108, 1871.2195177283108, 1871.2195177283108, 1871.2195177283108, 1871.2195177283108, 1871.2195177283108, 1871.2195177283108, 1871.2195177283108, 1871.2195177283108, 1871.2195177283108, 1871.2195177283108, 1871.2195177283108, 1871.2195177283108, 1871.2195177283108, 1871.2195177283108, 1871.2195177283108, 1871.2195177283108, 1871.2195177283108, 1871.2195177283108, 1871.2195177283108, 1871.2195177283108, 1871.2195177283108, 1871.2195177283108, 1871.2195177283108, 1871.2195177283108, 1871.2195177283108, 1871.2195177283108, 1871.2195177283108, 1871.2195177283108, 1871.2195177283108, 1871.2195177283108, 1871.2195177283108, 1871.2195177283108, 1871.2195177283108, 1871.2195177283108, 1871.2195177283108, 1871.2195177283108, 1871.2195177283108, 1871.2195177283108, 1871.2195177283108, 1871.2195177283108, 1871.2195177283108, 1871.2195177283108, 1871.2195177283108, 1871.2195177283108, 1871.2195177283108, 1871.2195177283108, 1871.2195177283108, 1871.2195177283108, 1871.2195177283108, 1871.2195177283108, 1871.2195177283108, 1871.2195177283108, 1871.2195177283108, 1871.2195177283108, 1871.2195177283108, 1871.2195177283108, 1871.2195177283108, 1871.2195177283108, 1871.2195177283108, 1871.2195177283108, 1871.2195177283108, 1871.2195177283108, 1871.2195177283108, 1871.2195177283108, 1871.2195177283108, 1871.2195177283108, 1871.2195177283108, 1871.2195177283108, 1871.2195177283108, 1871.2195177283108, 1871.2195177283108, 1871.2195177283108, 1871.2195177283108, 1871.2195177283108, 1871.2195177283108, 1871.2195177283108, 1871.2195177283108, 1871.2195177283108, 1871.2195177283108, 1871.2195177283108, 1871.2195177283108, 1871.2195177283108, 1871.2195177283108, 1871.2195177283108, 1871.2195177283108, 1871.2195177283108, 1871.2195177283108, 1871.2195177283108, 1871.2195177283108, 1871.2195177283108, 1871.2195177283108, 1871.2195177283108, 1871.2195177283108, 1871.2195177283108, 1871.2195177283108, 1871.2195177283108, 1871.2195177283108, 1871.2195177283108, 1871.2195177283108, 1871.2195177283108, 1871.2195177283108, 1871.2195177283108, 1871.2195177283108, 1871.2195177283108, 1871.2195177283108, 1871.2195177283108, 1871.2195177283108, 1871.2195177283108, 1871.2195177283108, 1871.2195177283108, 1871.2195177283108, 1871.2195177283108, 1871.2195177283108, 1871.2195177283108, 1871.2195177283108, 1871.2195177283108, 1871.2195177283108, 1871.2195177283108, 1871.2195177283108, 1871.2195177283108, 1871.2195177283108, 1871.2195177283108, 1871.2195177283108, 1871.2195177283108, 1871.2195177283108, 1871.2195177283108, 1871.2195177283108, 1871.2195177283108, 1871.2195177283108, 1871.2195177283108, 1871.2195177283108, 1871.2195177283108, 1871.2195177283108, 1871.2195177283108, 1871.2195177283108, 1871.2195177283108, 1871.2195177283108, 1871.2195177283108, 1871.2195177283108, 1871.2195177283108, 1871.2195177283108, 1871.2195177283108, 1871.2195177283108, 1871.2195177283108, 1871.2195177283108, 1871.2195177283108, 1871.2195177283108, 1871.2195177283108, 1871.2195177283108, 1871.2195177283108, 1871.2195177283108, 1871.2195177283108, 1871.2195177283108, 1871.2195177283108, 1871.2195177283108, 1871.2195177283108, 1871.2195177283108, 1871.2195177283108, 1871.2195177283108, 1871.2195177283108, 1871.2195177283108, 1871.2195177283108, 1871.2195177283108, 1871.2195177283108, 1871.2195177283108, 1871.2195177283108, 1871.2195177283108, 1871.2195177283108, 1871.2195177283108, 1871.2195177283108, 1871.2195177283108, 1871.2195177283108, 1871.2195177283108, 1871.2195177283108, 1871.2195177283108, 1871.2195177283108, 1871.2195177283108, 1871.2195177283108, 1871.2195177283108, 1871.2195177283108, 1871.2195177283108, 1871.2195177283108, 1871.2195177283108, 1871.2195177283108, 1871.2195177283108, 1871.2195177283108, 1871.2195177283108, 1871.2195177283108, 1871.2195177283108, 1871.2195177283108, 1871.2195177283108, 1871.2195177283108, 1871.2195177283108, 1871.2195177283108, 1871.2195177283108, 1871.2195177283108, 1871.2195177283108, 1871.2195177283108, 1871.2195177283108, 1871.2195177283108, 1871.2195177283108, 1871.2195177283108, 1871.2195177283108, 1871.2195177283108, 1871.2195177283108, 1871.2195177283108, 1871.2195177283108, 1871.2195177283108, 1871.2195177283108, 1871.2195177283108, 1871.2195177283108, 1871.2195177283108, 1871.2195177283108, 1871.2195177283108, 1871.2195177283108, 1871.2195177283108, 1871.2195177283108, 1871.2195177283108, 1871.2195177283108, 1871.2195177283108, 1871.2195177283108, 1871.2195177283108, 1871.2195177283108, 1871.2195177283108, 1871.2195177283108, 1871.2195177283108, 1871.2195177283108, 1871.2195177283108, 1871.2195177283108, 1871.2195177283108, 1871.2195177283108, 1871.2195177283108, 1871.2195177283108, 1871.2195177283108, 1871.2195177283108, 1871.2195177283108, 1871.2195177283108, 1871.2195177283108, 1871.2195177283108, 1871.2195177283108, 1871.2195177283108, 1871.2195177283108, 1871.2195177283108, 1871.2195177283108, 1871.2195177283108, 1871.2195177283108, 1871.2195177283108, 1871.2195177283108, 1871.2195177283108, 1871.2195177283108, 1871.2195177283108, 1871.2195177283108, 1871.2195177283108, 1871.2195177283108, 1871.2195177283108, 1871.2195177283108, 1871.2195177283108, 1871.2195177283108, 1871.2195177283108, 1871.2195177283108, 1871.2195177283108, 1871.2195177283108, 1871.2195177283108, 1871.2195177283108, 1871.2195177283108, 1871.2195177283108, 1871.2195177283108, 1871.2195177283108, 1871.2195177283108, 1871.2195177283108, 1871.2195177283108, 1871.2195177283108, 1871.2195177283108, 1871.2195177283108, 1871.2195177283108, 1871.2195177283108, 1871.2195177283108, 1871.2195177283108, 1871.2195177283108, 1871.2195177283108, 1871.2195177283108, 1871.2195177283108, 1871.2195177283108, 1871.2195177283108, 1871.2195177283108, 1871.2195177283108, 1871.2195177283108, 1871.2195177283108, 1871.2195177283108, 1871.2195177283108, 1871.2195177283108, 1871.2195177283108, 1871.2195177283108, 1871.2195177283108, 1871.2195177283108, 1871.2195177283108, 1871.2195177283108, 1871.2195177283108, 1871.2195177283108, 1871.2195177283108, 1871.2195177283108, 1871.2195177283108, 1871.2195177283108, 1871.2195177283108, 1871.2195177283108, 1871.2195177283108, 1871.2195177283108, 1871.2195177283108, 1871.2195177283108, 1871.2195177283108, 1871.2195177283108, 1871.2195177283108, 1871.2195177283108, 1871.2195177283108, 1871.2195177283108, 1871.2195177283108, 1871.2195177283108, 1871.2195177283108, 1871.2195177283108, 1871.2195177283108, 1871.2195177283108, 1871.2195177283108, 1871.2195177283108, 1871.2195177283108, 1871.2195177283108, 1871.2195177283108, 1871.2195177283108, 1871.2195177283108, 1871.2195177283108, 1871.2195177283108, 1871.2195177283108, 1871.2195177283108, 1871.2195177283108, 1871.2195177283108, 1871.2195177283108, 1871.2195177283108, 1871.2195177283108, 1871.2195177283108, 1871.2195177283108, 1871.2195177283108, 1871.2195177283108, 1871.2195177283108, 1871.2195177283108, 1871.2195177283108, 1871.2195177283108, 1871.2195177283108, 1871.2195177283108, 1871.2195177283108, 1871.2195177283108, 1871.2195177283108, 1871.2195177283108, 1871.2195177283108, 1871.2195177283108, 1871.2195177283108, 1871.2195177283108, 1871.2195177283108, 1871.2195177283108, 1871.2195177283108, 1871.2195177283108, 1871.2195177283108, 1871.2195177283108, 1871.2195177283108, 1871.2195177283108, 1871.2195177283108, 1871.2195177283108, 1871.2195177283108, 1871.2195177283108, 1871.2195177283108, 1871.2195177283108, 1871.2195177283108, 1871.2195177283108, 1871.2195177283108, 1871.2195177283108, 1871.2195177283108, 1871.2195177283108, 1871.2195177283108, 1871.2195177283108, 1871.2195177283108, 1871.2195177283108, 1871.2195177283108, 1871.2195177283108, 1871.2195177283108, 1871.2195177283108, 1871.2195177283108, 1871.2195177283108, 1871.2195177283108, 1871.2195177283108, 1871.2195177283108, 1871.2195177283108, 1871.2195177283108, 1871.2195177283108, 1871.2195177283108, 1871.2195177283108, 1871.2195177283108, 1871.2195177283108, 1871.2195177283108, 1871.2195177283108, 1871.2195177283108, 1871.2195177283108, 1871.2195177283108, 1871.2195177283108, 1871.2195177283108, 1871.2195177283108, 1871.2195177283108, 1871.2195177283108, 1871.2195177283108, 1871.2195177283108, 1871.2195177283108, 1871.2195177283108, 1871.2195177283108, 1871.2195177283108, 1871.2195177283108, 1871.2195177283108, 1871.2195177283108, 1871.2195177283108, 1871.2195177283108, 1871.2195177283108, 1871.2195177283108, 1871.2195177283108, 1871.2195177283108, 1871.2195177283108, 1871.2195177283108, 1871.2195177283108, 1871.2195177283108, 1871.2195177283108, 1871.2195177283108, 1871.2195177283108, 1871.2195177283108, 1871.2195177283108, 1871.2195177283108, 1871.2195177283108, 1871.2195177283108, 1871.2195177283108, 1871.2195177283108, 1871.2195177283108, 1871.2195177283108, 1871.2195177283108, 1871.2195177283108, 1871.2195177283108, 1871.2195177283108, 1871.2195177283108, 1871.2195177283108, 1871.2195177283108, 1871.2195177283108, 1871.2195177283108, 1871.2195177283108, 1871.2195177283108, 1871.2195177283108, 1871.2195177283108, 1871.2195177283108, 1871.2195177283108, 1871.2195177283108, 1871.2195177283108, 1871.2195177283108, 1871.2195177283108, 1871.2195177283108, 1871.2195177283108, 1871.2195177283108, 1871.2195177283108, 1871.2195177283108, 1871.2195177283108, 1871.2195177283108, 1871.2195177283108, 1871.2195177283108, 1871.2195177283108, 1871.2195177283108, 1871.2195177283108, 1871.2195177283108, 1871.2195177283108, 1871.2195177283108, 1871.2195177283108, 1871.2195177283108, 1871.2195177283108, 1871.2195177283108, 1871.2195177283108, 1871.2195177283108, 1871.2195177283108, 1871.2195177283108, 1871.2195177283108, 1871.2195177283108, 1871.2195177283108, 1871.2195177283108, 1871.2195177283108, 1871.2195177283108, 1871.2195177283108, 1871.2195177283108, 1871.2195177283108, 1871.2195177283108, 1871.2195177283108, 1871.2195177283108, 1871.2195177283108, 1871.2195177283108, 1871.2195177283108, 1871.2195177283108, 1871.2195177283108, 1871.2195177283108, 1871.2195177283108, 1871.2195177283108, 1871.2195177283108, 1871.2195177283108, 1871.2195177283108, 1871.2195177283108, 1871.2195177283108, 1871.2195177283108, 1871.2195177283108, 1871.2195177283108, 1871.2195177283108, 1871.2195177283108, 1871.2195177283108, 1871.2195177283108, 1871.2195177283108, 1871.2195177283108, 1871.2195177283108, 1871.2195177283108, 1871.2195177283108, 1871.2195177283108, 1871.2195177283108, 1871.2195177283108, 1871.2195177283108, 1871.2195177283108, 1871.2195177283108, 1871.2195177283108, 1871.2195177283108, 1871.2195177283108, 1871.2195177283108, 1871.2195177283108, 1871.2195177283108, 1871.2195177283108, 1871.2195177283108, 1871.2195177283108, 1871.2195177283108, 1871.2195177283108, 1871.2195177283108, 1871.2195177283108, 1871.2195177283108, 1871.2195177283108, 1871.2195177283108, 1871.2195177283108, 1871.2195177283108, 1871.2195177283108, 1871.2195177283108, 1871.2195177283108, 1871.2195177283108, 1871.2195177283108, 1871.2195177283108, 1871.2195177283108, 1871.2195177283108, 1871.2195177283108, 1871.2195177283108, 1871.2195177283108, 1871.2195177283108, 1871.2195177283108, 1871.2195177283108, 1871.2195177283108, 1871.2195177283108, 1871.2195177283108, 1871.2195177283108, 1871.2195177283108, 1871.2195177283108, 1871.2195177283108, 1871.2195177283108, 1871.2195177283108, 1871.2195177283108, 1871.2195177283108, 1871.2195177283108, 1871.2195177283108, 1871.2195177283108, 1871.2195177283108, 1871.2195177283108, 1871.2195177283108, 1871.2195177283108, 1871.2195177283108, 1871.2195177283108, 1871.2195177283108, 1871.2195177283108, 1871.2195177283108, 1871.2195177283108, 1871.2195177283108, 1871.2195177283108, 1871.2195177283108, 1871.2195177283108, 1871.2195177283108, 1871.2195177283108, 1871.2195177283108, 1871.2195177283108, 1871.2195177283108, 1871.2195177283108, 1871.2195177283108, 1871.2195177283108, 1871.2195177283108, 1871.2195177283108, 1871.2195177283108, 1871.2195177283108, 1871.2195177283108, 1871.2195177283108, 1871.2195177283108, 1871.2195177283108, 1871.2195177283108, 1871.2195177283108, 1871.2195177283108, 1871.2195177283108, 1871.2195177283108, 1871.2195177283108, 1871.2195177283108, 1871.2195177283108, 1871.2195177283108, 1871.2195177283108, 1871.2195177283108, 1871.2195177283108, 1871.2195177283108, 1871.2195177283108, 1871.2195177283108, 1871.2195177283108, 1871.2195177283108, 1871.2195177283108, 1871.2195177283108, 1871.2195177283108, 1871.2195177283108, 1871.2195177283108, 1871.2195177283108, 1871.2195177283108, 1871.2195177283108, 1871.2195177283108, 1871.2195177283108, 1871.2195177283108, 1871.2195177283108, 1871.2195177283108, 1871.2195177283108, 1871.2195177283108, 1871.2195177283108, 1871.2195177283108, 1871.2195177283108, 1871.2195177283108, 1871.2195177283108, 1871.2195177283108, 1871.2195177283108, 1871.2195177283108, 1871.2195177283108, 1871.2195177283108, 1871.2195177283108, 1871.2195177283108, 1871.2195177283108, 1871.2195177283108, 1871.2195177283108, 1871.2195177283108, 1871.2195177283108, 1871.2195177283108, 1871.2195177283108, 1871.2195177283108, 1871.2195177283108, 1871.2195177283108, 1871.2195177283108, 1871.2195177283108, 1871.2195177283108, 1871.2195177283108, 1871.2195177283108, 1871.2195177283108, 1871.2195177283108, 1871.2195177283108, 1871.2195177283108, 1871.2195177283108, 1871.2195177283108, 1871.2195177283108, 1871.2195177283108, 1871.2195177283108, 1871.2195177283108, 1871.2195177283108, 1871.2195177283108, 1871.2195177283108, 1871.2195177283108, 1871.2195177283108, 1871.2195177283108, 1871.2195177283108, 1871.2195177283108, 1871.2195177283108, 1871.2195177283108, 1871.2195177283108, 1871.2195177283108, 1871.2195177283108, 1871.2195177283108, 1871.2195177283108, 1871.2195177283108, 1871.2195177283108, 1871.2195177283108, 1871.2195177283108, 1871.2195177283108, 1871.2195177283108, 1871.2195177283108, 1871.2195177283108, 1871.2195177283108, 1871.2195177283108, 1871.2195177283108, 1871.2195177283108, 1871.2195177283108, 1871.2195177283108, 1871.2195177283108, 1871.2195177283108, 1871.2195177283108, 1871.2195177283108, 1871.2195177283108, 1871.2195177283108, 1871.2195177283108, 1871.2195177283108, 1871.2195177283108, 1871.2195177283108, 1871.2195177283108, 1871.2195177283108, 1871.2195177283108, 1871.2195177283108, 1871.2195177283108, 1871.2195177283108, 1871.2195177283108, 1871.2195177283108, 1871.2195177283108, 1871.2195177283108, 1871.2195177283108, 1871.2195177283108, 1871.2195177283108, 1871.2195177283108, 1871.2195177283108, 1871.2195177283108, 1871.2195177283108, 1871.2195177283108, 1871.2195177283108, 1871.2195177283108, 1871.2195177283108, 1871.2195177283108, 1871.2195177283108, 1871.2195177283108, 1871.2195177283108, 1871.2195177283108, 1871.2195177283108, 1871.2195177283108, 1871.2195177283108, 1871.2195177283108, 1871.2195177283108, 1871.2195177283108, 1871.2195177283108, 1871.2195177283108, 1871.2195177283108, 1871.2195177283108, 1871.2195177283108, 1871.2195177283108, 1871.2195177283108, 1871.2195177283108, 1871.2195177283108, 1871.2195177283108, 1871.2195177283108, 1871.2195177283108, 1871.2195177283108, 1871.2195177283108, 1871.2195177283108, 1871.2195177283108, 1871.2195177283108, 1871.2195177283108, 1871.2195177283108, 1871.2195177283108, 1871.2195177283108, 1871.2195177283108, 1871.2195177283108, 1871.2195177283108, 1871.2195177283108, 1871.2195177283108, 1871.2195177283108, 1871.2195177283108, 1871.2195177283108, 1871.2195177283108, 1871.2195177283108, 1871.2195177283108, 1871.2195177283108, 1871.2195177283108, 1871.2195177283108, 1871.2195177283108, 1871.2195177283108, 1871.2195177283108, 1871.2195177283108, 1871.2195177283108, 1871.2195177283108, 1871.2195177283108, 1871.2195177283108, 1871.2195177283108, 1871.2195177283108, 1871.2195177283108, 1871.2195177283108, 1871.2195177283108, 1871.2195177283108, 1871.2195177283108, 1871.2195177283108, 1871.2195177283108, 1871.2195177283108, 1871.2195177283108, 1871.2195177283108, 1871.2195177283108, 1871.2195177283108, 1871.2195177283108, 1871.2195177283108, 1871.2195177283108, 1871.2195177283108, 1871.2195177283108, 1871.2195177283108, 1871.2195177283108, 1871.2195177283108, 1871.2195177283108, 1871.2195177283108, 1871.2195177283108, 1871.2195177283108, 1871.2195177283108, 1871.2195177283108, 1871.2195177283108, 1871.2195177283108, 1871.2195177283108, 1871.2195177283108, 1871.2195177283108, 1871.2195177283108, 1871.2195177283108, 1871.2195177283108, 1871.2195177283108, 1871.2195177283108, 1871.2195177283108, 1871.2195177283108, 1871.2195177283108, 1871.2195177283108, 1871.2195177283108, 1871.2195177283108, 1871.2195177283108, 1871.2195177283108, 1871.2195177283108, 1871.2195177283108, 1871.2195177283108, 1871.2195177283108, 1871.2195177283108, 1871.2195177283108, 1871.2195177283108, 1871.2195177283108, 1871.2195177283108, 1871.2195177283108, 1871.2195177283108, 1871.2195177283108, 1871.2195177283108, 1871.2195177283108, 1871.2195177283108, 1871.2195177283108, 1871.2195177283108, 1871.2195177283108, 1871.2195177283108, 1871.2195177283108, 1871.2195177283108, 1871.2195177283108, 1871.2195177283108, 1871.2195177283108, 1871.2195177283108, 1871.2195177283108, 1871.2195177283108, 1871.2195177283108, 1871.2195177283108, 1871.2195177283108, 1871.2195177283108, 1871.2195177283108, 1871.2195177283108, 1871.2195177283108, 1871.2195177283108, 1871.2195177283108, 1871.2195177283108, 1871.2195177283108, 1871.2195177283108, 1871.2195177283108, 1871.2195177283108, 1871.2195177283108, 1871.2195177283108, 1871.2195177283108, 1871.2195177283108, 1871.2195177283108, 1871.2195177283108, 1871.2195177283108, 1871.2195177283108, 1871.2195177283108, 1871.2195177283108, 1871.2195177283108, 1871.2195177283108, 1871.2195177283108, 1871.2195177283108, 1871.2195177283108, 1871.2195177283108, 1871.2195177283108, 1871.2195177283108, 1871.2195177283108, 1871.2195177283108, 1871.2195177283108, 1871.2195177283108, 1871.2195177283108, 1871.2195177283108, 1871.2195177283108, 1871.2195177283108, 1871.2195177283108, 1871.2195177283108, 1871.2195177283108, 1871.2195177283108, 1871.2195177283108, 1871.2195177283108, 1871.2195177283108, 1871.2195177283108, 1871.2195177283108, 1871.2195177283108, 1871.2195177283108, 1871.2195177283108, 1871.2195177283108, 1871.2195177283108, 1871.2195177283108, 1871.2195177283108, 1871.2195177283108, 1871.2195177283108, 1871.2195177283108, 1871.2195177283108, 1871.2195177283108, 1871.2195177283108, 1871.2195177283108, 1871.2195177283108, 1871.2195177283108, 1871.2195177283108, 1871.2195177283108, 1871.2195177283108, 1871.2195177283108, 1871.2195177283108, 1871.2195177283108, 1871.2195177283108, 1871.2195177283108, 1871.2195177283108, 1871.2195177283108, 1871.2195177283108, 1871.2195177283108, 1871.2195177283108, 1871.2195177283108, 1871.2195177283108, 1871.2195177283108, 1871.2195177283108, 1871.2195177283108, 1871.2195177283108, 1871.2195177283108, 1871.2195177283108, 1871.2195177283108, 1871.2195177283108, 1871.2195177283108, 1871.2195177283108, 1871.2195177283108, 1871.2195177283108, 1871.2195177283108, 1871.2195177283108, 1871.2195177283108, 1871.2195177283108, 1871.2195177283108, 1871.2195177283108, 1871.2195177283108, 1871.2195177283108, 1871.2195177283108, 1871.2195177283108, 1871.2195177283108, 1871.2195177283108, 1871.2195177283108, 1871.2195177283108, 1871.2195177283108, 1871.2195177283108, 1871.2195177283108, 1871.2195177283108, 1871.2195177283108, 1871.2195177283108, 1871.2195177283108, 1871.2195177283108, 1871.2195177283108, 1871.2195177283108, 1871.2195177283108, 1871.2195177283108, 1871.2195177283108, 1871.2195177283108, 1871.2195177283108, 1871.2195177283108, 1871.2195177283108, 1871.2195177283108, 1871.2195177283108, 1871.2195177283108, 1871.2195177283108, 1871.2195177283108, 1871.2195177283108, 1871.2195177283108, 1871.2195177283108, 1871.2195177283108, 1871.2195177283108, 1871.2195177283108, 1871.2195177283108, 1871.2195177283108, 1871.2195177283108, 1871.2195177283108, 1871.2195177283108, 1871.2195177283108, 1871.2195177283108, 1871.2195177283108, 1871.2195177283108, 1871.2195177283108, 1871.2195177283108, 1871.2195177283108, 1871.2195177283108, 1871.2195177283108, 1871.2195177283108, 1871.2195177283108, 1871.2195177283108, 1871.2195177283108, 1871.2195177283108, 1871.2195177283108, 1871.2195177283108, 1871.2195177283108, 1871.2195177283108, 1871.2195177283108, 1871.2195177283108, 1871.2195177283108, 1871.2195177283108, 1871.2195177283108, 1871.2195177283108, 1871.2195177283108, 1871.2195177283108, 1871.2195177283108, 1871.2195177283108, 1871.2195177283108, 1871.2195177283108, 1871.2195177283108, 1871.2195177283108, 1871.2195177283108, 1871.2195177283108, 1871.2195177283108, 1871.2195177283108, 1871.2195177283108, 1871.2195177283108, 1871.2195177283108, 1871.2195177283108, 1871.2195177283108, 1871.2195177283108, 1871.2195177283108, 1871.2195177283108, 1871.2195177283108, 1871.2195177283108, 1871.2195177283108, 1871.2195177283108, 1871.2195177283108, 1871.2195177283108, 1871.2195177283108, 1871.2195177283108, 1871.2195177283108, 1871.2195177283108, 1871.2195177283108, 1871.2195177283108, 1871.2195177283108, 1871.2195177283108, 1871.2195177283108, 1871.2195177283108, 1871.2195177283108, 1871.2195177283108, 1871.2195177283108, 1871.2195177283108, 1871.2195177283108, 1871.2195177283108, 1871.2195177283108, 1871.2195177283108, 1871.2195177283108, 1871.2195177283108, 1871.2195177283108, 1871.2195177283108, 1871.2195177283108, 1871.2195177283108, 1871.2195177283108, 1871.2195177283108, 1871.2195177283108, 1871.2195177283108, 1871.2195177283108, 1871.2195177283108, 1871.2195177283108, 1871.2195177283108, 1871.2195177283108, 1871.2195177283108, 1871.2195177283108, 1871.2195177283108, 1871.2195177283108, 1871.2195177283108, 1871.2195177283108, 1871.2195177283108, 1871.2195177283108, 1871.2195177283108, 1871.2195177283108, 1871.2195177283108, 1871.2195177283108, 1871.2195177283108, 1871.2195177283108, 1871.2195177283108, 1871.2195177283108, 1871.2195177283108, 1871.2195177283108, 1871.2195177283108, 1871.2195177283108, 1871.2195177283108, 1871.2195177283108, 1871.2195177283108, 1871.2195177283108, 1871.2195177283108, 1871.2195177283108, 1871.2195177283108, 1871.2195177283108, 1871.2195177283108, 1871.2195177283108, 1871.2195177283108, 1871.2195177283108, 1871.2195177283108, 1871.2195177283108, 1871.2195177283108, 1871.2195177283108, 1871.2195177283108, 1871.2195177283108, 1871.2195177283108, 1871.2195177283108, 1871.2195177283108, 1871.2195177283108, 1871.2195177283108, 1871.2195177283108, 1871.2195177283108, 1871.2195177283108, 1871.2195177283108, 1871.2195177283108, 1871.2195177283108, 1871.2195177283108, 1871.2195177283108, 1871.2195177283108, 1871.2195177283108, 1871.2195177283108, 1871.2195177283108, 1871.2195177283108, 1871.2195177283108, 1871.2195177283108, 1871.2195177283108, 1871.2195177283108, 1871.2195177283108, 1871.2195177283108, 1871.2195177283108, 1871.2195177283108, 1871.2195177283108, 1871.2195177283108, 1871.2195177283108, 1871.2195177283108, 1871.2195177283108, 1871.2195177283108, 1871.2195177283108, 1871.2195177283108, 1871.2195177283108, 1871.2195177283108, 1871.2195177283108, 1871.2195177283108, 1871.2195177283108, 1871.2195177283108, 1871.2195177283108, 1871.2195177283108, 1871.2195177283108, 1871.2195177283108, 1871.2195177283108, 1871.2195177283108, 1871.2195177283108, 1871.2195177283108, 1871.2195177283108, 1871.2195177283108, 1871.2195177283108, 1871.2195177283108, 1871.2195177283108, 1871.2195177283108, 1871.2195177283108, 1871.2195177283108, 1871.2195177283108, 1871.2195177283108, 1871.2195177283108, 1871.2195177283108, 1871.2195177283108, 1871.2195177283108, 1871.2195177283108, 1871.2195177283108, 1871.2195177283108, 1871.2195177283108, 1871.2195177283108, 1871.2195177283108, 1871.2195177283108, 1871.2195177283108, 1871.2195177283108, 1871.2195177283108, 1871.2195177283108, 1871.2195177283108, 1871.2195177283108, 1871.2195177283108, 1871.2195177283108, 1871.2195177283108, 1871.2195177283108, 1871.2195177283108, 1871.2195177283108, 1871.2195177283108, 1871.2195177283108, 1871.2195177283108, 1871.2195177283108, 1871.2195177283108, 1871.2195177283108, 1871.2195177283108, 1871.2195177283108, 1871.2195177283108, 1871.2195177283108, 1871.2195177283108, 1871.2195177283108, 1871.2195177283108, 1871.2195177283108, 1871.2195177283108, 1871.2195177283108, 1871.2195177283108, 1871.2195177283108, 1871.2195177283108, 1871.2195177283108, 1871.2195177283108, 1871.2195177283108, 1871.2195177283108, 1871.2195177283108, 1871.2195177283108, 1871.2195177283108, 1871.2195177283108, 1871.2195177283108, 1871.2195177283108, 1871.2195177283108, 1871.2195177283108, 1871.2195177283108, 1871.2195177283108, 1871.2195177283108, 1871.2195177283108, 1871.2195177283108, 1871.2195177283108, 1871.2195177283108, 1871.2195177283108, 1871.2195177283108, 1871.2195177283108, 1871.2195177283108, 1871.2195177283108, 1871.2195177283108, 1871.2195177283108, 1871.2195177283108, 1871.2195177283108, 1871.2195177283108, 1871.2195177283108, 1871.2195177283108, 1871.2195177283108, 1871.2195177283108, 1871.2195177283108, 1871.2195177283108, 1871.2195177283108, 1871.2195177283108, 1871.2195177283108, 1871.2195177283108, 1871.2195177283108, 1871.2195177283108, 1871.2195177283108, 1871.2195177283108, 1871.2195177283108, 1871.2195177283108, 1871.2195177283108, 1871.2195177283108, 1871.2195177283108, 1871.2195177283108, 1871.2195177283108, 1871.2195177283108, 1871.2195177283108, 1871.2195177283108, 1871.2195177283108, 1871.2195177283108, 1871.2195177283108, 1871.2195177283108, 1871.2195177283108, 1871.2195177283108, 1871.2195177283108, 1871.2195177283108, 1871.2195177283108, 1871.2195177283108, 1871.2195177283108, 1871.2195177283108, 1871.2195177283108, 1871.2195177283108, 1871.2195177283108, 1871.2195177283108, 1871.2195177283108, 1871.2195177283108, 1871.2195177283108, 1871.2195177283108, 1871.2195177283108, 1871.2195177283108, 1871.2195177283108, 1871.2195177283108, 1871.2195177283108, 1871.2195177283108, 1871.2195177283108, 1871.2195177283108, 1871.2195177283108, 1871.2195177283108, 1871.2195177283108, 1871.2195177283108, 1871.2195177283108, 1871.2195177283108, 1871.2195177283108, 1871.2195177283108, 1871.2195177283108, 1871.2195177283108, 1871.2195177283108, 1871.2195177283108, 1871.2195177283108, 1871.2195177283108, 1871.2195177283108, 1871.2195177283108, 1871.2195177283108, 1871.2195177283108, 1871.2195177283108, 1871.2195177283108, 1871.2195177283108, 1871.2195177283108, 1871.2195177283108, 1871.2195177283108, 1871.2195177283108, 1871.2195177283108, 1871.2195177283108, 1871.2195177283108, 1871.2195177283108, 1871.2195177283108, 1871.2195177283108, 1871.2195177283108, 1871.2195177283108, 1871.2195177283108, 1871.2195177283108, 1871.2195177283108, 1871.2195177283108, 1871.2195177283108, 1871.2195177283108, 1871.2195177283108, 1871.2195177283108, 1871.2195177283108, 1871.2195177283108, 1871.2195177283108, 1871.2195177283108, 1871.2195177283108, 1871.2195177283108, 1871.2195177283108, 1871.2195177283108, 1871.2195177283108, 1871.2195177283108, 1871.2195177283108, 1871.2195177283108, 1871.2195177283108, 1871.2195177283108, 1871.2195177283108, 1871.2195177283108, 1871.2195177283108, 1871.2195177283108, 1871.2195177283108, 1871.2195177283108, 1871.2195177283108, 1871.2195177283108, 1871.2195177283108, 1871.2195177283108, 1871.2195177283108, 1871.2195177283108, 1871.2195177283108, 1871.2195177283108, 1871.2195177283108, 1871.2195177283108, 1871.2195177283108, 1871.2195177283108, 1871.2195177283108, 1871.2195177283108, 1871.2195177283108, 1871.2195177283108, 1871.2195177283108, 1871.2195177283108, 1871.2195177283108, 1871.2195177283108, 1871.2195177283108, 1871.2195177283108, 1871.2195177283108, 1871.2195177283108, 1871.2195177283108, 1871.2195177283108, 1871.2195177283108, 1871.2195177283108, 1871.2195177283108, 1871.2195177283108, 1871.2195177283108, 1871.2195177283108, 1871.2195177283108, 1871.2195177283108, 1871.2195177283108, 1871.2195177283108, 1871.2195177283108, 1871.2195177283108, 1871.2195177283108, 1871.2195177283108, 1871.2195177283108, 1871.2195177283108, 1871.2195177283108, 1871.2195177283108, 1871.2195177283108, 1871.2195177283108, 1871.2195177283108, 1871.2195177283108, 1871.2195177283108, 1871.2195177283108, 1871.2195177283108, 1871.2195177283108, 1871.2195177283108, 1871.2195177283108, 1871.2195177283108, 1871.2195177283108, 1871.2195177283108, 1871.2195177283108, 1871.2195177283108, 1871.2195177283108, 1871.2195177283108, 1871.2195177283108, 1871.2195177283108, 1871.2195177283108, 1871.2195177283108, 1871.2195177283108, 1871.2195177283108, 1871.2195177283108, 1871.2195177283108, 1871.2195177283108, 1871.2195177283108, 1871.2195177283108, 1871.2195177283108, 1871.2195177283108, 1871.2195177283108, 1871.2195177283108, 1871.2195177283108, 1871.2195177283108, 1871.2195177283108, 1871.2195177283108, 1871.2195177283108, 1871.2195177283108, 1871.2195177283108, 1871.2195177283108, 1871.2195177283108, 1871.2195177283108, 1871.2195177283108, 1871.2195177283108, 1871.2195177283108, 1871.2195177283108, 1871.2195177283108, 1871.2195177283108, 1871.2195177283108, 1871.2195177283108, 1871.2195177283108, 1871.2195177283108, 1871.2195177283108, 1871.2195177283108, 1871.2195177283108, 1871.2195177283108, 1871.2195177283108, 1871.2195177283108, 1871.2195177283108, 1871.2195177283108, 1871.2195177283108, 1871.2195177283108, 1871.2195177283108, 1871.2195177283108, 1871.2195177283108, 1871.2195177283108, 1871.2195177283108, 1871.2195177283108, 1871.2195177283108, 1871.2195177283108, 1871.2195177283108, 1871.2195177283108, 1871.2195177283108, 1871.2195177283108, 1871.2195177283108, 1871.2195177283108, 1871.2195177283108, 1871.2195177283108, 1871.2195177283108, 1871.2195177283108, 1871.2195177283108, 1871.2195177283108, 1871.2195177283108, 1871.2195177283108, 1871.2195177283108, 1871.2195177283108, 1871.2195177283108, 1871.2195177283108, 1871.2195177283108, 1871.2195177283108, 1871.2195177283108, 1871.2195177283108, 1871.2195177283108, 1871.2195177283108, 1871.2195177283108, 1871.2195177283108, 1871.2195177283108, 1871.2195177283108, 1871.2195177283108, 1871.2195177283108, 1871.2195177283108, 1871.2195177283108, 1871.2195177283108, 1871.2195177283108, 1871.2195177283108, 1871.2195177283108, 1871.2195177283108, 1871.2195177283108, 1871.2195177283108, 1871.2195177283108, 1871.2195177283108, 1871.2195177283108, 1871.2195177283108, 1871.2195177283108, 1871.2195177283108, 1871.2195177283108, 1871.2195177283108, 1871.2195177283108, 1871.2195177283108, 1871.2195177283108, 1871.2195177283108, 1871.2195177283108, 1871.2195177283108, 1871.2195177283108, 1871.2195177283108, 1871.2195177283108, 1871.2195177283108, 1871.2195177283108, 1871.2195177283108, 1871.2195177283108, 1871.2195177283108, 1871.2195177283108, 1871.2195177283108, 1871.2195177283108, 1871.2195177283108, 1871.2195177283108, 1871.2195177283108, 1871.2195177283108, 1871.2195177283108, 1871.2195177283108, 1871.2195177283108, 1871.2195177283108, 1871.2195177283108, 1871.2195177283108, 1871.2195177283108, 1871.2195177283108, 1871.2195177283108, 1871.2195177283108, 1871.2195177283108, 1871.2195177283108, 1871.2195177283108, 1871.2195177283108, 1871.2195177283108, 1871.2195177283108, 1871.2195177283108, 1871.2195177283108, 1871.2195177283108, 1871.2195177283108, 1871.2195177283108, 1871.2195177283108, 1871.2195177283108, 1871.2195177283108, 1871.2195177283108, 1871.2195177283108, 1871.2195177283108, 1871.2195177283108, 1871.2195177283108, 1871.2195177283108, 1871.2195177283108, 1871.2195177283108, 1871.2195177283108, 1871.2195177283108, 1871.2195177283108, 1871.2195177283108, 1871.2195177283108, 1871.2195177283108, 1871.2195177283108, 1871.2195177283108, 1871.2195177283108, 1871.2195177283108, 1871.2195177283108, 1871.2195177283108, 1871.2195177283108, 1871.2195177283108, 1871.2195177283108, 1871.2195177283108, 1871.2195177283108, 1871.2195177283108, 1871.2195177283108, 1871.2195177283108, 1871.2195177283108, 1871.2195177283108, 1871.2195177283108, 1871.2195177283108, 1871.2195177283108, 1871.2195177283108, 1871.2195177283108, 1871.2195177283108, 1871.2195177283108, 1871.2195177283108, 1871.2195177283108, 1871.2195177283108, 1871.2195177283108, 1871.2195177283108, 1871.2195177283108, 1871.2195177283108, 1871.2195177283108, 1871.2195177283108, 1871.2195177283108, 1871.2195177283108, 1871.2195177283108, 1871.2195177283108, 1871.2195177283108, 1871.2195177283108, 1871.2195177283108, 1871.2195177283108, 1871.2195177283108, 1871.2195177283108, 1871.2195177283108, 1871.2195177283108, 1871.2195177283108, 1871.2195177283108, 1871.2195177283108, 1871.2195177283108, 1871.2195177283108, 1871.2195177283108, 1871.2195177283108, 1871.2195177283108, 1871.2195177283108, 1871.2195177283108, 1871.2195177283108, 1871.2195177283108, 1871.2195177283108, 1871.2195177283108, 1871.2195177283108, 1871.2195177283108, 1871.2195177283108, 1871.2195177283108, 1871.2195177283108, 1871.2195177283108, 1871.2195177283108, 1871.2195177283108, 1871.2195177283108, 1871.2195177283108, 1871.2195177283108, 1871.2195177283108, 1871.2195177283108, 1871.2195177283108, 1871.2195177283108, 1871.2195177283108, 1871.2195177283108, 1871.2195177283108, 1871.2195177283108, 1871.2195177283108, 1871.2195177283108, 1871.2195177283108, 1871.2195177283108, 1871.2195177283108, 1871.2195177283108, 1871.2195177283108, 1871.2195177283108, 1871.2195177283108, 1871.2195177283108, 1871.2195177283108, 1871.2195177283108, 1871.2195177283108, 1871.2195177283108, 1871.2195177283108, 1871.2195177283108, 1871.2195177283108, 1871.2195177283108, 1871.2195177283108, 1871.2195177283108, 1871.2195177283108, 1871.2195177283108, 1871.2195177283108, 1871.2195177283108, 1871.2195177283108, 1871.2195177283108, 1871.2195177283108, 1871.2195177283108, 1871.2195177283108, 1871.2195177283108, 1871.2195177283108, 1871.2195177283108, 1871.2195177283108, 1871.2195177283108, 1871.2195177283108, 1871.2195177283108, 1871.2195177283108, 1871.2195177283108, 1871.2195177283108, 1871.2195177283108, 1871.2195177283108, 1871.2195177283108, 1871.2195177283108, 1871.2195177283108, 1871.2195177283108, 1871.2195177283108, 1871.2195177283108, 1871.2195177283108, 1871.2195177283108, 1871.2195177283108, 1871.2195177283108, 1871.2195177283108, 1871.2195177283108, 1871.2195177283108, 1871.2195177283108, 1871.2195177283108, 1871.2195177283108, 1871.2195177283108, 1871.2195177283108, 1871.2195177283108, 1871.2195177283108, 1871.2195177283108, 1871.2195177283108, 1871.2195177283108, 1871.2195177283108, 1871.2195177283108, 1871.2195177283108, 1871.2195177283108, 1871.2195177283108, 1871.2195177283108, 1871.2195177283108, 1871.2195177283108, 1871.2195177283108, 1871.2195177283108, 1871.2195177283108, 1871.2195177283108, 1871.2195177283108, 1871.2195177283108, 1871.2195177283108, 1871.2195177283108, 1871.2195177283108, 1871.2195177283108, 1871.2195177283108, 1871.2195177283108, 1871.2195177283108, 1871.2195177283108, 1871.2195177283108, 1871.2195177283108, 1871.2195177283108, 1871.2195177283108, 1871.2195177283108, 1871.2195177283108, 1871.2195177283108, 1871.2195177283108, 1871.2195177283108, 1871.2195177283108, 1871.2195177283108, 1871.2195177283108, 1871.2195177283108, 1871.2195177283108, 1871.2195177283108, 1871.2195177283108, 1871.2195177283108, 1871.2195177283108, 1871.2195177283108, 1871.2195177283108, 1871.2195177283108, 1871.2195177283108, 1871.2195177283108, 1871.2195177283108, 1871.2195177283108, 1871.2195177283108, 1871.2195177283108, 1871.2195177283108, 1871.2195177283108, 1871.2195177283108, 1871.2195177283108, 1871.2195177283108, 1871.2195177283108, 1871.2195177283108, 1871.2195177283108, 1871.2195177283108, 1871.2195177283108, 1871.2195177283108, 1871.2195177283108, 1871.2195177283108, 1871.2195177283108, 1871.2195177283108, 1871.2195177283108, 1871.2195177283108, 1871.2195177283108, 1871.2195177283108, 1871.2195177283108, 1871.2195177283108, 1871.2195177283108, 1871.2195177283108, 1871.2195177283108, 1871.2195177283108, 1871.2195177283108, 1871.2195177283108, 1871.2195177283108, 1871.2195177283108, 1871.2195177283108, 1871.2195177283108, 1871.2195177283108, 1871.2195177283108, 1871.2195177283108, 1871.2195177283108, 1871.2195177283108]
Computational time : 506.554000139