Name : Ahmed ElMousel
Problem : X-n190-k8 
Whale Algorithm 
cost : 18570.5498425
Routes : 
1->1
1->1
1->1
1->1
1->1
1->1
1->1
1->1
1->111->35->29->149->142->99->85->154->181->33->62->19->186->71->49->145->116->146->82->93->136->47->103->185->1
1->107->120->50->27->118->174->133->162->75->112->24->165->159->70->56->180->69->95->51->122->76->94->167->171->17->15->46->100->1
1->164->53->147->88->153->42->182->127->55->152->175->43->91->63->101->9->57->131->7->3->40->31->44->11->104->1
1->128->74->59->98->144->25->13->37->39->23->78->87->126->138->177->6->48->102->72->178->124->168->137->184->26->96->1
1->132->176->12->123->83->117->61->80->18->156->8->163->21->66->179->22->139->113->129->5->30->1
1->84->45->160->86->81->170->79->151->148->77->16->125->188->28->4->97->60->92->114->73->140->32->119->1
1->38->157->68->52->158->135->34->108->10->115->54->155->190->141->41->187->36->110->90->105->143->109->130->134->1
1->1
1->20->58->64->173->183->161->150->2->166->89->169->121->14->172->67->65->189->106->1
1->1
best solutions : 
[34124.40193352474, 32158.160524084662, 32050.904806188384, 30287.25323611533, 29192.664263111623, 29023.18773518989, 28035.289686733304, 26815.166114782, 26815.166114782, 26471.78104967243, 26352.084930302753, 26164.37273891454, 25800.598798146155, 24939.428515471158, 24345.394396053754, 23930.20301889904, 22598.78234554505, 22028.21769137193, 22028.21769137193, 22028.21769137193, 22028.21769137193, 22028.21769137193, 22028.21769137193, 21889.14124444833, 21889.14124444833, 21889.14124444833, 21832.201568623103, 21832.201568623103, 21465.691426077865, 21465.691426077865, 21465.691426077865, 21465.691426077865, 21465.691426077865, 21431.820945013817, 21430.927925636737, 21430.927925636737, 21360.938226419697, 21360.938226419697, 21118.437064971637, 21118.437064971637, 21118.437064971637, 20944.66928892936, 20944.66928892936, 20944.66928892936, 20944.66928892936, 20944.66928892936, 20902.582817007355, 20902.582817007355, 20902.582817007355, 20902.582817007355, 20902.582817007355, 20902.582817007355, 20902.582817007355, 20902.582817007355, 20902.582817007355, 20902.582817007355, 20902.582817007355, 20901.27288871471, 20901.27288871471, 20901.27288871471, 20901.27288871471, 20901.27288871471, 20901.27288871471, 20901.27288871471, 20901.27288871471, 20901.27288871471, 20901.27288871471, 20857.93672634068, 20857.93672634068, 20852.277642645968, 20852.277642645968, 20852.277642645968, 20852.277642645968, 20852.277642645968, 20852.277642645968, 20852.277642645968, 20852.277642645968, 20852.277642645968, 20852.277642645968, 20852.277642645968, 20852.277642645968, 20852.277642645968, 20852.277642645968, 20852.277642645968, 20852.277642645968, 20852.277642645968, 20852.277642645968, 20852.277642645968, 20852.277642645968, 20852.277642645968, 20852.277642645968, 20852.277642645968, 20852.277642645968, 20852.277642645968, 20852.277642645968, 20852.277642645968, 20852.277642645968, 20852.277642645968, 20852.277642645968, 20852.277642645968, 20852.277642645968, 20852.277642645968, 20852.277642645968, 20852.277642645968, 20852.277642645968, 20852.277642645968, 20841.68178399488, 20841.68178399488, 20841.68178399488, 20841.68178399488, 20841.68178399488, 20841.68178399488, 20841.68178399488, 20841.68178399488, 20836.905540488155, 20816.568017091933, 20816.568017091933, 20816.568017091933, 20816.568017091933, 20816.568017091933, 20816.568017091933, 20816.568017091933, 20816.568017091933, 20816.568017091933, 20816.568017091933, 20816.568017091933, 20816.568017091933, 20816.568017091933, 20816.568017091933, 20671.43329211459, 20671.43329211459, 20671.43329211459, 20671.43329211459, 20671.43329211459, 20671.43329211459, 20671.43329211459, 20671.43329211459, 20671.43329211459, 20671.43329211459, 20671.43329211459, 20671.43329211459, 20671.43329211459, 20671.43329211459, 20671.43329211459, 20671.43329211459, 20671.43329211459, 20671.43329211459, 20671.43329211459, 20671.43329211459, 20671.43329211459, 20671.43329211459, 20335.870905853975, 20335.870905853975, 20335.870905853975, 20335.870905853975, 20335.870905853975, 20229.994825473223, 20224.37174727313, 20224.37174727313, 20224.37174727313, 19453.468430857494, 19453.468430857494, 19453.468430857494, 19401.037508259767, 19401.037508259767, 19401.037508259767, 19401.037508259767, 19393.788149359443, 19393.788149359443, 19393.788149359443, 19393.788149359443, 19393.788149359443, 19393.788149359443, 19308.569950890207, 19308.358788329537, 19308.358788329537, 19308.358788329537, 19308.358788329537, 19308.358788329537, 19308.358788329537, 19308.358788329537, 19308.358788329537, 19308.358788329537, 19308.358788329537, 19308.358788329537, 19308.358788329537, 19308.358788329537, 19308.358788329537, 19308.358788329537, 19308.358788329537, 19308.358788329537, 19308.358788329537, 19308.358788329537, 19308.358788329537, 19294.233461842123, 19294.233461842123, 19289.975322881914, 19201.300769395955, 19201.300769395955, 19201.300769395955, 19201.300769395955, 19201.300769395955, 19201.300769395955, 19157.9491492352, 19135.27425493328, 19135.27425493328, 19135.27425493328, 19135.27425493328, 19135.27425493328, 19135.27425493328, 19135.27425493328, 19135.27425493328, 19105.031859229686, 19105.031859229686, 19072.59515806591, 19072.59515806591, 19072.59515806591, 19072.59515806591, 19072.59515806591, 19072.59515806591, 19072.59515806591, 19072.59515806591, 19072.59515806591, 19072.59515806591, 19072.59515806591, 19072.59515806591, 19072.59515806591, 19072.59515806591, 19072.59515806591, 19068.442892732262, 19068.442892732262, 19068.442892732262, 19068.442892732262, 19068.442892732262, 19068.442892732262, 19068.442892732262, 19068.442892732262, 19068.442892732262, 19068.442892732262, 19068.442892732262, 19068.442892732262, 19058.456964759447, 19058.456964759447, 19058.456964759447, 19058.456964759447, 19058.456964759447, 19058.456964759447, 19058.456964759447, 19058.456964759447, 19058.456964759447, 19058.456964759447, 19058.456964759447, 19058.456964759447, 19058.456964759447, 19058.456964759447, 19058.456964759447, 19058.456964759447, 19058.456964759447, 19058.456964759447, 19058.456964759447, 19058.456964759447, 19058.456964759447, 19058.456964759447, 19058.456964759447, 19058.456964759447, 19058.456964759447, 19058.456964759447, 19058.456964759447, 19058.456964759447, 19058.456964759447, 19058.456964759447, 19058.456964759447, 19058.456964759447, 19058.456964759447, 19058.456964759447, 19058.456964759447, 19058.456964759447, 19058.456964759447, 19058.456964759447, 19058.456964759447, 19058.456964759447, 19058.456964759447, 19058.456964759447, 19058.456964759447, 19058.456964759447, 19058.456964759447, 19058.456964759447, 19058.456964759447, 19058.456964759447, 19044.262929864133, 19044.262929864133, 19044.262929864133, 19044.262929864133, 19044.262929864133, 19044.262929864133, 19044.262929864133, 19044.262929864133, 19044.262929864133, 19044.262929864133, 19044.262929864133, 19044.262929864133, 19044.262929864133, 19044.262929864133, 19044.262929864133, 19044.262929864133, 19044.262929864133, 19044.262929864133, 19044.262929864133, 19044.262929864133, 19044.262929864133, 19044.262929864133, 19044.262929864133, 19044.262929864133, 19044.262929864133, 19044.262929864133, 19044.262929864133, 19044.262929864133, 19044.262929864133, 19044.262929864133, 19044.262929864133, 19044.262929864133, 19044.262929864133, 19044.262929864133, 19044.262929864133, 19044.262929864133, 19044.262929864133, 19002.96578885849, 19002.96578885849, 19002.96578885849, 19002.96578885849, 19002.96578885849, 19002.96578885849, 19002.96578885849, 19002.96578885849, 19002.96578885849, 19002.96578885849, 19002.96578885849, 19002.96578885849, 19002.96578885849, 19002.96578885849, 19002.96578885849, 19002.96578885849, 19002.96578885849, 19002.96578885849, 19002.96578885849, 19002.96578885849, 19002.96578885849, 19002.96578885849, 19002.96578885849, 19002.96578885849, 19002.96578885849, 19002.96578885849, 19002.96578885849, 19002.96578885849, 19002.96578885849, 19002.96578885849, 19002.96578885849, 19002.96578885849, 19002.96578885849, 19002.96578885849, 19002.96578885849, 19002.96578885849, 19002.96578885849, 19002.96578885849, 19002.96578885849, 19002.96578885849, 19002.96578885849, 19002.96578885849, 19002.96578885849, 19002.96578885849, 19002.96578885849, 19002.96578885849, 19002.96578885849, 19002.96578885849, 19002.96578885849, 19002.96578885849, 19002.96578885849, 19002.96578885849, 19002.96578885849, 19002.96578885849, 19002.96578885849, 19002.96578885849, 19002.96578885849, 19002.96578885849, 19002.96578885849, 19002.96578885849, 19002.96578885849, 19002.96578885849, 19002.96578885849, 19002.96578885849, 19002.96578885849, 19002.96578885849, 19002.96578885849, 19002.96578885849, 19002.96578885849, 19002.96578885849, 18947.29153911848, 18947.29153911848, 18947.29153911848, 18947.29153911848, 18947.29153911848, 18947.29153911848, 18947.29153911848, 18947.29153911848, 18947.29153911848, 18947.29153911848, 18919.525183288613, 18919.525183288613, 18919.525183288613, 18919.525183288613, 18919.525183288613, 18919.525183288613, 18919.525183288613, 18910.73486955749, 18910.73486955749, 18910.73486955749, 18910.73486955749, 18910.73486955749, 18910.73486955749, 18910.73486955749, 18910.73486955749, 18910.73486955749, 18910.73486955749, 18910.73486955749, 18910.73486955749, 18910.73486955749, 18910.73486955749, 18906.595767824234, 18906.595767824234, 18906.595767824234, 18906.595767824234, 18906.595767824234, 18906.595767824234, 18906.595767824234, 18906.595767824234, 18906.595767824234, 18906.595767824234, 18906.595767824234, 18906.595767824234, 18906.595767824234, 18906.595767824234, 18906.595767824234, 18906.595767824234, 18906.595767824234, 18906.595767824234, 18906.595767824234, 18906.595767824234, 18906.595767824234, 18906.595767824234, 18904.034016628517, 18904.034016628517, 18904.034016628517, 18904.034016628517, 18904.034016628517, 18904.034016628517, 18904.034016628517, 18904.034016628517, 18904.034016628517, 18904.034016628517, 18904.034016628517, 18904.034016628517, 18904.034016628517, 18904.034016628517, 18904.034016628517, 18904.034016628517, 18904.034016628517, 18904.034016628517, 18904.034016628517, 18904.034016628517, 18904.034016628517, 18904.034016628517, 18904.034016628517, 18904.034016628517, 18904.034016628517, 18904.034016628517, 18904.034016628517, 18904.034016628517, 18904.034016628517, 18904.034016628517, 18904.034016628517, 18904.034016628517, 18904.034016628517, 18899.039263680894, 18899.039263680894, 18899.039263680894, 18899.039263680894, 18899.039263680894, 18899.039263680894, 18899.039263680894, 18899.039263680894, 18899.039263680894, 18899.039263680894, 18899.039263680894, 18899.039263680894, 18899.039263680894, 18897.79409206221, 18897.79409206221, 18897.79409206221, 18897.79409206221, 18897.79409206221, 18897.79409206221, 18897.79409206221, 18897.79409206221, 18881.9420159972, 18881.9420159972, 18881.9420159972, 18881.9420159972, 18881.9420159972, 18881.9420159972, 18881.9420159972, 18881.9420159972, 18881.9420159972, 18881.9420159972, 18881.9420159972, 18881.9420159972, 18881.9420159972, 18881.9420159972, 18881.9420159972, 18881.9420159972, 18881.9420159972, 18881.9420159972, 18881.9420159972, 18881.9420159972, 18881.9420159972, 18881.9420159972, 18881.9420159972, 18881.9420159972, 18881.9420159972, 18881.9420159972, 18881.9420159972, 18881.9420159972, 18881.9420159972, 18881.9420159972, 18881.9420159972, 18877.505054440615, 18877.505054440615, 18877.505054440615, 18877.505054440615, 18877.505054440615, 18877.012193646897, 18877.012193646897, 18877.012193646897, 18877.012193646897, 18877.012193646897, 18877.012193646897, 18877.012193646897, 18877.012193646897, 18877.012193646897, 18877.012193646897, 18877.012193646897, 18877.012193646897, 18877.012193646897, 18877.012193646897, 18877.012193646897, 18877.012193646897, 18877.012193646897, 18877.012193646897, 18877.012193646897, 18877.012193646897, 18877.012193646897, 18877.012193646897, 18877.012193646897, 18877.012193646897, 18877.012193646897, 18877.012193646897, 18877.012193646897, 18877.012193646897, 18877.012193646897, 18877.012193646897, 18877.012193646897, 18877.012193646897, 18877.012193646897, 18877.012193646897, 18877.012193646897, 18877.012193646897, 18877.012193646897, 18877.012193646897, 18877.012193646897, 18877.012193646897, 18863.900190505035, 18863.900190505035, 18863.900190505035, 18863.900190505035, 18863.900190505035, 18863.900190505035, 18863.900190505035, 18863.900190505035, 18863.900190505035, 18863.900190505035, 18863.900190505035, 18863.900190505035, 18863.900190505035, 18863.900190505035, 18863.900190505035, 18863.900190505035, 18863.900190505035, 18863.900190505035, 18863.900190505035, 18863.900190505035, 18863.900190505035, 18863.900190505035, 18863.900190505035, 18863.900190505035, 18863.900190505035, 18863.900190505035, 18863.900190505035, 18863.900190505035, 18863.900190505035, 18863.900190505035, 18863.900190505035, 18863.900190505035, 18863.900190505035, 18863.900190505035, 18863.900190505035, 18863.900190505035, 18863.900190505035, 18863.900190505035, 18863.900190505035, 18863.900190505035, 18863.900190505035, 18863.900190505035, 18863.900190505035, 18863.900190505035, 18863.900190505035, 18863.900190505035, 18863.900190505035, 18863.900190505035, 18863.900190505035, 18863.900190505035, 18863.900190505035, 18863.900190505035, 18863.900190505035, 18863.900190505035, 18863.900190505035, 18863.900190505035, 18863.900190505035, 18863.900190505035, 18863.900190505035, 18863.900190505035, 18863.900190505035, 18863.900190505035, 18847.81104799105, 18847.81104799105, 18846.757365483973, 18846.757365483973, 18846.757365483973, 18846.757365483973, 18846.757365483973, 18846.757365483973, 18846.757365483973, 18846.757365483973, 18846.757365483973, 18846.757365483973, 18846.757365483973, 18846.757365483973, 18846.757365483973, 18846.757365483973, 18846.757365483973, 18846.757365483973, 18846.757365483973, 18846.757365483973, 18846.757365483973, 18846.757365483973, 18846.757365483973, 18846.757365483973, 18846.757365483973, 18846.757365483973, 18846.757365483973, 18846.757365483973, 18846.757365483973, 18846.757365483973, 18846.757365483973, 18846.757365483973, 18846.757365483973, 18846.757365483973, 18846.757365483973, 18846.757365483973, 18846.757365483973, 18846.757365483973, 18846.757365483973, 18846.757365483973, 18846.757365483973, 18846.757365483973, 18846.757365483973, 18846.757365483973, 18822.830364108366, 18822.830364108366, 18815.361324789425, 18815.361324789425, 18815.361324789425, 18815.361324789425, 18815.361324789425, 18815.361324789425, 18815.361324789425, 18815.361324789425, 18815.361324789425, 18815.361324789425, 18815.361324789425, 18815.361324789425, 18815.361324789425, 18815.361324789425, 18815.361324789425, 18815.361324789425, 18815.361324789425, 18815.361324789425, 18815.361324789425, 18815.361324789425, 18815.361324789425, 18815.361324789425, 18815.361324789425, 18815.361324789425, 18815.361324789425, 18815.361324789425, 18815.361324789425, 18815.361324789425, 18815.361324789425, 18815.361324789425, 18815.361324789425, 18815.361324789425, 18815.361324789425, 18815.361324789425, 18815.361324789425, 18815.361324789425, 18815.361324789425, 18815.361324789425, 18815.361324789425, 18815.361324789425, 18815.361324789425, 18815.361324789425, 18815.361324789425, 18815.361324789425, 18775.828182942845, 18775.828182942845, 18775.828182942845, 18775.828182942845, 18775.828182942845, 18775.828182942845, 18775.828182942845, 18775.828182942845, 18775.828182942845, 18775.828182942845, 18775.828182942845, 18775.828182942845, 18775.828182942845, 18775.828182942845, 18775.828182942845, 18775.828182942845, 18775.828182942845, 18775.828182942845, 18775.828182942845, 18775.828182942845, 18775.828182942845, 18775.828182942845, 18775.828182942845, 18775.828182942845, 18775.828182942845, 18775.828182942845, 18775.828182942845, 18775.828182942845, 18775.828182942845, 18775.828182942845, 18775.828182942845, 18775.828182942845, 18775.828182942845, 18775.828182942845, 18775.828182942845, 18775.828182942845, 18775.828182942845, 18775.828182942845, 18775.828182942845, 18775.828182942845, 18775.828182942845, 18775.828182942845, 18775.828182942845, 18775.828182942845, 18775.828182942845, 18775.828182942845, 18775.828182942845, 18775.828182942845, 18775.828182942845, 18775.828182942845, 18775.828182942845, 18775.828182942845, 18775.828182942845, 18775.828182942845, 18775.828182942845, 18775.828182942845, 18775.828182942845, 18775.828182942845, 18775.828182942845, 18775.828182942845, 18775.828182942845, 18775.828182942845, 18775.828182942845, 18775.828182942845, 18775.828182942845, 18775.828182942845, 18775.828182942845, 18775.828182942845, 18775.828182942845, 18775.828182942845, 18775.828182942845, 18775.828182942845, 18775.828182942845, 18775.018159433283, 18775.018159433283, 18775.018159433283, 18775.018159433283, 18775.018159433283, 18775.018159433283, 18775.018159433283, 18775.018159433283, 18775.018159433283, 18775.018159433283, 18775.018159433283, 18775.018159433283, 18775.018159433283, 18775.018159433283, 18775.018159433283, 18775.018159433283, 18775.018159433283, 18775.018159433283, 18775.018159433283, 18775.018159433283, 18754.49829885736, 18754.49829885736, 18754.49829885736, 18754.49829885736, 18754.49829885736, 18754.49829885736, 18754.49829885736, 18754.49829885736, 18754.49829885736, 18754.49829885736, 18754.49829885736, 18754.49829885736, 18754.49829885736, 18754.49829885736, 18754.49829885736, 18754.49829885736, 18754.49829885736, 18754.49829885736, 18754.49829885736, 18754.49829885736, 18754.49829885736, 18754.49829885736, 18754.49829885736, 18754.49829885736, 18754.49829885736, 18754.49829885736, 18754.49829885736, 18754.49829885736, 18754.49829885736, 18754.49829885736, 18754.49829885736, 18754.49829885736, 18754.49829885736, 18754.49829885736, 18696.95433789703, 18696.95433789703, 18696.95433789703, 18696.95433789703, 18696.95433789703, 18696.95433789703, 18696.95433789703, 18696.95433789703, 18696.95433789703, 18696.95433789703, 18696.95433789703, 18696.95433789703, 18696.95433789703, 18696.95433789703, 18696.95433789703, 18696.95433789703, 18696.95433789703, 18696.95433789703, 18696.95433789703, 18696.95433789703, 18696.95433789703, 18696.95433789703, 18696.95433789703, 18696.95433789703, 18696.95433789703, 18696.95433789703, 18696.95433789703, 18696.95433789703, 18696.95433789703, 18696.95433789703, 18696.95433789703, 18696.95433789703, 18696.95433789703, 18672.64539459562, 18672.64539459562, 18672.64539459562, 18672.64539459562, 18672.64539459562, 18672.64539459562, 18672.64539459562, 18672.64539459562, 18672.64539459562, 18672.64539459562, 18672.64539459562, 18672.64539459562, 18672.64539459562, 18672.64539459562, 18672.64539459562, 18672.64539459562, 18672.64539459562, 18672.64539459562, 18672.64539459562, 18672.64539459562, 18672.64539459562, 18672.64539459562, 18672.64539459562, 18672.64539459562, 18672.64539459562, 18672.64539459562, 18672.64539459562, 18672.64539459562, 18672.64539459562, 18672.64539459562, 18672.64539459562, 18672.64539459562, 18672.64539459562, 18672.64539459562, 18672.64539459562, 18672.64539459562, 18672.64539459562, 18672.64539459562, 18672.64539459562, 18672.64539459562, 18672.64539459562, 18672.64539459562, 18672.64539459562, 18672.64539459562, 18672.64539459562, 18672.45415092826, 18672.45415092826, 18672.45415092826, 18672.45415092826, 18672.45415092826, 18672.45415092826, 18672.45415092826, 18672.45415092826, 18672.45415092826, 18672.45415092826, 18672.45415092826, 18672.45415092826, 18672.45415092826, 18672.45415092826, 18672.45415092826, 18672.45415092826, 18672.45415092826, 18672.45415092826, 18672.45415092826, 18672.45415092826, 18672.45415092826, 18672.45415092826, 18672.45415092826, 18672.45415092826, 18672.45415092826, 18672.45415092826, 18672.45415092826, 18672.45415092826, 18672.45415092826, 18672.45415092826, 18672.45415092826, 18672.45415092826, 18672.45415092826, 18672.45415092826, 18672.45415092826, 18672.45415092826, 18672.45415092826, 18672.45415092826, 18672.45415092826, 18672.45415092826, 18672.45415092826, 18672.45415092826, 18672.45415092826, 18672.45415092826, 18672.45415092826, 18672.45415092826, 18672.45415092826, 18672.45415092826, 18672.45415092826, 18672.45415092826, 18672.45415092826, 18672.45415092826, 18672.45415092826, 18672.45415092826, 18672.45415092826, 18672.45415092826, 18672.45415092826, 18672.45415092826, 18672.45415092826, 18672.45415092826, 18672.45415092826, 18672.45415092826, 18672.45415092826, 18672.45415092826, 18672.45415092826, 18672.45415092826, 18672.45415092826, 18672.45415092826, 18672.45415092826, 18672.45415092826, 18672.45415092826, 18672.45415092826, 18672.45415092826, 18672.45415092826, 18672.45415092826, 18672.45415092826, 18672.45415092826, 18672.45415092826, 18672.45415092826, 18672.45415092826, 18672.45415092826, 18672.45415092826, 18672.45415092826, 18667.33910266469, 18667.33910266469, 18667.33910266469, 18667.33910266469, 18667.33910266469, 18667.33910266469, 18667.33910266469, 18667.33910266469, 18667.33910266469, 18667.33910266469, 18667.33910266469, 18667.33910266469, 18667.33910266469, 18667.33910266469, 18667.33910266469, 18667.33910266469, 18667.33910266469, 18667.33910266469, 18667.33910266469, 18667.33910266469, 18667.33910266469, 18667.33910266469, 18667.33910266469, 18667.33910266469, 18667.33910266469, 18667.33910266469, 18667.33910266469, 18667.33910266469, 18667.33910266469, 18667.33910266469, 18667.33910266469, 18667.33910266469, 18667.33910266469, 18667.33910266469, 18667.33910266469, 18667.33910266469, 18667.33910266469, 18667.33910266469, 18667.33910266469, 18667.33910266469, 18667.33910266469, 18667.33910266469, 18667.33910266469, 18667.33910266469, 18667.33910266469, 18667.33910266469, 18667.33910266469, 18667.33910266469, 18667.33910266469, 18667.33910266469, 18667.33910266469, 18667.33910266469, 18667.33910266469, 18667.33910266469, 18667.33910266469, 18667.33910266469, 18667.33910266469, 18667.33910266469, 18667.33910266469, 18667.33910266469, 18667.33910266469, 18667.33910266469, 18667.33910266469, 18667.33910266469, 18667.33910266469, 18667.33910266469, 18667.33910266469, 18667.33910266469, 18667.33910266469, 18667.33910266469, 18667.33910266469, 18667.33910266469, 18667.33910266469, 18667.33910266469, 18667.33910266469, 18667.33910266469, 18667.33910266469, 18667.33910266469, 18667.33910266469, 18667.33910266469, 18667.33910266469, 18667.33910266469, 18667.33910266469, 18667.33910266469, 18667.33910266469, 18667.33910266469, 18667.33910266469, 18667.33910266469, 18667.33910266469, 18667.33910266469, 18667.33910266469, 18667.33910266469, 18667.33910266469, 18667.33910266469, 18667.33910266469, 18667.33910266469, 18667.33910266469, 18667.33910266469, 18667.33910266469, 18667.33910266469, 18667.33910266469, 18667.33910266469, 18667.33910266469, 18667.33910266469, 18667.33910266469, 18667.33910266469, 18667.33910266469, 18667.33910266469, 18667.33910266469, 18667.33910266469, 18667.33910266469, 18667.33910266469, 18667.33910266469, 18667.33910266469, 18667.33910266469, 18667.33910266469, 18667.33910266469, 18667.33910266469, 18667.33910266469, 18667.33910266469, 18667.33910266469, 18667.33910266469, 18667.33910266469, 18667.33910266469, 18667.33910266469, 18667.33910266469, 18667.33910266469, 18667.33910266469, 18667.33910266469, 18667.33910266469, 18667.33910266469, 18667.33910266469, 18667.33910266469, 18667.33910266469, 18667.33910266469, 18667.33910266469, 18667.33910266469, 18667.33910266469, 18667.33910266469, 18667.33910266469, 18667.33910266469, 18667.33910266469, 18667.33910266469, 18667.33910266469, 18667.33910266469, 18667.33910266469, 18667.33910266469, 18667.33910266469, 18667.33910266469, 18648.08743005849, 18648.08743005849, 18648.08743005849, 18648.08743005849, 18648.08743005849, 18648.08743005849, 18648.08743005849, 18648.08743005849, 18648.08743005849, 18648.08743005849, 18648.08743005849, 18648.08743005849, 18648.08743005849, 18643.423263667053, 18643.423263667053, 18643.423263667053, 18643.423263667053, 18643.423263667053, 18643.423263667053, 18643.423263667053, 18643.423263667053, 18643.423263667053, 18643.423263667053, 18643.423263667053, 18643.423263667053, 18643.423263667053, 18643.423263667053, 18643.423263667053, 18643.423263667053, 18643.423263667053, 18643.423263667053, 18643.423263667053, 18643.423263667053, 18643.423263667053, 18643.423263667053, 18643.423263667053, 18643.423263667053, 18643.423263667053, 18643.423263667053, 18643.423263667053, 18643.423263667053, 18643.423263667053, 18643.423263667053, 18643.423263667053, 18643.423263667053, 18643.423263667053, 18643.423263667053, 18643.423263667053, 18643.423263667053, 18643.423263667053, 18643.423263667053, 18643.423263667053, 18643.423263667053, 18643.423263667053, 18643.423263667053, 18643.423263667053, 18643.423263667053, 18643.423263667053, 18643.423263667053, 18643.423263667053, 18643.423263667053, 18643.423263667053, 18643.423263667053, 18643.423263667053, 18643.423263667053, 18643.423263667053, 18643.423263667053, 18643.423263667053, 18643.423263667053, 18643.423263667053, 18643.423263667053, 18643.423263667053, 18643.423263667053, 18643.423263667053, 18643.423263667053, 18643.423263667053, 18643.423263667053, 18643.423263667053, 18643.423263667053, 18643.423263667053, 18643.423263667053, 18643.423263667053, 18643.423263667053, 18643.423263667053, 18643.423263667053, 18643.423263667053, 18643.423263667053, 18643.423263667053, 18643.423263667053, 18643.423263667053, 18643.423263667053, 18643.423263667053, 18643.423263667053, 18643.423263667053, 18643.423263667053, 18643.423263667053, 18643.423263667053, 18643.423263667053, 18643.423263667053, 18643.423263667053, 18643.423263667053, 18643.423263667053, 18643.423263667053, 18643.423263667053, 18643.423263667053, 18643.423263667053, 18643.423263667053, 18643.423263667053, 18643.423263667053, 18643.423263667053, 18643.423263667053, 18643.423263667053, 18643.423263667053, 18643.423263667053, 18643.423263667053, 18643.423263667053, 18643.423263667053, 18643.423263667053, 18643.423263667053, 18643.423263667053, 18643.423263667053, 18643.423263667053, 18643.423263667053, 18643.423263667053, 18643.423263667053, 18643.423263667053, 18643.423263667053, 18643.423263667053, 18643.423263667053, 18643.423263667053, 18643.423263667053, 18643.423263667053, 18643.423263667053, 18643.423263667053, 18643.423263667053, 18643.423263667053, 18643.423263667053, 18643.423263667053, 18643.423263667053, 18643.423263667053, 18643.423263667053, 18643.423263667053, 18643.423263667053, 18643.423263667053, 18643.423263667053, 18643.423263667053, 18643.423263667053, 18643.423263667053, 18643.423263667053, 18643.423263667053, 18643.423263667053, 18643.423263667053, 18643.423263667053, 18643.423263667053, 18643.423263667053, 18643.423263667053, 18643.423263667053, 18643.423263667053, 18643.423263667053, 18643.423263667053, 18643.423263667053, 18643.423263667053, 18643.423263667053, 18643.423263667053, 18643.423263667053, 18643.423263667053, 18643.423263667053, 18643.423263667053, 18643.423263667053, 18643.423263667053, 18643.423263667053, 18643.423263667053, 18643.423263667053, 18643.423263667053, 18643.423263667053, 18643.423263667053, 18643.423263667053, 18643.423263667053, 18643.423263667053, 18643.423263667053, 18643.423263667053, 18643.423263667053, 18643.423263667053, 18643.423263667053, 18643.423263667053, 18643.423263667053, 18643.423263667053, 18643.423263667053, 18643.423263667053, 18643.423263667053, 18643.423263667053, 18643.423263667053, 18643.423263667053, 18643.423263667053, 18643.423263667053, 18643.423263667053, 18643.423263667053, 18643.423263667053, 18643.423263667053, 18643.423263667053, 18643.423263667053, 18643.423263667053, 18643.423263667053, 18643.423263667053, 18643.423263667053, 18643.423263667053, 18643.423263667053, 18643.423263667053, 18643.423263667053, 18643.423263667053, 18643.423263667053, 18630.172991319934, 18630.172991319934, 18630.172991319934, 18630.172991319934, 18630.172991319934, 18630.172991319934, 18630.172991319934, 18630.172991319934, 18630.172991319934, 18630.172991319934, 18630.172991319934, 18630.172991319934, 18630.172991319934, 18630.172991319934, 18630.172991319934, 18630.172991319934, 18630.172991319934, 18630.172991319934, 18630.172991319934, 18630.172991319934, 18630.172991319934, 18630.172991319934, 18630.172991319934, 18630.172991319934, 18630.172991319934, 18630.172991319934, 18630.172991319934, 18630.172991319934, 18630.172991319934, 18630.172991319934, 18630.172991319934, 18630.172991319934, 18630.172991319934, 18630.172991319934, 18630.172991319934, 18630.172991319934, 18630.172991319934, 18630.172991319934, 18630.172991319934, 18630.172991319934, 18630.172991319934, 18630.172991319934, 18630.172991319934, 18630.172991319934, 18630.172991319934, 18630.172991319934, 18630.172991319934, 18630.172991319934, 18630.172991319934, 18630.172991319934, 18630.172991319934, 18630.172991319934, 18630.172991319934, 18630.172991319934, 18630.172991319934, 18630.172991319934, 18630.172991319934, 18620.939294761753, 18620.939294761753, 18620.939294761753, 18620.939294761753, 18620.939294761753, 18620.939294761753, 18620.939294761753, 18620.939294761753, 18620.939294761753, 18620.939294761753, 18620.939294761753, 18620.939294761753, 18620.939294761753, 18620.939294761753, 18620.939294761753, 18620.939294761753, 18620.939294761753, 18620.939294761753, 18620.939294761753, 18620.939294761753, 18620.939294761753, 18620.939294761753, 18620.939294761753, 18620.939294761753, 18620.939294761753, 18620.939294761753, 18620.939294761753, 18620.939294761753, 18620.939294761753, 18620.939294761753, 18620.939294761753, 18620.939294761753, 18620.939294761753, 18620.939294761753, 18620.939294761753, 18620.939294761753, 18620.939294761753, 18620.939294761753, 18620.939294761753, 18620.939294761753, 18620.939294761753, 18620.939294761753, 18620.939294761753, 18620.939294761753, 18620.939294761753, 18620.939294761753, 18620.939294761753, 18620.939294761753, 18620.939294761753, 18620.939294761753, 18620.939294761753, 18620.939294761753, 18620.939294761753, 18620.939294761753, 18620.939294761753, 18620.939294761753, 18620.939294761753, 18620.939294761753, 18620.939294761753, 18620.939294761753, 18620.939294761753, 18620.939294761753, 18620.939294761753, 18620.939294761753, 18620.939294761753, 18620.939294761753, 18615.931464347734, 18615.931464347734, 18615.931464347734, 18615.931464347734, 18615.931464347734, 18615.931464347734, 18615.931464347734, 18615.931464347734, 18615.931464347734, 18615.931464347734, 18615.931464347734, 18615.931464347734, 18615.931464347734, 18615.931464347734, 18615.931464347734, 18615.931464347734, 18615.931464347734, 18615.931464347734, 18615.931464347734, 18615.931464347734, 18615.931464347734, 18615.931464347734, 18615.931464347734, 18615.931464347734, 18615.931464347734, 18615.931464347734, 18615.931464347734, 18615.931464347734, 18615.931464347734, 18615.931464347734, 18615.931464347734, 18615.931464347734, 18615.931464347734, 18615.931464347734, 18615.931464347734, 18615.931464347734, 18615.931464347734, 18615.931464347734, 18615.931464347734, 18615.931464347734, 18615.931464347734, 18615.931464347734, 18615.931464347734, 18615.931464347734, 18615.931464347734, 18615.931464347734, 18615.931464347734, 18615.931464347734, 18615.931464347734, 18615.931464347734, 18615.931464347734, 18615.931464347734, 18615.931464347734, 18615.931464347734, 18615.931464347734, 18615.931464347734, 18615.931464347734, 18615.931464347734, 18615.931464347734, 18615.931464347734, 18615.931464347734, 18615.931464347734, 18615.931464347734, 18615.931464347734, 18615.931464347734, 18615.931464347734, 18615.931464347734, 18615.931464347734, 18615.931464347734, 18615.931464347734, 18615.931464347734, 18615.931464347734, 18615.931464347734, 18615.931464347734, 18615.931464347734, 18615.931464347734, 18615.931464347734, 18615.931464347734, 18615.931464347734, 18615.931464347734, 18615.931464347734, 18615.931464347734, 18615.931464347734, 18615.931464347734, 18615.931464347734, 18615.931464347734, 18615.931464347734, 18615.931464347734, 18615.931464347734, 18615.931464347734, 18615.931464347734, 18615.931464347734, 18615.931464347734, 18615.931464347734, 18615.931464347734, 18615.931464347734, 18615.931464347734, 18615.931464347734, 18615.931464347734, 18615.931464347734, 18615.931464347734, 18615.931464347734, 18615.931464347734, 18615.931464347734, 18615.931464347734, 18615.931464347734, 18615.931464347734, 18615.931464347734, 18615.931464347734, 18615.931464347734, 18615.931464347734, 18615.931464347734, 18615.931464347734, 18615.931464347734, 18615.931464347734, 18615.931464347734, 18615.931464347734, 18615.931464347734, 18615.931464347734, 18615.931464347734, 18615.931464347734, 18615.931464347734, 18615.931464347734, 18615.931464347734, 18615.931464347734, 18615.931464347734, 18615.931464347734, 18615.931464347734, 18615.931464347734, 18615.931464347734, 18615.931464347734, 18615.931464347734, 18615.931464347734, 18615.931464347734, 18615.931464347734, 18615.931464347734, 18615.931464347734, 18615.931464347734, 18615.931464347734, 18615.931464347734, 18615.931464347734, 18615.931464347734, 18615.931464347734, 18615.931464347734, 18615.931464347734, 18615.931464347734, 18615.931464347734, 18615.931464347734, 18615.931464347734, 18615.931464347734, 18615.931464347734, 18615.931464347734, 18615.931464347734, 18615.931464347734, 18615.931464347734, 18615.931464347734, 18615.931464347734, 18615.931464347734, 18615.931464347734, 18615.931464347734, 18615.931464347734, 18615.931464347734, 18615.931464347734, 18615.931464347734, 18615.931464347734, 18615.931464347734, 18615.931464347734, 18615.931464347734, 18615.931464347734, 18615.931464347734, 18615.931464347734, 18615.931464347734, 18615.931464347734, 18615.931464347734, 18615.931464347734, 18615.931464347734, 18615.931464347734, 18615.931464347734, 18615.931464347734, 18615.931464347734, 18615.931464347734, 18615.931464347734, 18615.931464347734, 18615.931464347734, 18615.931464347734, 18615.931464347734, 18615.931464347734, 18615.931464347734, 18615.931464347734, 18615.931464347734, 18615.931464347734, 18615.931464347734, 18615.931464347734, 18615.931464347734, 18615.931464347734, 18615.931464347734, 18615.931464347734, 18615.931464347734, 18615.931464347734, 18615.931464347734, 18615.931464347734, 18615.931464347734, 18615.931464347734, 18615.931464347734, 18615.931464347734, 18615.931464347734, 18615.931464347734, 18615.931464347734, 18615.931464347734, 18615.931464347734, 18615.931464347734, 18615.931464347734, 18615.931464347734, 18615.931464347734, 18615.931464347734, 18615.931464347734, 18615.931464347734, 18615.931464347734, 18615.931464347734, 18615.931464347734, 18615.931464347734, 18615.931464347734, 18615.931464347734, 18615.931464347734, 18615.931464347734, 18615.931464347734, 18615.931464347734, 18615.931464347734, 18615.931464347734, 18615.931464347734, 18615.931464347734, 18615.931464347734, 18615.931464347734, 18615.931464347734, 18615.931464347734, 18615.931464347734, 18615.931464347734, 18615.931464347734, 18615.931464347734, 18615.931464347734, 18615.931464347734, 18615.931464347734, 18615.931464347734, 18615.931464347734, 18615.931464347734, 18615.931464347734, 18615.931464347734, 18615.931464347734, 18615.931464347734, 18615.931464347734, 18615.931464347734, 18615.931464347734, 18615.931464347734, 18615.931464347734, 18615.931464347734, 18615.931464347734, 18615.931464347734, 18615.931464347734, 18615.931464347734, 18615.931464347734, 18615.931464347734, 18615.931464347734, 18615.931464347734, 18615.931464347734, 18615.931464347734, 18615.931464347734, 18615.931464347734, 18615.931464347734, 18615.931464347734, 18615.931464347734, 18615.931464347734, 18615.931464347734, 18615.931464347734, 18615.931464347734, 18615.931464347734, 18615.931464347734, 18594.634954678724, 18594.634954678724, 18594.634954678724, 18594.634954678724, 18594.634954678724, 18594.634954678724, 18594.634954678724, 18594.634954678724, 18594.634954678724, 18594.634954678724, 18594.634954678724, 18594.634954678724, 18594.634954678724, 18594.634954678724, 18594.634954678724, 18594.634954678724, 18594.634954678724, 18594.634954678724, 18594.634954678724, 18594.634954678724, 18594.634954678724, 18594.634954678724, 18594.634954678724, 18594.634954678724, 18594.634954678724, 18594.634954678724, 18594.634954678724, 18594.634954678724, 18594.634954678724, 18594.634954678724, 18594.634954678724, 18594.634954678724, 18594.634954678724, 18594.634954678724, 18594.634954678724, 18594.634954678724, 18594.634954678724, 18594.634954678724, 18594.634954678724, 18594.634954678724, 18594.634954678724, 18594.634954678724, 18594.634954678724, 18594.634954678724, 18594.634954678724, 18594.634954678724, 18594.634954678724, 18594.634954678724, 18594.634954678724, 18594.634954678724, 18594.634954678724, 18594.634954678724, 18594.634954678724, 18594.634954678724, 18594.634954678724, 18594.634954678724, 18594.634954678724, 18594.634954678724, 18594.634954678724, 18594.634954678724, 18594.634954678724, 18594.634954678724, 18594.634954678724, 18594.634954678724, 18594.634954678724, 18594.634954678724, 18594.634954678724, 18594.634954678724, 18594.634954678724, 18594.634954678724, 18594.634954678724, 18594.634954678724, 18594.634954678724, 18594.634954678724, 18594.634954678724, 18594.634954678724, 18594.634954678724, 18594.634954678724, 18594.634954678724, 18594.634954678724, 18594.634954678724, 18594.634954678724, 18594.634954678724, 18594.634954678724, 18594.634954678724, 18594.634954678724, 18594.634954678724, 18594.634954678724, 18594.634954678724, 18594.634954678724, 18594.634954678724, 18594.634954678724, 18594.634954678724, 18594.634954678724, 18594.634954678724, 18594.634954678724, 18594.634954678724, 18594.634954678724, 18594.634954678724, 18594.634954678724, 18594.634954678724, 18594.634954678724, 18594.634954678724, 18594.634954678724, 18594.634954678724, 18594.634954678724, 18594.634954678724, 18594.634954678724, 18594.634954678724, 18594.634954678724, 18594.634954678724, 18594.634954678724, 18594.634954678724, 18594.634954678724, 18594.634954678724, 18594.634954678724, 18594.634954678724, 18594.634954678724, 18594.634954678724, 18594.634954678724, 18594.634954678724, 18594.634954678724, 18594.634954678724, 18594.634954678724, 18594.634954678724, 18594.634954678724, 18594.634954678724, 18594.634954678724, 18594.634954678724, 18594.634954678724, 18594.634954678724, 18594.634954678724, 18594.634954678724, 18594.634954678724, 18594.634954678724, 18594.634954678724, 18594.634954678724, 18594.634954678724, 18594.634954678724, 18594.634954678724, 18594.634954678724, 18594.634954678724, 18594.634954678724, 18594.634954678724, 18594.634954678724, 18594.634954678724, 18594.634954678724, 18594.634954678724, 18594.634954678724, 18594.634954678724, 18594.634954678724, 18594.634954678724, 18594.634954678724, 18594.634954678724, 18594.634954678724, 18594.634954678724, 18594.634954678724, 18594.634954678724, 18594.634954678724, 18594.634954678724, 18594.634954678724, 18594.634954678724, 18594.634954678724, 18594.634954678724, 18594.634954678724, 18594.634954678724, 18594.634954678724, 18594.634954678724, 18594.634954678724, 18594.634954678724, 18594.634954678724, 18594.634954678724, 18594.634954678724, 18594.634954678724, 18594.634954678724, 18594.634954678724, 18594.634954678724, 18594.634954678724, 18594.634954678724, 18594.634954678724, 18594.634954678724, 18594.634954678724, 18594.634954678724, 18594.634954678724, 18594.634954678724, 18594.634954678724, 18594.634954678724, 18594.634954678724, 18594.634954678724, 18594.634954678724, 18594.634954678724, 18594.634954678724, 18594.634954678724, 18594.634954678724, 18594.634954678724, 18594.634954678724, 18594.634954678724, 18594.634954678724, 18594.634954678724, 18594.634954678724, 18594.634954678724, 18594.634954678724, 18594.634954678724, 18594.634954678724, 18594.634954678724, 18594.634954678724, 18594.634954678724, 18594.634954678724, 18594.634954678724, 18594.634954678724, 18594.634954678724, 18594.634954678724, 18594.634954678724, 18594.634954678724, 18594.634954678724, 18594.634954678724, 18594.634954678724, 18594.634954678724, 18594.634954678724, 18594.634954678724, 18594.634954678724, 18594.634954678724, 18594.634954678724, 18594.634954678724, 18594.634954678724, 18594.634954678724, 18594.634954678724, 18594.634954678724, 18594.634954678724, 18594.634954678724, 18594.634954678724, 18594.634954678724, 18594.634954678724, 18594.634954678724, 18594.634954678724, 18594.634954678724, 18594.634954678724, 18594.634954678724, 18594.634954678724, 18594.634954678724, 18594.634954678724, 18594.634954678724, 18594.634954678724, 18594.634954678724, 18594.634954678724, 18594.634954678724, 18594.634954678724, 18594.634954678724, 18594.634954678724, 18594.634954678724, 18594.634954678724, 18594.634954678724, 18594.634954678724, 18594.634954678724, 18594.634954678724, 18594.634954678724, 18594.634954678724, 18594.634954678724, 18594.634954678724, 18594.634954678724, 18594.634954678724, 18594.634954678724, 18579.57759683685, 18579.57759683685, 18579.57759683685, 18579.57759683685, 18579.57759683685, 18579.57759683685, 18579.57759683685, 18579.57759683685, 18579.57759683685, 18579.57759683685, 18579.57759683685, 18579.57759683685, 18579.57759683685, 18579.57759683685, 18579.57759683685, 18579.57759683685, 18579.57759683685, 18579.57759683685, 18579.57759683685, 18579.57759683685, 18579.57759683685, 18579.57759683685, 18579.57759683685, 18579.57759683685, 18579.57759683685, 18579.57759683685, 18579.57759683685, 18579.57759683685, 18579.57759683685, 18579.57759683685, 18579.57759683685, 18579.57759683685, 18579.57759683685, 18579.57759683685, 18579.57759683685, 18579.57759683685, 18579.57759683685, 18579.57759683685, 18579.57759683685, 18579.57759683685, 18579.57759683685, 18579.57759683685, 18579.57759683685, 18579.57759683685, 18579.57759683685, 18579.57759683685, 18579.57759683685, 18579.57759683685, 18579.57759683685, 18579.57759683685, 18579.57759683685, 18579.57759683685, 18579.57759683685, 18579.57759683685, 18579.57759683685, 18579.57759683685, 18579.57759683685, 18579.57759683685, 18579.57759683685, 18579.57759683685, 18579.57759683685, 18579.57759683685, 18579.57759683685, 18579.57759683685, 18579.57759683685, 18579.57759683685, 18579.57759683685, 18579.57759683685, 18579.57759683685, 18579.57759683685, 18579.57759683685, 18579.57759683685, 18579.57759683685, 18579.57759683685, 18577.530766315365, 18577.530766315365, 18577.530766315365, 18577.530766315365, 18577.530766315365, 18577.530766315365, 18577.530766315365, 18577.530766315365, 18577.530766315365, 18577.530766315365, 18577.530766315365, 18577.530766315365, 18577.530766315365, 18577.530766315365, 18577.530766315365, 18577.530766315365, 18577.530766315365, 18577.530766315365, 18577.530766315365, 18577.530766315365, 18577.530766315365, 18577.530766315365, 18577.530766315365, 18577.530766315365, 18577.530766315365, 18577.530766315365, 18577.530766315365, 18577.530766315365, 18577.530766315365, 18577.530766315365, 18577.530766315365, 18577.530766315365, 18577.530766315365, 18577.530766315365, 18577.530766315365, 18577.530766315365, 18577.530766315365, 18577.530766315365, 18577.530766315365, 18577.530766315365, 18577.530766315365, 18577.530766315365, 18577.530766315365, 18577.530766315365, 18577.530766315365, 18577.530766315365, 18577.530766315365, 18577.530766315365, 18577.530766315365, 18577.530766315365, 18577.530766315365, 18577.530766315365, 18577.530766315365, 18577.530766315365, 18577.530766315365, 18577.530766315365, 18577.530766315365, 18577.530766315365, 18577.530766315365, 18577.530766315365, 18577.530766315365, 18577.530766315365, 18577.530766315365, 18577.530766315365, 18577.530766315365, 18577.530766315365, 18577.530766315365, 18577.530766315365, 18577.530766315365, 18577.530766315365, 18577.530766315365, 18577.530766315365, 18577.530766315365, 18577.530766315365, 18577.530766315365, 18577.530766315365, 18577.530766315365, 18577.530766315365, 18577.530766315365, 18577.530766315365, 18577.530766315365, 18577.530766315365, 18577.530766315365, 18577.530766315365, 18577.530766315365, 18577.530766315365, 18577.530766315365, 18577.530766315365, 18577.530766315365, 18577.530766315365, 18577.530766315365, 18577.530766315365, 18577.530766315365, 18577.530766315365, 18577.530766315365, 18577.530766315365, 18577.530766315365, 18577.530766315365, 18577.530766315365, 18577.530766315365, 18577.530766315365, 18577.530766315365, 18577.530766315365, 18577.530766315365, 18577.530766315365, 18577.530766315365, 18577.530766315365, 18577.530766315365, 18577.530766315365, 18577.530766315365, 18577.530766315365, 18577.530766315365, 18577.530766315365, 18577.530766315365, 18577.530766315365, 18577.530766315365, 18577.530766315365, 18577.530766315365, 18577.530766315365, 18577.530766315365, 18577.530766315365, 18577.530766315365, 18577.530766315365, 18577.530766315365, 18577.530766315365, 18577.530766315365, 18577.530766315365, 18577.530766315365, 18577.530766315365, 18577.530766315365, 18577.530766315365, 18577.530766315365, 18577.530766315365, 18577.530766315365, 18577.530766315365, 18577.530766315365, 18577.530766315365, 18577.530766315365, 18577.530766315365, 18577.530766315365, 18577.530766315365, 18577.530766315365, 18577.530766315365, 18577.530766315365, 18577.530766315365, 18577.530766315365, 18577.530766315365, 18577.530766315365, 18577.530766315365, 18577.530766315365, 18577.530766315365, 18577.530766315365, 18577.530766315365, 18577.530766315365, 18577.530766315365, 18577.530766315365, 18577.530766315365, 18577.530766315365, 18577.530766315365, 18577.530766315365, 18577.530766315365, 18577.530766315365, 18577.530766315365, 18577.530766315365, 18577.530766315365, 18577.530766315365, 18577.530766315365, 18577.530766315365, 18577.530766315365, 18577.530766315365, 18577.530766315365, 18577.530766315365, 18577.530766315365, 18577.530766315365, 18577.530766315365, 18577.530766315365, 18577.530766315365, 18577.530766315365, 18577.530766315365, 18577.530766315365, 18577.530766315365, 18577.530766315365, 18577.530766315365, 18577.530766315365, 18577.530766315365, 18577.530766315365, 18577.530766315365, 18577.530766315365, 18577.530766315365, 18577.530766315365, 18577.530766315365, 18577.530766315365, 18577.530766315365, 18577.530766315365, 18577.530766315365, 18577.530766315365, 18577.530766315365, 18577.530766315365, 18577.530766315365, 18577.530766315365, 18577.530766315365, 18577.530766315365, 18577.530766315365, 18577.530766315365, 18577.530766315365, 18577.530766315365, 18577.530766315365, 18577.530766315365, 18577.530766315365, 18577.530766315365, 18577.530766315365, 18577.530766315365, 18577.530766315365, 18577.530766315365, 18577.530766315365, 18577.530766315365, 18577.530766315365, 18577.530766315365, 18577.530766315365, 18577.530766315365, 18577.530766315365, 18577.530766315365, 18577.530766315365, 18577.530766315365, 18577.530766315365, 18577.530766315365, 18577.530766315365, 18577.530766315365, 18577.530766315365, 18577.530766315365, 18577.530766315365, 18577.530766315365, 18577.530766315365, 18577.530766315365, 18577.530766315365, 18577.530766315365, 18577.530766315365, 18577.530766315365, 18577.530766315365, 18577.530766315365, 18577.530766315365, 18577.530766315365, 18577.530766315365, 18577.530766315365, 18577.530766315365, 18577.530766315365, 18577.530766315365, 18577.530766315365, 18577.530766315365, 18577.530766315365, 18577.530766315365, 18577.530766315365, 18577.530766315365, 18577.530766315365, 18577.530766315365, 18577.530766315365, 18577.530766315365, 18577.530766315365, 18577.530766315365, 18577.530766315365, 18577.530766315365, 18577.530766315365, 18577.530766315365, 18577.530766315365, 18577.530766315365, 18577.530766315365, 18577.530766315365, 18577.530766315365, 18577.530766315365, 18577.530766315365, 18577.530766315365, 18577.530766315365, 18577.530766315365, 18577.530766315365, 18577.530766315365, 18577.530766315365, 18577.530766315365, 18577.530766315365, 18577.530766315365, 18577.530766315365, 18577.530766315365, 18577.530766315365, 18577.530766315365, 18577.530766315365, 18577.530766315365, 18577.530766315365, 18577.530766315365, 18577.530766315365, 18577.530766315365, 18577.530766315365, 18577.530766315365, 18577.530766315365, 18577.530766315365, 18577.530766315365, 18577.530766315365, 18577.530766315365, 18577.530766315365, 18577.530766315365, 18577.530766315365, 18577.530766315365, 18577.530766315365, 18577.530766315365, 18577.530766315365, 18577.530766315365, 18577.530766315365, 18577.530766315365, 18577.530766315365, 18577.530766315365, 18577.530766315365, 18577.530766315365, 18577.530766315365, 18577.530766315365, 18577.530766315365, 18577.530766315365, 18577.530766315365, 18577.530766315365, 18577.530766315365, 18577.530766315365, 18577.530766315365, 18577.530766315365, 18577.530766315365, 18577.530766315365, 18577.530766315365, 18577.530766315365, 18577.530766315365, 18577.530766315365, 18577.530766315365, 18577.530766315365, 18577.530766315365, 18577.530766315365, 18577.530766315365, 18577.530766315365, 18577.530766315365, 18577.530766315365, 18577.530766315365, 18577.530766315365, 18577.530766315365, 18577.530766315365, 18577.530766315365, 18577.530766315365, 18577.530766315365, 18577.530766315365, 18577.530766315365, 18577.530766315365, 18577.530766315365, 18577.530766315365, 18577.530766315365, 18577.530766315365, 18577.530766315365, 18577.530766315365, 18577.530766315365, 18577.530766315365, 18577.530766315365, 18577.530766315365, 18577.530766315365, 18577.530766315365, 18577.530766315365, 18577.530766315365, 18577.530766315365, 18577.530766315365, 18577.530766315365, 18577.530766315365, 18577.530766315365, 18577.530766315365, 18577.530766315365, 18577.530766315365, 18577.530766315365, 18577.530766315365, 18577.530766315365, 18577.530766315365, 18577.530766315365, 18577.530766315365, 18577.530766315365, 18577.530766315365, 18577.530766315365, 18577.530766315365, 18577.530766315365, 18577.530766315365, 18577.530766315365, 18577.530766315365, 18577.530766315365, 18577.530766315365, 18577.530766315365, 18577.530766315365, 18577.530766315365, 18577.530766315365, 18577.530766315365, 18577.530766315365, 18577.530766315365, 18577.530766315365, 18577.530766315365, 18577.530766315365, 18577.530766315365, 18577.530766315365, 18577.530766315365, 18577.530766315365, 18577.530766315365, 18577.530766315365, 18577.530766315365, 18577.530766315365, 18577.530766315365, 18577.530766315365, 18577.530766315365, 18577.530766315365, 18577.530766315365, 18577.530766315365, 18577.530766315365, 18577.530766315365, 18577.530766315365, 18577.530766315365, 18577.530766315365, 18577.530766315365, 18577.530766315365, 18577.530766315365, 18577.530766315365, 18577.530766315365, 18577.530766315365, 18577.057763067736, 18577.057763067736, 18577.057763067736, 18577.057763067736, 18577.057763067736, 18577.057763067736, 18577.057763067736, 18577.057763067736, 18577.057763067736, 18577.057763067736, 18577.057763067736, 18577.057763067736, 18577.057763067736, 18577.057763067736, 18577.057763067736, 18577.057763067736, 18577.057763067736, 18577.057763067736, 18577.057763067736, 18577.057763067736, 18577.057763067736, 18577.057763067736, 18577.057763067736, 18577.057763067736, 18577.057763067736, 18577.057763067736, 18577.057763067736, 18577.057763067736, 18577.057763067736, 18577.057763067736, 18577.057763067736, 18577.057763067736, 18577.057763067736, 18577.057763067736, 18577.057763067736, 18577.057763067736, 18577.057763067736, 18577.057763067736, 18577.057763067736, 18577.057763067736, 18577.057763067736, 18577.057763067736, 18577.057763067736, 18577.057763067736, 18577.057763067736, 18577.057763067736, 18577.057763067736, 18577.057763067736, 18577.057763067736, 18577.057763067736, 18577.057763067736, 18577.057763067736, 18577.057763067736, 18577.057763067736, 18577.057763067736, 18577.057763067736, 18577.057763067736, 18577.057763067736, 18577.057763067736, 18577.057763067736, 18577.057763067736, 18577.057763067736, 18577.057763067736, 18577.057763067736, 18577.057763067736, 18577.057763067736, 18577.057763067736, 18577.057763067736, 18577.057763067736, 18577.057763067736, 18577.057763067736, 18577.057763067736, 18577.057763067736, 18577.057763067736, 18577.057763067736, 18577.057763067736, 18577.057763067736, 18577.057763067736, 18577.057763067736, 18577.057763067736, 18570.549842480792, 18570.549842480792, 18570.549842480792, 18570.549842480792, 18570.549842480792, 18570.549842480792, 18570.549842480792, 18570.549842480792, 18570.549842480792, 18570.549842480792, 18570.549842480792, 18570.549842480792, 18570.549842480792, 18570.549842480792, 18570.549842480792, 18570.549842480792, 18570.549842480792, 18570.549842480792, 18570.549842480792, 18570.549842480792, 18570.549842480792, 18570.549842480792, 18570.549842480792, 18570.549842480792, 18570.549842480792, 18570.549842480792, 18570.549842480792, 18570.549842480792, 18570.549842480792, 18570.549842480792, 18570.549842480792, 18570.549842480792, 18570.549842480792, 18570.549842480792, 18570.549842480792, 18570.549842480792, 18570.549842480792, 18570.549842480792, 18570.549842480792, 18570.549842480792, 18570.549842480792, 18570.549842480792, 18570.549842480792, 18570.549842480792, 18570.549842480792, 18570.549842480792, 18570.549842480792, 18570.549842480792, 18570.549842480792, 18570.549842480792, 18570.549842480792, 18570.549842480792, 18570.549842480792, 18570.549842480792, 18570.549842480792, 18570.549842480792, 18570.549842480792, 18570.549842480792, 18570.549842480792, 18570.549842480792, 18570.549842480792, 18570.549842480792, 18570.549842480792, 18570.549842480792, 18570.549842480792, 18570.549842480792, 18570.549842480792, 18570.549842480792, 18570.549842480792, 18570.549842480792, 18570.549842480792, 18570.549842480792, 18570.549842480792, 18570.549842480792, 18570.549842480792, 18570.549842480792, 18570.549842480792, 18570.549842480792, 18570.549842480792, 18570.549842480792, 18570.549842480792, 18570.549842480792, 18570.549842480792, 18570.549842480792, 18570.549842480792, 18570.549842480792, 18570.549842480792, 18570.549842480792, 18570.549842480792, 18570.549842480792, 18570.549842480792, 18570.549842480792, 18570.549842480792, 18570.549842480792, 18570.549842480792, 18570.549842480792, 18570.549842480792, 18570.549842480792, 18570.549842480792, 18570.549842480792, 18570.549842480792, 18570.549842480792, 18570.549842480792, 18570.549842480792, 18570.549842480792, 18570.549842480792, 18570.549842480792, 18570.549842480792, 18570.549842480792, 18570.549842480792, 18570.549842480792, 18570.549842480792, 18570.549842480792, 18570.549842480792, 18570.549842480792, 18570.549842480792, 18570.549842480792, 18570.549842480792, 18570.549842480792, 18570.549842480792, 18570.549842480792, 18570.549842480792, 18570.549842480792, 18570.549842480792, 18570.549842480792, 18570.549842480792, 18570.549842480792, 18570.549842480792, 18570.549842480792, 18570.549842480792, 18570.549842480792, 18570.549842480792, 18570.549842480792, 18570.549842480792, 18570.549842480792, 18570.549842480792, 18570.549842480792, 18570.549842480792, 18570.549842480792, 18570.549842480792, 18570.549842480792, 18570.549842480792, 18570.549842480792, 18570.549842480792, 18570.549842480792, 18570.549842480792, 18570.549842480792, 18570.549842480792, 18570.549842480792, 18570.549842480792, 18570.549842480792, 18570.549842480792, 18570.549842480792, 18570.549842480792, 18570.549842480792, 18570.549842480792, 18570.549842480792, 18570.549842480792, 18570.549842480792, 18570.549842480792, 18570.549842480792, 18570.549842480792, 18570.549842480792, 18570.549842480792, 18570.549842480792, 18570.549842480792, 18570.549842480792, 18570.549842480792, 18570.549842480792, 18570.549842480792, 18570.549842480792, 18570.549842480792, 18570.549842480792, 18570.549842480792, 18570.549842480792, 18570.549842480792, 18570.549842480792, 18570.549842480792, 18570.549842480792, 18570.549842480792, 18570.549842480792, 18570.549842480792, 18570.549842480792, 18570.549842480792, 18570.549842480792, 18570.549842480792, 18570.549842480792, 18570.549842480792, 18570.549842480792, 18570.549842480792, 18570.549842480792, 18570.549842480792, 18570.549842480792, 18570.549842480792, 18570.549842480792, 18570.549842480792, 18570.549842480792, 18570.549842480792, 18570.549842480792, 18570.549842480792, 18570.549842480792, 18570.549842480792, 18570.549842480792, 18570.549842480792, 18570.549842480792, 18570.549842480792, 18570.549842480792, 18570.549842480792, 18570.549842480792, 18570.549842480792, 18570.549842480792, 18570.549842480792, 18570.549842480792, 18570.549842480792, 18570.549842480792, 18570.549842480792, 18570.549842480792, 18570.549842480792, 18570.549842480792, 18570.549842480792, 18570.549842480792, 18570.549842480792, 18570.549842480792, 18570.549842480792, 18570.549842480792, 18570.549842480792, 18570.549842480792, 18570.549842480792, 18570.549842480792, 18570.549842480792, 18570.549842480792, 18570.549842480792, 18570.549842480792, 18570.549842480792, 18570.549842480792, 18570.549842480792, 18570.549842480792, 18570.549842480792, 18570.549842480792, 18570.549842480792]
Computational time : 1644.78900003