Name : Ahmed ElMousel
Problem : X-n115-k10 
Whale Algorithm 
cost : 13844.7398188
Routes : 
1->14->37->66->24->3->92->1
1->53->54->79->10->89->83->22->112->1
1->1
1->1
1->58->93->108->96->60->43->11->1
1->27->73->103->104->62->39->78->59->114->13->46->97->23->52->26->42->105->1
1->71->57->32->12->82->34->98->81->56->77->72->99->35->86->113->111->1
1->51->30->29->95->21->102->5->36->100->50->110->19->1
1->65->64->75->91->2->8->25->70->1
1->17->49->61->87->74->88->80->48->94->4->107->67->18->33->16->1
1->20->7->109->6->90->1
1->101->63->55->115->31->45->28->106->85->76->84->9->15->69->44->41->68->40->38->47->1
best solutions : 
[15891.490593309674, 15695.25981759337, 15648.65245708195, 15290.825798823877, 15227.332660884127, 15072.571419555126, 15072.571419555126, 15008.988295011557, 14995.681483235709, 14976.001851756777, 14976.001851756777, 14951.850479554632, 14946.724007965458, 14946.724007965458, 14946.724007965458, 14946.724007965458, 14946.724007965458, 14762.682912595952, 14762.682912595952, 14762.682912595952, 14762.682912595952, 14762.682912595952, 14762.682912595952, 14720.144618366474, 14714.321136808256, 14670.10150380131, 14670.10150380131, 14582.454532318403, 14582.454532318403, 14576.75048475301, 14576.75048475301, 14576.75048475301, 14381.431346170863, 14381.431346170863, 14381.431346170863, 14240.39224290544, 14240.39224290544, 14240.39224290544, 14240.39224290544, 14222.432663707325, 14222.432663707325, 14206.444506873428, 14206.444506873428, 14206.444506873428, 14206.444506873428, 14206.444506873428, 14084.318623607398, 14084.318623607398, 14084.318623607398, 14084.318623607398, 14084.318623607398, 14084.318623607398, 14084.318623607398, 14084.318623607398, 14080.179773905693, 14080.179773905693, 14080.179773905693, 14080.179773905693, 14080.179773905693, 14074.81718719958, 14073.331941228422, 14073.331941228422, 14073.331941228422, 14073.331941228422, 14073.331941228422, 14073.331941228422, 14073.331941228422, 14064.887707581938, 14064.887707581938, 14064.887707581938, 14064.887707581938, 14041.44217890373, 14041.44217890373, 14041.44217890373, 14041.44217890373, 14041.44217890373, 14041.44217890373, 14041.44217890373, 14041.44217890373, 14041.44217890373, 14041.44217890373, 14041.44217890373, 14041.44217890373, 14041.44217890373, 14041.44217890373, 14041.44217890373, 14041.44217890373, 14041.44217890373, 14041.44217890373, 14041.44217890373, 14028.242304164265, 14028.242304164265, 14028.242304164265, 14028.242304164265, 14028.242304164265, 14028.242304164265, 14028.242304164265, 14028.242304164265, 14028.242304164265, 14028.242304164265, 14028.242304164265, 14028.242304164265, 14028.242304164265, 14006.84177718038, 14006.84177718038, 14006.84177718038, 13996.49577132637, 13996.49577132637, 13996.49577132637, 13996.49577132637, 13996.49577132637, 13996.49577132637, 13996.49577132637, 13996.49577132637, 13996.49577132637, 13996.49577132637, 13996.49577132637, 13996.49577132637, 13996.49577132637, 13996.49577132637, 13996.49577132637, 13996.49577132637, 13991.315669263253, 13991.315669263253, 13991.315669263253, 13991.315669263253, 13991.315669263253, 13991.315669263253, 13991.315669263253, 13937.62940835519, 13914.174872063042, 13914.174872063042, 13914.174872063042, 13914.174872063042, 13914.174872063042, 13914.174872063042, 13914.174872063042, 13914.174872063042, 13914.174872063042, 13914.174872063042, 13914.174872063042, 13914.174872063042, 13914.174872063042, 13914.174872063042, 13914.174872063042, 13898.368888846617, 13898.368888846617, 13898.368888846617, 13898.368888846617, 13898.368888846617, 13898.368888846617, 13898.368888846617, 13879.512740269602, 13879.512740269602, 13879.512740269602, 13879.512740269602, 13879.512740269602, 13879.512740269602, 13879.512740269602, 13879.512740269602, 13879.512740269602, 13879.512740269602, 13879.512740269602, 13879.512740269602, 13879.512740269602, 13879.512740269602, 13879.512740269602, 13879.512740269602, 13879.512740269602, 13879.512740269602, 13879.512740269602, 13879.512740269602, 13879.512740269602, 13879.512740269602, 13879.512740269602, 13879.512740269602, 13879.512740269602, 13879.512740269602, 13879.512740269602, 13879.512740269602, 13879.512740269602, 13879.512740269602, 13879.512740269602, 13879.512740269602, 13879.512740269602, 13879.512740269602, 13879.512740269602, 13879.512740269602, 13879.512740269602, 13879.512740269602, 13879.512740269602, 13879.512740269602, 13879.512740269602, 13879.512740269602, 13879.512740269602, 13879.512740269602, 13879.512740269602, 13879.512740269602, 13879.512740269602, 13879.512740269602, 13879.512740269602, 13879.512740269602, 13879.512740269602, 13879.512740269602, 13879.512740269602, 13879.512740269602, 13879.512740269602, 13879.512740269602, 13879.512740269602, 13879.512740269602, 13879.512740269602, 13879.512740269602, 13879.5127402696, 13879.5127402696, 13879.5127402696, 13879.5127402696, 13879.5127402696, 13879.5127402696, 13879.5127402696, 13879.5127402696, 13879.5127402696, 13879.5127402696, 13860.031885076996, 13860.031885076996, 13860.031885076996, 13860.031885076996, 13860.031885076996, 13860.031885076996, 13860.031885076996, 13860.031885076996, 13860.031885076996, 13860.031885076996, 13860.031885076996, 13860.031885076996, 13860.031885076996, 13860.031885076996, 13860.031885076996, 13860.031885076996, 13860.031885076996, 13860.031885076996, 13860.031885076996, 13860.031885076996, 13860.031885076996, 13860.031885076996, 13860.031885076996, 13860.031885076996, 13860.031885076996, 13860.031885076996, 13860.031885076996, 13860.031885076996, 13860.031885076996, 13860.031885076996, 13860.031885076996, 13860.031885076996, 13860.031885076996, 13860.031885076996, 13860.031885076996, 13860.031885076996, 13860.031885076996, 13860.031885076996, 13860.031885076996, 13860.031885076996, 13844.739818753242, 13844.739818753242, 13844.73981875324, 13844.73981875324, 13844.73981875324, 13844.73981875324, 13844.73981875324, 13844.73981875324, 13844.73981875324, 13844.73981875324, 13844.73981875324, 13844.73981875324, 13844.73981875324, 13844.73981875324, 13844.73981875324, 13844.73981875324, 13844.73981875324, 13844.73981875324, 13844.73981875324, 13844.73981875324, 13844.73981875324, 13844.73981875324, 13844.73981875324, 13844.73981875324, 13844.73981875324, 13844.73981875324, 13844.73981875324, 13844.73981875324, 13844.73981875324, 13844.73981875324, 13844.73981875324, 13844.73981875324, 13844.73981875324, 13844.73981875324, 13844.73981875324, 13844.73981875324, 13844.73981875324, 13844.73981875324, 13844.73981875324, 13844.73981875324, 13844.73981875324, 13844.73981875324, 13844.73981875324, 13844.73981875324, 13844.73981875324, 13844.73981875324, 13844.73981875324, 13844.73981875324, 13844.73981875324, 13844.73981875324, 13844.73981875324, 13844.73981875324, 13844.73981875324, 13844.73981875324, 13844.73981875324, 13844.73981875324, 13844.73981875324, 13844.73981875324, 13844.73981875324, 13844.73981875324, 13844.73981875324, 13844.73981875324, 13844.73981875324, 13844.73981875324, 13844.73981875324, 13844.73981875324, 13844.73981875324, 13844.73981875324, 13844.73981875324, 13844.73981875324, 13844.73981875324, 13844.73981875324, 13844.73981875324, 13844.73981875324, 13844.73981875324, 13844.73981875324, 13844.73981875324, 13844.73981875324, 13844.73981875324, 13844.73981875324, 13844.73981875324, 13844.73981875324, 13844.73981875324, 13844.73981875324, 13844.73981875324, 13844.73981875324, 13844.73981875324, 13844.73981875324, 13844.73981875324, 13844.73981875324, 13844.73981875324, 13844.73981875324, 13844.73981875324, 13844.73981875324, 13844.73981875324, 13844.73981875324, 13844.73981875324, 13844.73981875324, 13844.73981875324, 13844.73981875324, 13844.73981875324, 13844.73981875324, 13844.73981875324, 13844.73981875324, 13844.73981875324, 13844.73981875324, 13844.73981875324, 13844.73981875324, 13844.73981875324, 13844.73981875324, 13844.73981875324, 13844.73981875324, 13844.73981875324, 13844.73981875324, 13844.73981875324, 13844.73981875324, 13844.73981875324, 13844.73981875324, 13844.73981875324, 13844.73981875324, 13844.73981875324, 13844.73981875324, 13844.73981875324, 13844.73981875324, 13844.73981875324, 13844.73981875324, 13844.73981875324, 13844.73981875324, 13844.73981875324, 13844.73981875324, 13844.73981875324, 13844.73981875324, 13844.73981875324, 13844.73981875324, 13844.73981875324, 13844.73981875324, 13844.73981875324, 13844.73981875324, 13844.73981875324, 13844.73981875324, 13844.73981875324, 13844.73981875324, 13844.73981875324, 13844.73981875324, 13844.73981875324, 13844.73981875324, 13844.73981875324, 13844.73981875324, 13844.73981875324, 13844.73981875324, 13844.73981875324, 13844.73981875324, 13844.73981875324, 13844.73981875324, 13844.73981875324, 13844.73981875324, 13844.73981875324, 13844.73981875324, 13844.73981875324, 13844.73981875324, 13844.73981875324, 13844.73981875324, 13844.73981875324, 13844.73981875324, 13844.73981875324, 13844.73981875324, 13844.73981875324, 13844.73981875324, 13844.73981875324, 13844.73981875324, 13844.73981875324, 13844.73981875324, 13844.73981875324, 13844.73981875324, 13844.73981875324, 13844.73981875324, 13844.73981875324, 13844.73981875324, 13844.73981875324, 13844.73981875324, 13844.73981875324, 13844.73981875324, 13844.73981875324, 13844.73981875324, 13844.73981875324, 13844.73981875324, 13844.73981875324, 13844.73981875324, 13844.73981875324, 13844.73981875324, 13844.73981875324, 13844.73981875324, 13844.73981875324, 13844.73981875324, 13844.73981875324, 13844.73981875324, 13844.73981875324, 13844.73981875324, 13844.73981875324, 13844.73981875324, 13844.73981875324, 13844.73981875324, 13844.73981875324, 13844.73981875324, 13844.73981875324, 13844.73981875324, 13844.73981875324, 13844.73981875324, 13844.73981875324, 13844.73981875324, 13844.73981875324, 13844.73981875324, 13844.73981875324, 13844.73981875324, 13844.73981875324, 13844.73981875324, 13844.73981875324, 13844.73981875324, 13844.73981875324, 13844.73981875324, 13844.73981875324, 13844.73981875324, 13844.73981875324, 13844.73981875324, 13844.73981875324, 13844.73981875324, 13844.73981875324, 13844.73981875324, 13844.73981875324, 13844.73981875324, 13844.73981875324, 13844.73981875324, 13844.73981875324, 13844.73981875324, 13844.73981875324, 13844.73981875324, 13844.73981875324, 13844.73981875324, 13844.73981875324, 13844.73981875324, 13844.73981875324, 13844.73981875324, 13844.73981875324, 13844.73981875324, 13844.73981875324, 13844.73981875324, 13844.73981875324, 13844.73981875324, 13844.73981875324, 13844.73981875324, 13844.73981875324, 13844.73981875324, 13844.73981875324, 13844.73981875324, 13844.73981875324, 13844.73981875324, 13844.73981875324, 13844.73981875324, 13844.73981875324, 13844.73981875324, 13844.73981875324, 13844.73981875324, 13844.73981875324, 13844.73981875324, 13844.73981875324, 13844.73981875324, 13844.73981875324, 13844.73981875324, 13844.73981875324, 13844.73981875324, 13844.73981875324, 13844.73981875324, 13844.73981875324, 13844.73981875324, 13844.73981875324, 13844.73981875324, 13844.73981875324, 13844.73981875324, 13844.73981875324, 13844.73981875324, 13844.73981875324, 13844.73981875324, 13844.73981875324, 13844.73981875324, 13844.73981875324, 13844.73981875324, 13844.73981875324, 13844.73981875324, 13844.73981875324, 13844.73981875324, 13844.73981875324, 13844.73981875324, 13844.73981875324, 13844.73981875324, 13844.73981875324, 13844.73981875324, 13844.73981875324, 13844.73981875324, 13844.73981875324, 13844.73981875324, 13844.73981875324, 13844.73981875324, 13844.73981875324, 13844.73981875324, 13844.73981875324, 13844.73981875324, 13844.73981875324, 13844.73981875324, 13844.73981875324, 13844.73981875324, 13844.73981875324, 13844.73981875324, 13844.73981875324, 13844.73981875324, 13844.73981875324, 13844.73981875324, 13844.73981875324, 13844.73981875324, 13844.73981875324, 13844.73981875324, 13844.73981875324, 13844.73981875324, 13844.73981875324, 13844.73981875324, 13844.73981875324, 13844.73981875324, 13844.73981875324, 13844.73981875324, 13844.73981875324, 13844.73981875324, 13844.73981875324, 13844.73981875324, 13844.73981875324, 13844.73981875324, 13844.73981875324, 13844.73981875324, 13844.73981875324, 13844.73981875324, 13844.73981875324, 13844.73981875324, 13844.73981875324, 13844.73981875324, 13844.73981875324, 13844.73981875324, 13844.73981875324, 13844.73981875324, 13844.73981875324, 13844.73981875324, 13844.73981875324, 13844.73981875324, 13844.73981875324, 13844.73981875324, 13844.73981875324, 13844.73981875324, 13844.73981875324, 13844.73981875324, 13844.73981875324, 13844.73981875324, 13844.73981875324, 13844.73981875324, 13844.73981875324, 13844.73981875324, 13844.73981875324, 13844.73981875324, 13844.73981875324, 13844.73981875324, 13844.73981875324, 13844.73981875324, 13844.73981875324, 13844.73981875324, 13844.73981875324, 13844.73981875324, 13844.73981875324, 13844.73981875324, 13844.73981875324, 13844.73981875324, 13844.73981875324, 13844.73981875324, 13844.73981875324, 13844.73981875324, 13844.73981875324, 13844.73981875324, 13844.73981875324, 13844.73981875324, 13844.73981875324, 13844.73981875324, 13844.73981875324, 13844.73981875324, 13844.73981875324, 13844.73981875324, 13844.73981875324, 13844.73981875324, 13844.73981875324, 13844.73981875324, 13844.73981875324, 13844.73981875324, 13844.73981875324, 13844.73981875324, 13844.73981875324, 13844.73981875324, 13844.73981875324, 13844.73981875324, 13844.73981875324, 13844.73981875324, 13844.73981875324, 13844.73981875324, 13844.73981875324, 13844.73981875324, 13844.73981875324, 13844.73981875324, 13844.73981875324, 13844.73981875324, 13844.73981875324, 13844.73981875324, 13844.73981875324, 13844.73981875324, 13844.73981875324, 13844.73981875324, 13844.73981875324, 13844.73981875324, 13844.73981875324, 13844.73981875324, 13844.73981875324, 13844.73981875324, 13844.73981875324, 13844.73981875324, 13844.73981875324, 13844.73981875324, 13844.73981875324, 13844.73981875324, 13844.73981875324, 13844.73981875324, 13844.73981875324, 13844.73981875324, 13844.73981875324, 13844.73981875324, 13844.73981875324, 13844.73981875324, 13844.73981875324, 13844.73981875324, 13844.73981875324, 13844.73981875324, 13844.73981875324, 13844.73981875324, 13844.73981875324, 13844.73981875324, 13844.73981875324, 13844.73981875324, 13844.73981875324, 13844.73981875324, 13844.73981875324, 13844.73981875324, 13844.73981875324, 13844.73981875324, 13844.73981875324, 13844.73981875324, 13844.73981875324, 13844.73981875324, 13844.73981875324, 13844.73981875324, 13844.73981875324, 13844.73981875324, 13844.73981875324, 13844.73981875324, 13844.73981875324, 13844.73981875324, 13844.73981875324, 13844.73981875324, 13844.73981875324, 13844.73981875324, 13844.73981875324, 13844.73981875324, 13844.73981875324, 13844.73981875324, 13844.73981875324, 13844.73981875324, 13844.73981875324, 13844.73981875324, 13844.73981875324, 13844.73981875324, 13844.73981875324, 13844.73981875324, 13844.73981875324, 13844.73981875324, 13844.73981875324, 13844.73981875324, 13844.73981875324, 13844.73981875324, 13844.73981875324, 13844.73981875324, 13844.73981875324, 13844.73981875324, 13844.73981875324, 13844.73981875324, 13844.73981875324, 13844.73981875324, 13844.73981875324, 13844.73981875324, 13844.73981875324, 13844.73981875324, 13844.73981875324, 13844.73981875324, 13844.73981875324, 13844.73981875324, 13844.73981875324, 13844.73981875324, 13844.73981875324, 13844.73981875324, 13844.73981875324, 13844.73981875324, 13844.73981875324, 13844.73981875324, 13844.73981875324, 13844.73981875324, 13844.73981875324, 13844.73981875324, 13844.73981875324, 13844.73981875324, 13844.73981875324, 13844.73981875324, 13844.73981875324, 13844.73981875324, 13844.73981875324, 13844.73981875324, 13844.73981875324, 13844.73981875324, 13844.73981875324, 13844.73981875324, 13844.73981875324, 13844.73981875324, 13844.73981875324, 13844.73981875324, 13844.73981875324, 13844.73981875324, 13844.73981875324, 13844.73981875324, 13844.73981875324, 13844.73981875324, 13844.73981875324, 13844.73981875324, 13844.73981875324, 13844.73981875324, 13844.73981875324, 13844.73981875324, 13844.73981875324, 13844.73981875324, 13844.73981875324, 13844.73981875324, 13844.73981875324, 13844.73981875324, 13844.73981875324, 13844.73981875324, 13844.73981875324, 13844.73981875324, 13844.73981875324, 13844.73981875324, 13844.73981875324, 13844.73981875324, 13844.73981875324, 13844.73981875324, 13844.73981875324, 13844.73981875324, 13844.73981875324, 13844.73981875324, 13844.73981875324, 13844.73981875324, 13844.73981875324, 13844.73981875324, 13844.73981875324, 13844.73981875324, 13844.73981875324, 13844.73981875324, 13844.73981875324, 13844.73981875324, 13844.73981875324, 13844.73981875324, 13844.73981875324, 13844.73981875324, 13844.73981875324, 13844.73981875324, 13844.73981875324, 13844.73981875324, 13844.73981875324, 13844.73981875324, 13844.73981875324, 13844.73981875324, 13844.73981875324, 13844.73981875324, 13844.73981875324, 13844.73981875324, 13844.73981875324, 13844.73981875324, 13844.73981875324, 13844.73981875324, 13844.73981875324, 13844.73981875324, 13844.73981875324, 13844.73981875324, 13844.73981875324, 13844.73981875324, 13844.73981875324, 13844.73981875324, 13844.73981875324, 13844.73981875324, 13844.73981875324, 13844.73981875324, 13844.73981875324, 13844.73981875324, 13844.73981875324, 13844.73981875324, 13844.73981875324, 13844.73981875324, 13844.73981875324, 13844.73981875324, 13844.73981875324, 13844.73981875324, 13844.73981875324, 13844.73981875324, 13844.73981875324, 13844.73981875324, 13844.73981875324, 13844.73981875324, 13844.73981875324, 13844.73981875324, 13844.73981875324, 13844.73981875324, 13844.73981875324, 13844.73981875324, 13844.73981875324, 13844.73981875324, 13844.73981875324, 13844.73981875324, 13844.73981875324, 13844.73981875324, 13844.73981875324, 13844.73981875324, 13844.73981875324, 13844.73981875324, 13844.73981875324, 13844.73981875324, 13844.73981875324, 13844.73981875324, 13844.73981875324, 13844.73981875324, 13844.73981875324, 13844.73981875324, 13844.73981875324, 13844.73981875324, 13844.73981875324, 13844.73981875324, 13844.73981875324, 13844.73981875324, 13844.73981875324, 13844.73981875324, 13844.73981875324, 13844.73981875324, 13844.73981875324, 13844.73981875324, 13844.73981875324, 13844.73981875324, 13844.73981875324, 13844.73981875324, 13844.73981875324, 13844.73981875324, 13844.73981875324, 13844.73981875324, 13844.73981875324, 13844.73981875324, 13844.73981875324, 13844.73981875324, 13844.73981875324, 13844.73981875324, 13844.73981875324, 13844.73981875324, 13844.73981875324, 13844.73981875324, 13844.73981875324, 13844.73981875324, 13844.73981875324, 13844.73981875324, 13844.73981875324, 13844.73981875324, 13844.73981875324, 13844.73981875324, 13844.73981875324, 13844.73981875324, 13844.73981875324, 13844.73981875324, 13844.73981875324, 13844.73981875324, 13844.73981875324, 13844.73981875324, 13844.73981875324, 13844.73981875324, 13844.73981875324, 13844.73981875324, 13844.73981875324, 13844.73981875324, 13844.73981875324, 13844.73981875324, 13844.73981875324, 13844.73981875324, 13844.73981875324, 13844.73981875324, 13844.73981875324, 13844.73981875324, 13844.73981875324, 13844.73981875324, 13844.73981875324, 13844.73981875324, 13844.73981875324, 13844.73981875324, 13844.73981875324, 13844.73981875324, 13844.73981875324, 13844.73981875324, 13844.73981875324, 13844.73981875324, 13844.73981875324, 13844.73981875324, 13844.73981875324, 13844.73981875324, 13844.73981875324, 13844.73981875324, 13844.73981875324, 13844.73981875324, 13844.73981875324, 13844.73981875324, 13844.73981875324, 13844.73981875324, 13844.73981875324, 13844.73981875324, 13844.73981875324, 13844.73981875324, 13844.73981875324, 13844.73981875324, 13844.73981875324, 13844.73981875324, 13844.73981875324, 13844.73981875324, 13844.73981875324, 13844.73981875324, 13844.73981875324, 13844.73981875324, 13844.73981875324, 13844.73981875324, 13844.73981875324, 13844.73981875324, 13844.73981875324, 13844.73981875324, 13844.73981875324, 13844.73981875324, 13844.73981875324, 13844.73981875324, 13844.73981875324, 13844.73981875324, 13844.73981875324, 13844.73981875324, 13844.73981875324, 13844.73981875324, 13844.73981875324, 13844.73981875324, 13844.73981875324, 13844.73981875324, 13844.73981875324, 13844.73981875324, 13844.73981875324, 13844.73981875324, 13844.73981875324, 13844.73981875324, 13844.73981875324, 13844.73981875324, 13844.73981875324, 13844.73981875324, 13844.73981875324, 13844.73981875324, 13844.73981875324, 13844.73981875324, 13844.73981875324, 13844.73981875324, 13844.73981875324, 13844.73981875324, 13844.73981875324, 13844.73981875324, 13844.73981875324, 13844.73981875324, 13844.73981875324, 13844.73981875324, 13844.73981875324, 13844.73981875324, 13844.73981875324, 13844.73981875324, 13844.73981875324, 13844.73981875324, 13844.73981875324, 13844.73981875324, 13844.73981875324, 13844.73981875324, 13844.73981875324, 13844.73981875324, 13844.73981875324, 13844.73981875324, 13844.73981875324, 13844.73981875324, 13844.73981875324, 13844.73981875324, 13844.73981875324, 13844.73981875324, 13844.73981875324, 13844.73981875324, 13844.73981875324, 13844.73981875324, 13844.73981875324, 13844.73981875324, 13844.73981875324, 13844.73981875324, 13844.73981875324, 13844.73981875324, 13844.73981875324, 13844.73981875324, 13844.73981875324, 13844.73981875324, 13844.73981875324, 13844.73981875324, 13844.73981875324, 13844.73981875324, 13844.73981875324, 13844.73981875324, 13844.73981875324, 13844.73981875324, 13844.73981875324, 13844.73981875324, 13844.73981875324, 13844.73981875324, 13844.73981875324, 13844.73981875324, 13844.73981875324, 13844.73981875324, 13844.73981875324, 13844.73981875324, 13844.73981875324, 13844.73981875324, 13844.73981875324, 13844.73981875324, 13844.73981875324, 13844.73981875324, 13844.73981875324, 13844.73981875324, 13844.73981875324, 13844.73981875324, 13844.73981875324, 13844.73981875324, 13844.73981875324, 13844.73981875324, 13844.73981875324, 13844.73981875324, 13844.73981875324, 13844.73981875324, 13844.73981875324, 13844.73981875324, 13844.73981875324, 13844.73981875324, 13844.73981875324, 13844.73981875324, 13844.73981875324, 13844.73981875324, 13844.73981875324, 13844.73981875324, 13844.73981875324, 13844.73981875324, 13844.73981875324, 13844.73981875324, 13844.73981875324, 13844.73981875324, 13844.73981875324, 13844.73981875324, 13844.73981875324, 13844.73981875324, 13844.73981875324, 13844.73981875324, 13844.73981875324, 13844.73981875324, 13844.73981875324, 13844.73981875324, 13844.73981875324, 13844.73981875324, 13844.73981875324, 13844.73981875324, 13844.73981875324, 13844.73981875324, 13844.73981875324, 13844.73981875324, 13844.73981875324, 13844.73981875324, 13844.73981875324, 13844.73981875324, 13844.73981875324, 13844.73981875324, 13844.73981875324, 13844.73981875324, 13844.73981875324, 13844.73981875324, 13844.73981875324, 13844.73981875324, 13844.73981875324, 13844.73981875324, 13844.73981875324, 13844.73981875324, 13844.73981875324, 13844.73981875324, 13844.73981875324, 13844.73981875324, 13844.73981875324, 13844.73981875324, 13844.73981875324, 13844.73981875324, 13844.73981875324, 13844.73981875324, 13844.73981875324, 13844.73981875324, 13844.73981875324, 13844.73981875324, 13844.73981875324, 13844.73981875324, 13844.73981875324, 13844.73981875324, 13844.73981875324, 13844.73981875324, 13844.73981875324, 13844.73981875324, 13844.73981875324, 13844.73981875324, 13844.73981875324, 13844.73981875324, 13844.73981875324, 13844.73981875324, 13844.73981875324, 13844.73981875324, 13844.73981875324, 13844.73981875324, 13844.73981875324, 13844.73981875324, 13844.73981875324, 13844.73981875324, 13844.73981875324, 13844.73981875324, 13844.73981875324, 13844.73981875324, 13844.73981875324, 13844.73981875324, 13844.73981875324, 13844.73981875324, 13844.73981875324, 13844.73981875324, 13844.73981875324, 13844.73981875324, 13844.73981875324, 13844.73981875324, 13844.73981875324, 13844.73981875324, 13844.73981875324, 13844.73981875324, 13844.73981875324, 13844.73981875324, 13844.73981875324, 13844.73981875324, 13844.73981875324, 13844.73981875324, 13844.73981875324, 13844.73981875324, 13844.73981875324, 13844.73981875324, 13844.73981875324, 13844.73981875324, 13844.73981875324, 13844.73981875324, 13844.73981875324, 13844.73981875324, 13844.73981875324, 13844.73981875324, 13844.73981875324, 13844.73981875324, 13844.73981875324, 13844.73981875324, 13844.73981875324, 13844.73981875324, 13844.73981875324, 13844.73981875324, 13844.73981875324, 13844.73981875324, 13844.73981875324, 13844.73981875324, 13844.73981875324, 13844.73981875324, 13844.73981875324, 13844.73981875324, 13844.73981875324, 13844.73981875324, 13844.73981875324, 13844.73981875324, 13844.73981875324, 13844.73981875324, 13844.73981875324, 13844.73981875324, 13844.73981875324, 13844.73981875324, 13844.73981875324, 13844.73981875324, 13844.73981875324, 13844.73981875324, 13844.73981875324, 13844.73981875324, 13844.73981875324, 13844.73981875324, 13844.73981875324, 13844.73981875324, 13844.73981875324, 13844.73981875324, 13844.73981875324, 13844.73981875324, 13844.73981875324, 13844.73981875324, 13844.73981875324, 13844.73981875324, 13844.73981875324, 13844.73981875324, 13844.73981875324, 13844.73981875324, 13844.73981875324, 13844.73981875324, 13844.73981875324, 13844.73981875324, 13844.73981875324, 13844.73981875324, 13844.73981875324, 13844.73981875324, 13844.73981875324, 13844.73981875324, 13844.73981875324, 13844.73981875324, 13844.73981875324, 13844.73981875324, 13844.73981875324, 13844.73981875324, 13844.73981875324, 13844.73981875324, 13844.73981875324, 13844.73981875324, 13844.73981875324, 13844.73981875324, 13844.73981875324, 13844.73981875324, 13844.73981875324, 13844.73981875324, 13844.73981875324, 13844.73981875324, 13844.73981875324, 13844.73981875324, 13844.73981875324, 13844.73981875324, 13844.73981875324, 13844.73981875324, 13844.73981875324, 13844.73981875324, 13844.73981875324, 13844.73981875324, 13844.73981875324, 13844.73981875324, 13844.73981875324, 13844.73981875324, 13844.73981875324, 13844.73981875324, 13844.73981875324, 13844.73981875324, 13844.73981875324, 13844.73981875324, 13844.73981875324, 13844.73981875324, 13844.73981875324, 13844.73981875324, 13844.73981875324, 13844.73981875324, 13844.73981875324, 13844.73981875324, 13844.73981875324, 13844.73981875324, 13844.73981875324, 13844.73981875324, 13844.73981875324, 13844.73981875324, 13844.73981875324, 13844.73981875324, 13844.73981875324, 13844.73981875324, 13844.73981875324, 13844.73981875324, 13844.73981875324, 13844.73981875324, 13844.73981875324, 13844.73981875324, 13844.73981875324, 13844.73981875324, 13844.73981875324, 13844.73981875324, 13844.73981875324, 13844.73981875324, 13844.73981875324, 13844.73981875324, 13844.73981875324, 13844.73981875324, 13844.73981875324, 13844.73981875324, 13844.73981875324, 13844.73981875324, 13844.73981875324, 13844.73981875324, 13844.73981875324, 13844.73981875324, 13844.73981875324, 13844.73981875324, 13844.73981875324, 13844.73981875324, 13844.73981875324, 13844.73981875324, 13844.73981875324, 13844.73981875324, 13844.73981875324, 13844.73981875324, 13844.73981875324, 13844.73981875324, 13844.73981875324, 13844.73981875324, 13844.73981875324, 13844.73981875324, 13844.73981875324, 13844.73981875324, 13844.73981875324, 13844.73981875324, 13844.73981875324, 13844.73981875324, 13844.73981875324, 13844.73981875324, 13844.73981875324, 13844.73981875324, 13844.73981875324, 13844.73981875324, 13844.73981875324, 13844.73981875324, 13844.73981875324, 13844.73981875324, 13844.73981875324, 13844.73981875324, 13844.73981875324, 13844.73981875324, 13844.73981875324, 13844.73981875324, 13844.73981875324, 13844.73981875324, 13844.73981875324, 13844.73981875324, 13844.73981875324, 13844.73981875324, 13844.73981875324, 13844.73981875324, 13844.73981875324, 13844.73981875324, 13844.73981875324, 13844.73981875324, 13844.73981875324, 13844.73981875324, 13844.73981875324, 13844.73981875324, 13844.73981875324, 13844.73981875324, 13844.73981875324, 13844.73981875324, 13844.73981875324, 13844.73981875324, 13844.73981875324, 13844.73981875324, 13844.73981875324, 13844.73981875324, 13844.73981875324, 13844.73981875324, 13844.73981875324, 13844.73981875324, 13844.73981875324, 13844.73981875324, 13844.73981875324, 13844.73981875324, 13844.73981875324, 13844.73981875324, 13844.73981875324, 13844.73981875324, 13844.73981875324, 13844.73981875324, 13844.73981875324, 13844.73981875324, 13844.73981875324, 13844.73981875324, 13844.73981875324, 13844.73981875324, 13844.73981875324, 13844.73981875324, 13844.73981875324, 13844.73981875324, 13844.73981875324, 13844.73981875324, 13844.73981875324, 13844.73981875324, 13844.73981875324, 13844.73981875324, 13844.73981875324, 13844.73981875324, 13844.73981875324, 13844.73981875324, 13844.73981875324, 13844.73981875324, 13844.73981875324, 13844.73981875324, 13844.73981875324, 13844.73981875324, 13844.73981875324, 13844.73981875324, 13844.73981875324, 13844.73981875324, 13844.73981875324, 13844.73981875324, 13844.73981875324, 13844.73981875324, 13844.73981875324, 13844.73981875324, 13844.73981875324, 13844.73981875324, 13844.73981875324, 13844.73981875324, 13844.73981875324, 13844.73981875324, 13844.73981875324, 13844.73981875324, 13844.73981875324, 13844.73981875324, 13844.73981875324, 13844.73981875324, 13844.73981875324, 13844.73981875324, 13844.73981875324, 13844.73981875324, 13844.73981875324, 13844.73981875324, 13844.73981875324, 13844.73981875324, 13844.73981875324, 13844.73981875324, 13844.73981875324, 13844.73981875324, 13844.73981875324, 13844.73981875324, 13844.73981875324, 13844.73981875324, 13844.73981875324, 13844.73981875324, 13844.73981875324, 13844.73981875324, 13844.73981875324, 13844.73981875324, 13844.73981875324, 13844.73981875324, 13844.73981875324, 13844.73981875324, 13844.73981875324, 13844.73981875324, 13844.73981875324, 13844.73981875324, 13844.73981875324, 13844.73981875324, 13844.73981875324, 13844.73981875324, 13844.73981875324, 13844.73981875324, 13844.73981875324, 13844.73981875324, 13844.73981875324, 13844.73981875324, 13844.73981875324, 13844.73981875324, 13844.73981875324, 13844.73981875324, 13844.73981875324, 13844.73981875324, 13844.73981875324, 13844.73981875324, 13844.73981875324, 13844.73981875324, 13844.73981875324, 13844.73981875324, 13844.73981875324, 13844.73981875324, 13844.73981875324, 13844.73981875324, 13844.73981875324, 13844.73981875324, 13844.73981875324, 13844.73981875324, 13844.73981875324, 13844.73981875324, 13844.73981875324, 13844.73981875324, 13844.73981875324, 13844.73981875324, 13844.73981875324, 13844.73981875324, 13844.73981875324, 13844.73981875324, 13844.73981875324, 13844.73981875324, 13844.73981875324, 13844.73981875324, 13844.73981875324, 13844.73981875324, 13844.73981875324, 13844.73981875324, 13844.73981875324, 13844.73981875324, 13844.73981875324, 13844.73981875324, 13844.73981875324, 13844.73981875324, 13844.73981875324, 13844.73981875324, 13844.73981875324, 13844.73981875324, 13844.73981875324, 13844.73981875324, 13844.73981875324, 13844.73981875324, 13844.73981875324, 13844.73981875324, 13844.73981875324, 13844.73981875324, 13844.73981875324, 13844.73981875324, 13844.73981875324, 13844.73981875324, 13844.73981875324, 13844.73981875324, 13844.73981875324, 13844.73981875324, 13844.73981875324, 13844.73981875324, 13844.73981875324, 13844.73981875324, 13844.73981875324, 13844.73981875324, 13844.73981875324, 13844.73981875324, 13844.73981875324, 13844.73981875324, 13844.73981875324, 13844.73981875324, 13844.73981875324, 13844.73981875324, 13844.73981875324, 13844.73981875324, 13844.73981875324, 13844.73981875324, 13844.73981875324, 13844.73981875324, 13844.73981875324, 13844.73981875324, 13844.73981875324, 13844.73981875324, 13844.73981875324, 13844.73981875324, 13844.73981875324, 13844.73981875324, 13844.73981875324, 13844.73981875324, 13844.73981875324, 13844.73981875324, 13844.73981875324, 13844.73981875324, 13844.73981875324, 13844.73981875324, 13844.73981875324, 13844.73981875324, 13844.73981875324, 13844.73981875324, 13844.73981875324, 13844.73981875324, 13844.73981875324, 13844.73981875324, 13844.73981875324, 13844.73981875324, 13844.73981875324, 13844.73981875324, 13844.73981875324, 13844.73981875324, 13844.73981875324, 13844.73981875324, 13844.73981875324, 13844.73981875324, 13844.73981875324, 13844.73981875324, 13844.73981875324, 13844.73981875324, 13844.73981875324, 13844.73981875324, 13844.73981875324, 13844.73981875324, 13844.73981875324, 13844.73981875324, 13844.73981875324, 13844.73981875324, 13844.73981875324, 13844.73981875324, 13844.73981875324, 13844.73981875324, 13844.73981875324, 13844.73981875324, 13844.73981875324, 13844.73981875324, 13844.73981875324, 13844.73981875324, 13844.73981875324, 13844.73981875324, 13844.73981875324, 13844.73981875324, 13844.73981875324, 13844.73981875324, 13844.73981875324, 13844.73981875324, 13844.73981875324, 13844.73981875324, 13844.73981875324, 13844.73981875324, 13844.73981875324, 13844.73981875324, 13844.73981875324, 13844.73981875324, 13844.73981875324, 13844.73981875324, 13844.73981875324, 13844.73981875324, 13844.73981875324, 13844.73981875324, 13844.73981875324, 13844.73981875324, 13844.73981875324, 13844.73981875324, 13844.73981875324, 13844.73981875324, 13844.73981875324, 13844.73981875324, 13844.73981875324, 13844.73981875324, 13844.73981875324, 13844.73981875324, 13844.73981875324, 13844.73981875324, 13844.73981875324, 13844.73981875324, 13844.73981875324, 13844.73981875324, 13844.73981875324, 13844.73981875324, 13844.73981875324, 13844.73981875324, 13844.73981875324, 13844.73981875324, 13844.73981875324, 13844.73981875324, 13844.73981875324, 13844.73981875324, 13844.73981875324, 13844.73981875324, 13844.73981875324, 13844.73981875324, 13844.73981875324, 13844.73981875324, 13844.73981875324, 13844.73981875324, 13844.73981875324, 13844.73981875324, 13844.73981875324, 13844.73981875324, 13844.73981875324, 13844.73981875324, 13844.73981875324, 13844.73981875324, 13844.73981875324, 13844.73981875324, 13844.73981875324, 13844.73981875324, 13844.73981875324, 13844.73981875324, 13844.73981875324, 13844.73981875324, 13844.73981875324, 13844.73981875324, 13844.73981875324, 13844.73981875324, 13844.73981875324, 13844.73981875324, 13844.73981875324, 13844.73981875324, 13844.73981875324, 13844.73981875324, 13844.73981875324, 13844.73981875324, 13844.73981875324, 13844.73981875324, 13844.73981875324, 13844.73981875324, 13844.73981875324, 13844.73981875324, 13844.73981875324, 13844.73981875324, 13844.73981875324, 13844.73981875324, 13844.73981875324, 13844.73981875324, 13844.73981875324, 13844.73981875324, 13844.73981875324, 13844.73981875324, 13844.73981875324, 13844.73981875324, 13844.73981875324, 13844.73981875324, 13844.73981875324, 13844.73981875324, 13844.73981875324, 13844.73981875324, 13844.73981875324, 13844.73981875324, 13844.73981875324, 13844.73981875324, 13844.73981875324, 13844.73981875324, 13844.73981875324, 13844.73981875324, 13844.73981875324, 13844.73981875324, 13844.73981875324, 13844.73981875324, 13844.73981875324, 13844.73981875324, 13844.73981875324, 13844.73981875324, 13844.73981875324, 13844.73981875324, 13844.73981875324, 13844.73981875324, 13844.73981875324, 13844.73981875324, 13844.73981875324, 13844.73981875324, 13844.73981875324, 13844.73981875324, 13844.73981875324, 13844.73981875324, 13844.73981875324, 13844.73981875324, 13844.73981875324, 13844.73981875324, 13844.73981875324, 13844.73981875324, 13844.73981875324, 13844.73981875324, 13844.73981875324, 13844.73981875324, 13844.73981875324, 13844.73981875324, 13844.73981875324, 13844.73981875324, 13844.73981875324, 13844.73981875324, 13844.73981875324, 13844.73981875324, 13844.73981875324, 13844.73981875324, 13844.73981875324, 13844.73981875324, 13844.73981875324, 13844.73981875324, 13844.73981875324, 13844.73981875324, 13844.73981875324, 13844.73981875324, 13844.73981875324, 13844.73981875324, 13844.73981875324, 13844.73981875324, 13844.73981875324, 13844.73981875324, 13844.73981875324, 13844.73981875324, 13844.73981875324, 13844.73981875324, 13844.73981875324, 13844.73981875324, 13844.73981875324, 13844.73981875324, 13844.73981875324, 13844.73981875324, 13844.73981875324, 13844.73981875324, 13844.73981875324, 13844.73981875324, 13844.73981875324, 13844.73981875324, 13844.73981875324, 13844.73981875324, 13844.73981875324, 13844.73981875324, 13844.73981875324, 13844.73981875324, 13844.73981875324, 13844.73981875324, 13844.73981875324, 13844.73981875324, 13844.73981875324, 13844.73981875324, 13844.73981875324, 13844.73981875324, 13844.73981875324, 13844.73981875324, 13844.73981875324, 13844.73981875324, 13844.73981875324, 13844.73981875324, 13844.73981875324, 13844.73981875324, 13844.73981875324, 13844.73981875324, 13844.73981875324, 13844.73981875324, 13844.73981875324, 13844.73981875324, 13844.73981875324, 13844.73981875324, 13844.73981875324, 13844.73981875324, 13844.73981875324, 13844.73981875324, 13844.73981875324, 13844.73981875324, 13844.73981875324, 13844.73981875324, 13844.73981875324, 13844.73981875324, 13844.73981875324, 13844.73981875324, 13844.73981875324, 13844.73981875324, 13844.73981875324, 13844.73981875324, 13844.73981875324, 13844.73981875324, 13844.73981875324, 13844.73981875324, 13844.73981875324, 13844.73981875324, 13844.73981875324, 13844.73981875324, 13844.73981875324, 13844.73981875324, 13844.73981875324, 13844.73981875324, 13844.73981875324, 13844.73981875324, 13844.73981875324, 13844.73981875324, 13844.73981875324, 13844.73981875324, 13844.73981875324, 13844.73981875324, 13844.73981875324, 13844.73981875324, 13844.73981875324, 13844.73981875324, 13844.73981875324, 13844.73981875324, 13844.73981875324, 13844.73981875324, 13844.73981875324, 13844.73981875324, 13844.73981875324, 13844.73981875324, 13844.73981875324, 13844.73981875324, 13844.73981875324, 13844.73981875324, 13844.73981875324, 13844.73981875324, 13844.73981875324, 13844.73981875324, 13844.73981875324, 13844.73981875324, 13844.73981875324, 13844.73981875324, 13844.73981875324, 13844.73981875324, 13844.73981875324, 13844.73981875324, 13844.73981875324, 13844.73981875324, 13844.73981875324, 13844.73981875324, 13844.73981875324, 13844.73981875324, 13844.73981875324, 13844.73981875324, 13844.73981875324, 13844.73981875324, 13844.73981875324, 13844.73981875324, 13844.73981875324, 13844.73981875324, 13844.73981875324, 13844.73981875324, 13844.73981875324, 13844.73981875324, 13844.73981875324, 13844.73981875324, 13844.73981875324, 13844.73981875324, 13844.73981875324, 13844.73981875324, 13844.73981875324, 13844.73981875324, 13844.73981875324, 13844.73981875324, 13844.73981875324, 13844.73981875324, 13844.73981875324, 13844.73981875324, 13844.73981875324, 13844.73981875324, 13844.73981875324, 13844.73981875324, 13844.73981875324, 13844.73981875324, 13844.73981875324, 13844.73981875324, 13844.73981875324, 13844.73981875324, 13844.73981875324, 13844.73981875324, 13844.73981875324, 13844.73981875324, 13844.73981875324, 13844.73981875324, 13844.73981875324, 13844.73981875324, 13844.73981875324, 13844.73981875324, 13844.73981875324, 13844.73981875324, 13844.73981875324, 13844.73981875324, 13844.73981875324, 13844.73981875324, 13844.73981875324, 13844.73981875324, 13844.73981875324, 13844.73981875324, 13844.73981875324, 13844.73981875324, 13844.73981875324, 13844.73981875324, 13844.73981875324, 13844.73981875324, 13844.73981875324, 13844.73981875324, 13844.73981875324, 13844.73981875324, 13844.73981875324, 13844.73981875324, 13844.73981875324, 13844.73981875324, 13844.73981875324, 13844.73981875324, 13844.73981875324, 13844.73981875324, 13844.73981875324, 13844.73981875324, 13844.73981875324, 13844.73981875324, 13844.73981875324, 13844.73981875324, 13844.73981875324, 13844.73981875324, 13844.73981875324, 13844.73981875324, 13844.73981875324, 13844.73981875324, 13844.73981875324, 13844.73981875324, 13844.73981875324, 13844.73981875324, 13844.73981875324, 13844.73981875324, 13844.73981875324, 13844.73981875324, 13844.73981875324, 13844.73981875324, 13844.73981875324, 13844.73981875324, 13844.73981875324, 13844.73981875324, 13844.73981875324, 13844.73981875324, 13844.73981875324, 13844.73981875324, 13844.73981875324, 13844.73981875324, 13844.73981875324, 13844.73981875324, 13844.73981875324, 13844.73981875324, 13844.73981875324, 13844.73981875324, 13844.73981875324, 13844.73981875324, 13844.73981875324, 13844.73981875324, 13844.73981875324, 13844.73981875324, 13844.73981875324, 13844.73981875324, 13844.73981875324, 13844.73981875324, 13844.73981875324, 13844.73981875324, 13844.73981875324, 13844.73981875324, 13844.73981875324, 13844.73981875324, 13844.73981875324, 13844.73981875324, 13844.73981875324, 13844.73981875324, 13844.73981875324, 13844.73981875324, 13844.73981875324, 13844.73981875324, 13844.73981875324, 13844.73981875324, 13844.73981875324, 13844.73981875324, 13844.73981875324, 13844.73981875324, 13844.73981875324, 13844.73981875324, 13844.73981875324, 13844.73981875324, 13844.73981875324, 13844.73981875324, 13844.73981875324, 13844.73981875324, 13844.73981875324, 13844.73981875324, 13844.73981875324, 13844.73981875324, 13844.73981875324, 13844.73981875324, 13844.73981875324, 13844.73981875324, 13844.73981875324, 13844.73981875324, 13844.73981875324, 13844.73981875324, 13844.73981875324, 13844.73981875324, 13844.73981875324, 13844.73981875324, 13844.73981875324, 13844.73981875324, 13844.73981875324, 13844.73981875324, 13844.73981875324, 13844.73981875324, 13844.73981875324, 13844.73981875324, 13844.73981875324, 13844.73981875324, 13844.73981875324, 13844.73981875324, 13844.73981875324, 13844.73981875324, 13844.73981875324, 13844.73981875324, 13844.73981875324, 13844.73981875324, 13844.73981875324, 13844.73981875324, 13844.73981875324, 13844.73981875324, 13844.73981875324, 13844.73981875324, 13844.73981875324, 13844.73981875324, 13844.73981875324, 13844.73981875324, 13844.73981875324, 13844.73981875324, 13844.73981875324, 13844.73981875324, 13844.73981875324, 13844.73981875324, 13844.73981875324, 13844.73981875324, 13844.73981875324, 13844.73981875324, 13844.73981875324, 13844.73981875324, 13844.73981875324, 13844.73981875324, 13844.73981875324, 13844.73981875324, 13844.73981875324, 13844.73981875324, 13844.73981875324, 13844.73981875324, 13844.73981875324, 13844.73981875324, 13844.73981875324, 13844.73981875324, 13844.73981875324, 13844.73981875324, 13844.73981875324, 13844.73981875324, 13844.73981875324, 13844.73981875324, 13844.73981875324, 13844.73981875324, 13844.73981875324, 13844.73981875324, 13844.73981875324, 13844.73981875324, 13844.73981875324, 13844.73981875324, 13844.73981875324, 13844.73981875324, 13844.73981875324, 13844.73981875324, 13844.73981875324, 13844.73981875324, 13844.73981875324, 13844.73981875324, 13844.73981875324, 13844.73981875324, 13844.73981875324, 13844.73981875324, 13844.73981875324, 13844.73981875324, 13844.73981875324, 13844.73981875324, 13844.73981875324, 13844.73981875324, 13844.73981875324, 13844.73981875324, 13844.73981875324, 13844.73981875324, 13844.73981875324, 13844.73981875324, 13844.73981875324, 13844.73981875324, 13844.73981875324, 13844.73981875324, 13844.73981875324, 13844.73981875324, 13844.73981875324, 13844.73981875324, 13844.73981875324, 13844.73981875324, 13844.73981875324, 13844.73981875324, 13844.73981875324, 13844.73981875324, 13844.73981875324, 13844.73981875324, 13844.73981875324, 13844.73981875324, 13844.73981875324, 13844.73981875324, 13844.73981875324, 13844.73981875324, 13844.73981875324, 13844.73981875324, 13844.73981875324, 13844.73981875324, 13844.73981875324, 13844.73981875324, 13844.73981875324, 13844.73981875324, 13844.73981875324, 13844.73981875324, 13844.73981875324, 13844.73981875324, 13844.73981875324, 13844.73981875324, 13844.73981875324, 13844.73981875324, 13844.73981875324, 13844.73981875324, 13844.73981875324, 13844.73981875324, 13844.73981875324, 13844.73981875324, 13844.73981875324, 13844.73981875324, 13844.73981875324, 13844.73981875324, 13844.73981875324, 13844.73981875324, 13844.73981875324, 13844.73981875324, 13844.73981875324, 13844.73981875324, 13844.73981875324, 13844.73981875324, 13844.73981875324, 13844.73981875324, 13844.73981875324, 13844.73981875324, 13844.73981875324, 13844.73981875324, 13844.73981875324, 13844.73981875324, 13844.73981875324, 13844.73981875324, 13844.73981875324, 13844.73981875324, 13844.73981875324, 13844.73981875324, 13844.73981875324, 13844.73981875324, 13844.73981875324, 13844.73981875324, 13844.73981875324, 13844.73981875324, 13844.73981875324, 13844.73981875324, 13844.73981875324, 13844.73981875324, 13844.73981875324, 13844.73981875324, 13844.73981875324, 13844.73981875324, 13844.73981875324, 13844.73981875324, 13844.73981875324, 13844.73981875324, 13844.73981875324, 13844.73981875324, 13844.73981875324, 13844.73981875324, 13844.73981875324, 13844.73981875324, 13844.73981875324, 13844.73981875324, 13844.73981875324, 13844.73981875324, 13844.73981875324, 13844.73981875324, 13844.73981875324, 13844.73981875324, 13844.73981875324, 13844.73981875324, 13844.73981875324, 13844.73981875324, 13844.73981875324, 13844.73981875324, 13844.73981875324, 13844.73981875324, 13844.73981875324, 13844.73981875324, 13844.73981875324, 13844.73981875324, 13844.73981875324, 13844.73981875324, 13844.73981875324, 13844.73981875324, 13844.73981875324, 13844.73981875324, 13844.73981875324, 13844.73981875324, 13844.73981875324, 13844.73981875324, 13844.73981875324, 13844.73981875324, 13844.73981875324, 13844.73981875324, 13844.73981875324, 13844.73981875324, 13844.73981875324, 13844.73981875324, 13844.73981875324, 13844.73981875324, 13844.73981875324, 13844.73981875324, 13844.73981875324, 13844.73981875324, 13844.73981875324, 13844.73981875324, 13844.73981875324, 13844.73981875324, 13844.73981875324, 13844.73981875324, 13844.73981875324, 13844.73981875324, 13844.73981875324, 13844.73981875324, 13844.73981875324, 13844.73981875324, 13844.73981875324, 13844.73981875324, 13844.73981875324, 13844.73981875324, 13844.73981875324, 13844.73981875324, 13844.73981875324, 13844.73981875324, 13844.73981875324, 13844.73981875324, 13844.73981875324, 13844.73981875324, 13844.73981875324, 13844.73981875324, 13844.73981875324, 13844.73981875324, 13844.73981875324, 13844.73981875324, 13844.73981875324, 13844.73981875324, 13844.73981875324, 13844.73981875324, 13844.73981875324, 13844.73981875324, 13844.73981875324, 13844.73981875324, 13844.73981875324, 13844.73981875324, 13844.73981875324, 13844.73981875324, 13844.73981875324, 13844.73981875324, 13844.73981875324, 13844.73981875324, 13844.73981875324, 13844.73981875324, 13844.73981875324, 13844.73981875324, 13844.73981875324, 13844.73981875324, 13844.73981875324, 13844.73981875324, 13844.73981875324, 13844.73981875324, 13844.73981875324, 13844.73981875324, 13844.73981875324, 13844.73981875324, 13844.73981875324, 13844.73981875324, 13844.73981875324, 13844.73981875324, 13844.73981875324, 13844.73981875324, 13844.73981875324, 13844.73981875324]
Computational time : 194.815000057