Name : Ahmed ElMousel
Problem : X-n190-k8 
Whale Algorithm 
cost : 19197.6904086
Routes : 
1->1
1->1
1->1
1->1
1->1
1->1
1->169->113->86->143->93->82->105->90->110->36->60->131->7->23->78->126->87->13->25->98->144->26->96->64->1
1->106->58->170->81->79->148->151->31->40->37->39->3->160->45->128->38->1
1->1
1->185->183->161->47->136->146->116->145->95->51->69->22->24->112->165->159->122->76->94->52->167->68->150->32->1
1->89->179->70->180->63->101->9->57->43->91->4->97->10->115->66->108->92->114->75->162->135->133->174->158->171->17->15->1
1->1
1->65->67->172->14->121->111->5->164->129->29->56->21->54->163->8->156->18->80->117->61->12->176->132->1
1->20->189->184->137->168->124->178->72->53->177->6->48->102->187->88->153->42->182->127->55->49->175->152->138->139->2->46->100->119->1
1->1
1->1
1->84->166->134->130->109->104->11->44->59->71->41->33->62->181->154->85->99->142->149->147->74->35->103->173->1
1->30->140->73->157->34->155->190->125->188->28->16->77->186->19->141->83->123->118->27->50->120->107->1
best solutions : 
[33946.54269604068, 32036.190379553, 29980.68912890194, 27998.16683779592, 26661.122747810703, 25056.19859360593, 24033.24928961554, 23200.85792260705, 22343.867964325218, 21990.398058871586, 21925.889681875015, 21421.998886648977, 21299.965389801753, 21223.40407636405, 21221.657238909138, 21080.533320032544, 20872.322537840457, 20676.68423773655, 20676.68423773655, 20602.51620480957, 20602.516204809566, 20101.109544006962, 20077.564964032503, 20077.564964032503, 20077.564964032503, 20077.564964032503, 20077.564964032503, 20077.564964032503, 20077.564964032503, 20077.564964032503, 20077.564964032503, 20077.564964032503, 20077.564964032503, 20077.564964032503, 20077.564964032503, 20077.564964032503, 20071.279109248513, 20071.279109248513, 20062.79980954354, 20038.44008570662, 20038.44008570662, 20038.44008570662, 20038.44008570662, 19884.98324123278, 19884.98324123278, 19884.98324123278, 19827.01395433201, 19827.01395433201, 19827.01395433201, 19827.01395433201, 19827.01395433201, 19827.01395433201, 19827.01395433201, 19827.01395433201, 19827.01395433201, 19827.01395433201, 19797.41396259948, 19747.40863942462, 19747.40863942462, 19747.40863942462, 19747.40863942462, 19747.40863942462, 19747.40863942462, 19747.40863942462, 19747.40863942462, 19747.40863942462, 19727.740261176637, 19727.740261176637, 19720.17480712909, 19720.17480712909, 19720.17480712909, 19720.17480712909, 19720.17480712909, 19707.52268244669, 19707.52268244669, 19575.06500184715, 19575.06500184715, 19575.06500184715, 19575.06500184715, 19575.06500184715, 19575.06500184715, 19575.06500184715, 19575.06500184715, 19575.06500184715, 19575.06500184715, 19575.06500184715, 19575.06500184715, 19575.06500184715, 19503.93308184183, 19503.93308184183, 19503.93308184183, 19426.01541444247, 19426.01541444247, 19426.01541444247, 19414.620330238155, 19414.620330238155, 19414.620330238155, 19414.620330238155, 19414.620330238155, 19414.620330238155, 19414.620330238155, 19414.620330238155, 19414.620330238155, 19414.620330238155, 19414.620330238155, 19414.620330238155, 19414.620330238155, 19414.620330238155, 19414.620330238155, 19414.620330238155, 19383.613776671988, 19383.613776671988, 19383.613776671988, 19383.613776671988, 19383.613776671988, 19383.613776671988, 19383.613776671988, 19383.613776671988, 19383.613776671988, 19383.613776671988, 19383.613776671988, 19383.613776671988, 19383.613776671988, 19383.613776671988, 19383.613776671988, 19383.613776671988, 19383.613776671988, 19383.613776671988, 19383.613776671988, 19383.613776671988, 19383.613776671988, 19383.613776671988, 19383.613776671988, 19383.613776671988, 19383.613776671988, 19383.613776671988, 19383.613776671988, 19383.613776671988, 19383.613776671988, 19355.3742230251, 19355.3742230251, 19355.3742230251, 19355.3742230251, 19355.3742230251, 19355.3742230251, 19355.3742230251, 19355.3742230251, 19355.3742230251, 19355.3742230251, 19355.3742230251, 19355.3742230251, 19355.3742230251, 19355.3742230251, 19355.3742230251, 19355.3742230251, 19355.3742230251, 19355.3742230251, 19355.3742230251, 19355.3742230251, 19355.3742230251, 19355.3742230251, 19355.3742230251, 19355.3742230251, 19355.3742230251, 19355.3742230251, 19355.3742230251, 19348.52109507959, 19348.52109507959, 19348.52109507959, 19348.52109507959, 19348.52109507959, 19348.52109507959, 19329.182699085595, 19329.182699085595, 19329.182699085595, 19329.182699085595, 19329.182699085595, 19329.182699085595, 19329.182699085595, 19329.182699085595, 19329.182699085595, 19329.182699085595, 19329.182699085595, 19329.182699085595, 19329.182699085595, 19329.182699085595, 19329.182699085595, 19329.182699085595, 19329.182699085595, 19329.182699085595, 19329.182699085595, 19329.182699085595, 19329.182699085595, 19329.182699085595, 19329.182699085595, 19329.182699085595, 19329.182699085595, 19329.182699085595, 19329.182699085595, 19329.182699085595, 19329.182699085595, 19329.182699085595, 19329.182699085595, 19329.18269908559, 19329.18269908559, 19329.18269908559, 19329.18269908559, 19329.18269908559, 19329.18269908559, 19329.18269908559, 19329.18269908559, 19329.18269908559, 19329.18269908559, 19329.18269908559, 19329.18269908559, 19329.18269908559, 19329.18269908559, 19329.18269908559, 19329.18269908559, 19329.18269908559, 19329.18269908559, 19329.18269908559, 19329.18269908559, 19329.18269908559, 19329.18269908559, 19329.18269908559, 19329.18269908559, 19329.18269908559, 19329.18269908559, 19329.18269908559, 19329.18269908559, 19329.18269908559, 19329.18269908559, 19329.18269908559, 19329.18269908559, 19329.18269908559, 19329.18269908559, 19328.598593406496, 19328.598593406496, 19328.598593406496, 19328.598593406496, 19328.598593406496, 19328.598593406496, 19328.598593406496, 19328.598593406496, 19328.598593406496, 19328.598593406496, 19328.598593406496, 19328.598593406496, 19328.598593406496, 19328.598593406496, 19328.598593406496, 19328.598593406496, 19328.598593406496, 19328.598593406496, 19328.598593406496, 19328.598593406496, 19328.598593406496, 19328.598593406496, 19328.598593406496, 19328.598593406496, 19328.598593406496, 19328.598593406496, 19328.598593406496, 19328.598593406496, 19328.598593406496, 19328.598593406496, 19328.598593406496, 19328.598593406496, 19328.598593406496, 19328.598593406496, 19328.598593406496, 19328.598593406496, 19328.598593406496, 19328.598593406496, 19328.598593406496, 19328.598593406496, 19328.598593406496, 19328.598593406496, 19328.598593406496, 19328.598593406496, 19328.598593406496, 19328.598593406496, 19325.3580889107, 19325.3580889107, 19325.3580889107, 19325.3580889107, 19325.3580889107, 19325.3580889107, 19325.3580889107, 19325.3580889107, 19325.3580889107, 19325.3580889107, 19325.3580889107, 19325.3580889107, 19325.3580889107, 19325.3580889107, 19325.3580889107, 19325.3580889107, 19325.3580889107, 19325.3580889107, 19325.3580889107, 19325.3580889107, 19325.3580889107, 19325.3580889107, 19325.3580889107, 19325.3580889107, 19325.3580889107, 19325.3580889107, 19325.3580889107, 19325.3580889107, 19325.3580889107, 19325.3580889107, 19325.3580889107, 19325.3580889107, 19325.3580889107, 19325.3580889107, 19325.3580889107, 19325.3580889107, 19325.3580889107, 19325.3580889107, 19325.3580889107, 19325.3580889107, 19325.3580889107, 19325.3580889107, 19325.3580889107, 19325.3580889107, 19325.3580889107, 19325.3580889107, 19325.3580889107, 19325.3580889107, 19325.3580889107, 19325.3580889107, 19325.3580889107, 19325.3580889107, 19325.3580889107, 19325.3580889107, 19325.3580889107, 19325.3580889107, 19325.3580889107, 19325.3580889107, 19325.3580889107, 19325.3580889107, 19300.950708481632, 19300.950708481632, 19300.950708481632, 19300.950708481632, 19300.950708481632, 19300.950708481632, 19300.950708481632, 19300.950708481632, 19300.950708481632, 19300.950708481632, 19300.950708481632, 19300.950708481632, 19300.950708481632, 19300.950708481632, 19300.950708481632, 19300.950708481632, 19300.950708481632, 19300.950708481632, 19300.950708481632, 19300.950708481632, 19300.950708481632, 19300.950708481632, 19300.950708481632, 19300.950708481632, 19300.950708481632, 19300.950708481632, 19300.950708481632, 19300.950708481632, 19300.950708481632, 19300.950708481632, 19300.950708481632, 19300.950708481632, 19300.950708481632, 19300.950708481632, 19300.950708481632, 19300.950708481632, 19300.950708481632, 19300.950708481632, 19300.950708481632, 19300.950708481632, 19300.950708481632, 19300.950708481632, 19300.950708481632, 19300.950708481632, 19300.950708481632, 19300.950708481632, 19300.950708481632, 19300.950708481632, 19300.950708481632, 19300.950708481632, 19300.950708481632, 19300.950708481632, 19300.950708481632, 19300.950708481632, 19300.950708481632, 19300.950708481632, 19300.950708481632, 19300.950708481632, 19300.950708481632, 19300.950708481632, 19300.950708481632, 19300.950708481632, 19300.950708481632, 19300.950708481632, 19300.950708481632, 19300.950708481632, 19300.950708481632, 19300.950708481632, 19300.950708481632, 19300.950708481632, 19300.950708481632, 19300.950708481632, 19300.950708481632, 19300.950708481632, 19300.950708481632, 19300.950708481632, 19300.950708481632, 19300.950708481632, 19300.950708481632, 19296.06109608271, 19296.06109608271, 19296.06109608271, 19296.06109608271, 19296.06109608271, 19296.06109608271, 19296.06109608271, 19296.06109608271, 19296.06109608271, 19296.06109608271, 19296.06109608271, 19296.06109608271, 19296.06109608271, 19296.06109608271, 19296.06109608271, 19296.06109608271, 19296.06109608271, 19296.06109608271, 19296.06109608271, 19296.06109608271, 19296.06109608271, 19296.06109608271, 19296.06109608271, 19296.06109608271, 19296.06109608271, 19296.06109608271, 19296.06109608271, 19296.06109608271, 19296.06109608271, 19296.06109608271, 19291.96986491506, 19291.96986491506, 19291.96986491506, 19291.96986491506, 19291.96986491506, 19291.96986491506, 19291.96986491506, 19291.96986491506, 19291.96986491506, 19291.96986491506, 19291.96986491506, 19291.96986491506, 19291.96986491506, 19291.96986491506, 19291.96986491506, 19291.96986491506, 19291.96986491506, 19291.96986491506, 19291.96986491506, 19291.96986491506, 19291.96986491506, 19291.96986491506, 19291.96986491506, 19291.96986491506, 19291.96986491506, 19291.96986491506, 19291.96986491506, 19260.941529299133, 19260.941529299133, 19260.941529299133, 19260.941529299133, 19260.941529299133, 19260.941529299133, 19260.941529299133, 19260.941529299133, 19260.941529299133, 19260.941529299133, 19260.941529299133, 19260.941529299133, 19260.941529299133, 19260.941529299133, 19260.941529299133, 19260.941529299133, 19260.941529299133, 19260.941529299133, 19260.941529299133, 19260.941529299133, 19260.941529299133, 19260.941529299133, 19260.941529299133, 19260.941529299133, 19260.941529299133, 19260.941529299133, 19260.941529299133, 19260.941529299133, 19260.941529299133, 19260.941529299133, 19260.941529299133, 19260.941529299133, 19260.941529299133, 19260.941529299133, 19260.941529299133, 19260.941529299133, 19260.941529299133, 19260.941529299133, 19260.941529299133, 19260.941529299133, 19260.941529299133, 19260.941529299133, 19260.941529299133, 19260.941529299133, 19260.941529299133, 19260.941529299133, 19260.941529299133, 19260.941529299133, 19260.941529299133, 19260.941529299133, 19260.941529299133, 19260.941529299133, 19260.941529299133, 19260.941529299133, 19260.941529299133, 19260.941529299133, 19260.941529299133, 19260.941529299133, 19260.941529299133, 19260.941529299133, 19260.941529299133, 19260.941529299133, 19260.941529299133, 19260.941529299133, 19260.941529299133, 19260.941529299133, 19260.941529299133, 19260.941529299133, 19260.941529299133, 19260.941529299133, 19260.941529299133, 19260.941529299133, 19260.941529299133, 19260.941529299133, 19260.941529299133, 19260.941529299133, 19260.941529299133, 19260.941529299133, 19260.941529299133, 19260.941529299133, 19260.941529299133, 19260.941529299133, 19260.941529299133, 19260.941529299133, 19260.941529299133, 19260.941529299133, 19260.941529299133, 19260.941529299133, 19260.941529299133, 19260.941529299133, 19260.941529299133, 19260.941529299133, 19260.941529299133, 19260.941529299133, 19260.941529299133, 19260.941529299133, 19260.941529299133, 19260.941529299133, 19260.941529299133, 19260.941529299133, 19260.941529299133, 19260.941529299133, 19260.941529299133, 19260.941529299133, 19260.941529299133, 19260.941529299133, 19260.941529299133, 19260.941529299133, 19260.941529299133, 19260.941529299133, 19260.941529299133, 19260.941529299133, 19260.941529299133, 19260.941529299133, 19260.941529299133, 19260.941529299133, 19260.941529299133, 19260.941529299133, 19260.941529299133, 19260.941529299133, 19260.941529299133, 19260.941529299133, 19248.026377945236, 19248.026377945236, 19248.026377945236, 19248.026377945236, 19248.026377945236, 19248.026377945236, 19248.026377945236, 19248.026377945236, 19248.026377945236, 19248.026377945236, 19248.026377945236, 19248.026377945236, 19248.026377945236, 19248.026377945236, 19248.026377945236, 19248.026377945236, 19248.026377945236, 19248.026377945236, 19248.026377945236, 19248.026377945236, 19248.026377945236, 19248.026377945236, 19248.026377945236, 19248.026377945236, 19248.026377945236, 19248.026377945236, 19248.026377945236, 19248.026377945236, 19248.026377945236, 19248.026377945236, 19248.026377945236, 19248.026377945236, 19248.026377945236, 19248.026377945236, 19248.026377945236, 19248.026377945236, 19248.026377945236, 19248.026377945236, 19248.026377945236, 19248.026377945236, 19248.026377945236, 19248.026377945236, 19248.026377945236, 19248.026377945236, 19248.026377945236, 19248.026377945236, 19248.026377945236, 19248.026377945236, 19248.026377945236, 19248.026377945236, 19248.026377945236, 19248.026377945236, 19248.026377945236, 19248.026377945236, 19248.026377945236, 19248.026377945236, 19248.026377945236, 19248.026377945236, 19248.026377945236, 19248.026377945236, 19248.026377945236, 19248.026377945236, 19248.026377945236, 19248.026377945236, 19248.026377945236, 19248.026377945236, 19248.026377945236, 19248.026377945236, 19248.026377945236, 19248.026377945236, 19248.026377945236, 19248.026377945236, 19248.026377945236, 19248.026377945236, 19248.026377945236, 19248.026377945236, 19248.026377945236, 19248.026377945236, 19248.026377945236, 19248.026377945236, 19248.026377945236, 19248.026377945236, 19248.026377945236, 19248.026377945236, 19248.026377945236, 19248.026377945236, 19248.026377945236, 19248.026377945236, 19248.026377945236, 19248.026377945236, 19248.026377945236, 19248.026377945236, 19248.026377945236, 19248.026377945236, 19248.026377945236, 19248.026377945236, 19248.026377945236, 19248.026377945236, 19248.026377945236, 19248.026377945236, 19248.026377945236, 19248.026377945236, 19248.026377945236, 19248.026377945236, 19248.026377945236, 19248.026377945236, 19248.026377945236, 19248.026377945236, 19248.026377945236, 19248.026377945236, 19248.026377945236, 19248.026377945236, 19248.026377945236, 19248.026377945236, 19248.026377945236, 19248.026377945236, 19248.026377945236, 19248.026377945236, 19248.026377945236, 19248.026377945236, 19248.026377945236, 19248.026377945236, 19248.026377945236, 19248.026377945236, 19248.026377945236, 19248.026377945236, 19248.026377945236, 19248.026377945236, 19248.026377945236, 19248.026377945236, 19248.026377945236, 19248.026377945236, 19248.026377945236, 19248.026377945236, 19248.026377945236, 19248.026377945236, 19248.026377945236, 19248.026377945236, 19248.026377945236, 19248.026377945236, 19248.026377945236, 19248.026377945236, 19248.026377945236, 19248.026377945236, 19248.026377945236, 19248.026377945236, 19248.026377945236, 19248.026377945236, 19248.026377945236, 19248.026377945236, 19248.026377945236, 19248.026377945236, 19248.026377945236, 19248.026377945236, 19248.026377945236, 19248.026377945236, 19248.026377945236, 19248.026377945236, 19248.026377945236, 19248.026377945236, 19248.026377945236, 19248.026377945236, 19248.026377945236, 19248.026377945236, 19248.026377945236, 19248.026377945236, 19248.026377945236, 19248.026377945236, 19248.026377945236, 19237.78794899941, 19237.78794899941, 19237.78794899941, 19237.78794899941, 19237.78794899941, 19237.78794899941, 19237.78794899941, 19237.78794899941, 19237.78794899941, 19237.78794899941, 19237.78794899941, 19237.78794899941, 19237.78794899941, 19237.78794899941, 19237.78794899941, 19237.78794899941, 19237.78794899941, 19237.78794899941, 19237.78794899941, 19237.78794899941, 19237.78794899941, 19237.78794899941, 19237.78794899941, 19237.78794899941, 19237.78794899941, 19237.78794899941, 19237.78794899941, 19237.78794899941, 19237.78794899941, 19237.78794899941, 19237.78794899941, 19237.78794899941, 19237.78794899941, 19237.78794899941, 19237.78794899941, 19237.78794899941, 19237.78794899941, 19237.78794899941, 19237.78794899941, 19237.78794899941, 19237.78794899941, 19237.78794899941, 19237.78794899941, 19237.78794899941, 19237.78794899941, 19237.78794899941, 19237.78794899941, 19237.78794899941, 19237.78794899941, 19237.78794899941, 19237.78794899941, 19237.78794899941, 19237.78794899941, 19237.78794899941, 19237.78794899941, 19237.78794899941, 19237.78794899941, 19237.78794899941, 19237.78794899941, 19237.78794899941, 19237.78794899941, 19237.78794899941, 19237.78794899941, 19237.78794899941, 19237.78794899941, 19237.78794899941, 19237.78794899941, 19237.78794899941, 19237.78794899941, 19237.78794899941, 19237.78794899941, 19237.78794899941, 19237.78794899941, 19237.78794899941, 19237.78794899941, 19237.78794899941, 19237.78794899941, 19237.78794899941, 19237.78794899941, 19237.78794899941, 19237.78794899941, 19237.78794899941, 19237.78794899941, 19237.78794899941, 19237.78794899941, 19237.78794899941, 19237.78794899941, 19237.78794899941, 19237.78794899941, 19237.78794899941, 19237.78794899941, 19237.78794899941, 19237.78794899941, 19237.78794899941, 19237.78794899941, 19237.78794899941, 19237.78794899941, 19237.78794899941, 19237.78794899941, 19237.78794899941, 19237.78794899941, 19237.78794899941, 19237.78794899941, 19237.78794899941, 19237.78794899941, 19237.78794899941, 19237.78794899941, 19237.78794899941, 19237.78794899941, 19237.78794899941, 19237.78794899941, 19237.78794899941, 19237.78794899941, 19237.78794899941, 19237.78794899941, 19237.78794899941, 19237.78794899941, 19237.78794899941, 19237.78794899941, 19237.78794899941, 19237.78794899941, 19237.78794899941, 19237.78794899941, 19237.78794899941, 19237.78794899941, 19221.303165100726, 19221.303165100726, 19221.303165100726, 19221.303165100726, 19221.303165100726, 19221.303165100726, 19221.303165100726, 19221.303165100726, 19221.303165100726, 19221.303165100726, 19221.303165100726, 19221.303165100726, 19221.303165100726, 19221.303165100726, 19221.303165100726, 19221.303165100726, 19221.303165100726, 19221.303165100726, 19218.279907357377, 19218.279907357377, 19218.279907357377, 19218.279907357377, 19218.279907357377, 19218.279907357377, 19218.279907357377, 19218.279907357377, 19218.279907357377, 19218.279907357377, 19218.279907357377, 19218.279907357377, 19218.279907357377, 19218.279907357377, 19218.279907357377, 19218.279907357377, 19218.279907357377, 19218.279907357377, 19218.279907357377, 19218.279907357377, 19218.279907357377, 19218.279907357377, 19218.279907357377, 19218.279907357377, 19218.279907357377, 19218.279907357377, 19218.279907357377, 19218.279907357377, 19218.279907357377, 19218.279907357377, 19218.279907357377, 19218.279907357377, 19218.279907357377, 19218.279907357377, 19218.279907357377, 19218.279907357377, 19218.279907357377, 19218.279907357377, 19218.279907357377, 19211.701143687947, 19211.701143687947, 19211.701143687947, 19211.701143687947, 19211.701143687947, 19211.701143687947, 19211.701143687947, 19197.69040857169, 19197.69040857169, 19197.69040857169, 19197.69040857169, 19197.69040857169, 19197.69040857169, 19197.69040857169, 19197.69040857169, 19197.69040857169, 19197.69040857169, 19197.69040857169, 19197.69040857169, 19197.69040857169, 19197.69040857169, 19197.69040857169, 19197.69040857169, 19197.69040857169, 19197.69040857169, 19197.69040857169, 19197.69040857169, 19197.69040857169, 19197.69040857169, 19197.69040857169, 19197.69040857169, 19197.69040857169, 19197.69040857169, 19197.69040857169, 19197.69040857169, 19197.69040857169, 19197.69040857169, 19197.69040857169, 19197.69040857169, 19197.69040857169, 19197.69040857169, 19197.69040857169, 19197.69040857169, 19197.69040857169, 19197.69040857169, 19197.69040857169, 19197.69040857169, 19197.69040857169, 19197.69040857169, 19197.69040857169, 19197.69040857169, 19197.69040857169, 19197.69040857169, 19197.69040857169, 19197.69040857169, 19197.69040857169, 19197.69040857169, 19197.69040857169, 19197.69040857169, 19197.69040857169, 19197.69040857169, 19197.69040857169, 19197.69040857169, 19197.69040857169, 19197.69040857169, 19197.69040857169, 19197.69040857169, 19197.69040857169, 19197.69040857169, 19197.69040857169, 19197.69040857169, 19197.69040857169, 19197.69040857169]
Computational time : 1678.39999986