Name : Ahmed ElMousel
Problem : X-n115-k10 
Whale Algorithm 
cost : 847.107397697
Routes : 
1->4->6->7->8->10->9->33->12->13->3->1
1->14->26->25->24->23->21->22->20->19->11->5->1
1->31->32->15->2->1
1->30->29->17->28->27->18->16->1
best solutions : 
[872.1615383362829, 872.1615383362829, 872.1615383362829, 868.1400000060204, 868.1400000060204, 862.1956068144627, 862.1956068144627, 861.9044702174654, 861.9044702174654, 861.9044702174654, 861.9044702174654, 861.9044702174654, 861.9044702174654, 861.9044702174654, 860.3060629978215, 860.3060629978215, 860.3060629978215, 860.3060629978215, 852.952049186126, 852.7401811419527, 847.1073976969187, 847.1073976969187, 847.1073976969187, 847.1073976969187, 847.1073976969187, 847.1073976969187, 847.1073976969187, 847.1073976969187, 847.1073976969187, 847.1073976969187, 847.1073976969187, 847.1073976969187, 847.1073976969187, 847.1073976969187, 847.1073976969187, 847.1073976969187, 847.1073976969187, 847.1073976969187, 847.1073976969187, 847.1073976969187, 847.1073976969187, 847.1073976969187, 847.1073976969187, 847.1073976969187, 847.1073976969187, 847.1073976969187, 847.1073976969187, 847.1073976969187, 847.1073976969187, 847.1073976969187, 847.1073976969187, 847.1073976969187, 847.1073976969187, 847.1073976969187, 847.1073976969187, 847.1073976969187, 847.1073976969187, 847.1073976969187, 847.1073976969187, 847.1073976969187, 847.1073976969187, 847.1073976969187, 847.1073976969187, 847.1073976969187, 847.1073976969187, 847.1073976969187, 847.1073976969187, 847.1073976969187, 847.1073976969187, 847.1073976969187, 847.1073976969187, 847.1073976969187, 847.1073976969187, 847.1073976969187, 847.1073976969187, 847.1073976969187, 847.1073976969187, 847.1073976969187, 847.1073976969187, 847.1073976969187, 847.1073976969187, 847.1073976969187, 847.1073976969187, 847.1073976969187, 847.1073976969187, 847.1073976969187, 847.1073976969187, 847.1073976969187, 847.1073976969187, 847.1073976969187, 847.1073976969187, 847.1073976969187, 847.1073976969187, 847.1073976969187, 847.1073976969187, 847.1073976969187, 847.1073976969187, 847.1073976969187, 847.1073976969187, 847.1073976969187, 847.1073976969187, 847.1073976969187, 847.1073976969187, 847.1073976969187, 847.1073976969187, 847.1073976969187, 847.1073976969187, 847.1073976969187, 847.1073976969187, 847.1073976969187, 847.1073976969187, 847.1073976969187, 847.1073976969187, 847.1073976969187, 847.1073976969187, 847.1073976969187, 847.1073976969187, 847.1073976969187, 847.1073976969187, 847.1073976969187, 847.1073976969187, 847.1073976969187, 847.1073976969187, 847.1073976969187, 847.1073976969187, 847.1073976969187, 847.1073976969187, 847.1073976969187, 847.1073976969187, 847.1073976969187, 847.1073976969187, 847.1073976969187, 847.1073976969187, 847.1073976969187, 847.1073976969187, 847.1073976969187, 847.1073976969187, 847.1073976969187, 847.1073976969187, 847.1073976969187, 847.1073976969187, 847.1073976969187, 847.1073976969187, 847.1073976969187, 847.1073976969187, 847.1073976969187, 847.1073976969187, 847.1073976969187, 847.1073976969187, 847.1073976969187, 847.1073976969187, 847.1073976969187, 847.1073976969187, 847.1073976969187, 847.1073976969187, 847.1073976969187, 847.1073976969187, 847.1073976969187, 847.1073976969187, 847.1073976969187, 847.1073976969187, 847.1073976969187, 847.1073976969187, 847.1073976969187, 847.1073976969187, 847.1073976969187, 847.1073976969187, 847.1073976969187, 847.1073976969187, 847.1073976969187, 847.1073976969187, 847.1073976969187, 847.1073976969187, 847.1073976969187, 847.1073976969187, 847.1073976969187, 847.1073976969187, 847.1073976969187, 847.1073976969187, 847.1073976969187, 847.1073976969187, 847.1073976969187, 847.1073976969187, 847.1073976969187, 847.1073976969187, 847.1073976969187, 847.1073976969187, 847.1073976969187]
Computational time : 4.54799985886