Name : Ahmed ElMousel
Problem : X-n190-k8 
Whale Algorithm 
cost : 14690.3016823
Routes : 
1->1
1->1
1->1
1->1
1->1
1->63->41->88->73->103->112->35->28->12->57->2->25->38->58->36->93->7->91->115->71->94->1
1->89->39->30->33->92->13->44->77->114->65->99->14->100->10->16->84->59->15->24->26->53->1
1->11->95->110->83->45->29->20->98->8->107->111->75->66->87->49->116->37->34->80->22->81->1
1->21->55->78->101->60->23->5->96->61->69->70->82->54->119->31->68->74->32->51->1
1->19->76->47->67->109->118->27->6->48->102->106->105->64->52->90->86->42->104->18->56->85->1
1->62->120->17->3->50->43->40->79->9->4->46->113->72->97->108->117->1
best solutions : 
[19619.63897204585, 18829.263198343808, 18641.590612334312, 17865.108747478396, 17760.115153033305, 16830.353572798114, 16189.86093215168, 15712.389399024216, 15696.348708513562, 15667.444821764804, 15647.598006370228, 15647.598006370228, 15530.423839765883, 15530.423839765883, 15530.423839765883, 15530.423839765883, 15530.423839765883, 15530.423839765883, 15517.791215310219, 15460.373184758519, 15460.373184758519, 15460.373184758519, 15392.6534540935, 15390.382391321478, 15390.382391321478, 15390.382391321478, 15372.225853073767, 15372.225853073767, 15372.225853073767, 15372.225853073767, 15148.976020443755, 15148.976020443755, 15148.976020443755, 15148.976020443755, 15148.976020443755, 15148.976020443755, 15148.976020443755, 15148.976020443755, 15148.976020443755, 15148.976020443755, 15148.976020443755, 15148.976020443755, 15148.976020443755, 15148.976020443755, 15148.976020443755, 15135.75434590999, 15057.278560901765, 15047.335213653654, 15047.335213653654, 15047.335213653654, 14969.359454595862, 14969.359454595862, 14969.359454595862, 14956.915920587715, 14956.915920587715, 14956.915920587715, 14954.831540202846, 14954.831540202846, 14954.831540202846, 14954.831540202846, 14954.831540202846, 14954.831540202846, 14954.831540202846, 14954.831540202846, 14905.223693715461, 14905.223693715461, 14905.223693715461, 14905.223693715461, 14905.223693715461, 14905.223693715461, 14905.223693715461, 14893.54244604012, 14893.54244604012, 14893.54244604012, 14893.54244604012, 14893.54244604012, 14893.54244604012, 14893.54244604012, 14893.54244604012, 14893.54244604012, 14893.54244604012, 14893.54244604012, 14893.54244604012, 14893.54244604012, 14893.54244604012, 14891.689826420363, 14891.689826420363, 14891.689826420363, 14891.689826420363, 14891.689826420363, 14891.689826420363, 14891.689826420363, 14887.879063894921, 14887.879063894921, 14887.879063894921, 14887.879063894921, 14887.879063894921, 14887.879063894921, 14887.879063894921, 14887.879063894921, 14887.879063894921, 14887.879063894921, 14887.879063894921, 14887.879063894921, 14887.879063894921, 14887.879063894921, 14887.879063894921, 14882.906375866882, 14882.906375866882, 14882.906375866882, 14860.771267405622, 14860.771267405622, 14860.771267405622, 14825.139787399186, 14825.139787399186, 14825.139787399186, 14825.139787399186, 14825.139787399186, 14825.139787399186, 14825.139787399186, 14825.139787399186, 14825.139787399186, 14825.139787399186, 14825.139787399186, 14825.139787399186, 14825.139787399186, 14825.139787399186, 14814.596051999793, 14814.596051999793, 14814.596051999793, 14814.596051999793, 14814.596051999793, 14814.596051999793, 14814.596051999793, 14814.596051999793, 14814.596051999793, 14814.596051999793, 14814.596051999793, 14814.596051999793, 14814.596051999793, 14814.596051999793, 14814.596051999793, 14814.596051999793, 14814.596051999793, 14814.596051999793, 14814.596051999793, 14814.596051999793, 14814.596051999793, 14814.596051999793, 14814.596051999793, 14814.596051999793, 14814.596051999793, 14814.596051999793, 14814.596051999793, 14814.596051999793, 14814.596051999793, 14814.596051999793, 14814.596051999793, 14814.596051999793, 14814.596051999793, 14814.596051999793, 14814.596051999793, 14814.596051999793, 14814.596051999793, 14814.596051999793, 14805.461956738822, 14805.461956738822, 14805.461956738822, 14805.46195673882, 14805.46195673882, 14805.46195673882, 14805.46195673882, 14805.46195673882, 14805.46195673882, 14805.46195673882, 14805.46195673882, 14805.46195673882, 14804.195284312771, 14804.195284312771, 14804.195284312771, 14804.195284312771, 14804.195284312771, 14804.195284312771, 14804.195284312771, 14804.195284312771, 14802.365716874598, 14802.365716874598, 14802.365716874598, 14802.365716874598, 14802.365716874598, 14802.365716874598, 14802.365716874598, 14802.365716874598, 14802.365716874598, 14802.365716874598, 14802.365716874598, 14802.365716874598, 14802.365716874598, 14802.365716874598, 14781.38138936068, 14781.38138936068, 14781.38138936068, 14781.38138936068, 14781.38138936068, 14781.38138936068, 14781.38138936068, 14781.38138936068, 14781.38138936068, 14781.38138936068, 14781.38138936068, 14781.38138936068, 14781.38138936068, 14781.38138936068, 14781.38138936068, 14781.38138936068, 14781.38138936068, 14781.38138936068, 14781.38138936068, 14780.864655668809, 14780.864655668809, 14780.864655668809, 14780.864655668809, 14780.864655668809, 14780.864655668809, 14780.864655668809, 14780.864655668809, 14780.864655668809, 14780.864655668809, 14780.864655668809, 14780.864655668809, 14780.864655668809, 14780.864655668809, 14780.864655668809, 14780.864655668809, 14780.864655668809, 14780.864655668809, 14780.864655668809, 14780.864655668809, 14780.864655668809, 14780.864655668809, 14780.864655668809, 14780.864655668809, 14780.864655668809, 14780.864655668809, 14780.864655668809, 14780.864655668809, 14780.864655668809, 14780.864655668809, 14780.864655668809, 14780.864655668809, 14780.864655668809, 14780.864655668809, 14780.864655668809, 14780.864655668809, 14767.940277552223, 14767.940277552223, 14767.940277552223, 14767.940277552223, 14767.940277552223, 14767.940277552223, 14767.940277552223, 14767.940277552223, 14767.940277552223, 14767.940277552223, 14767.940277552223, 14767.940277552223, 14767.940277552223, 14767.940277552223, 14767.940277552223, 14767.940277552223, 14767.940277552223, 14767.940277552223, 14767.940277552223, 14767.940277552223, 14767.940277552223, 14767.940277552223, 14767.940277552223, 14767.940277552223, 14767.940277552223, 14767.940277552223, 14767.940277552223, 14767.940277552223, 14767.940277552223, 14767.940277552223, 14767.940277552223, 14767.940277552223, 14767.940277552223, 14767.940277552223, 14767.940277552223, 14767.940277552223, 14767.940277552223, 14767.940277552223, 14767.940277552223, 14767.940277552223, 14767.940277552223, 14767.940277552223, 14767.940277552223, 14767.940277552223, 14767.940277552223, 14767.940277552223, 14767.940277552223, 14767.940277552223, 14767.940277552223, 14767.940277552223, 14767.940277552223, 14767.940277552223, 14767.940277552223, 14767.940277552223, 14767.940277552223, 14767.940277552223, 14767.940277552223, 14767.940277552223, 14767.940277552223, 14767.940277552223, 14767.940277552223, 14767.940277552223, 14767.940277552223, 14767.940277552223, 14767.940277552223, 14767.940277552223, 14767.940277552223, 14767.940277552223, 14767.940277552223, 14767.940277552223, 14767.940277552223, 14767.940277552223, 14767.940277552223, 14767.940277552223, 14767.940277552223, 14767.940277552223, 14767.940277552223, 14767.940277552223, 14767.940277552223, 14767.940277552223, 14767.940277552223, 14767.940277552223, 14767.940277552223, 14767.940277552223, 14767.940277552223, 14767.940277552223, 14767.940277552223, 14767.940277552223, 14767.940277552223, 14767.940277552223, 14767.940277552223, 14767.940277552223, 14767.940277552223, 14767.940277552223, 14767.940277552223, 14767.940277552223, 14767.940277552223, 14767.940277552223, 14767.940277552223, 14767.940277552223, 14767.940277552223, 14767.940277552223, 14767.940277552223, 14767.940277552223, 14767.940277552223, 14767.940277552223, 14767.940277552223, 14767.940277552223, 14767.940277552223, 14767.940277552223, 14767.940277552223, 14767.940277552223, 14767.940277552223, 14767.940277552223, 14767.940277552223, 14767.940277552223, 14767.940277552223, 14767.940277552223, 14767.940277552223, 14767.940277552223, 14767.940277552223, 14767.940277552223, 14767.940277552223, 14767.940277552223, 14767.940277552223, 14767.940277552223, 14767.940277552223, 14767.940277552223, 14767.940277552223, 14767.940277552223, 14767.940277552223, 14767.940277552223, 14767.940277552223, 14767.940277552223, 14767.940277552223, 14767.940277552223, 14767.940277552223, 14767.940277552223, 14767.940277552223, 14767.940277552223, 14767.940277552223, 14767.940277552223, 14767.940277552223, 14767.940277552223, 14767.940277552223, 14767.940277552223, 14767.940277552223, 14767.940277552223, 14767.940277552223, 14767.940277552223, 14767.940277552223, 14767.940277552223, 14767.940277552223, 14767.940277552223, 14767.940277552223, 14767.940277552223, 14767.940277552223, 14767.940277552223, 14767.940277552223, 14767.940277552223, 14767.940277552223, 14767.940277552223, 14767.940277552223, 14767.940277552223, 14767.940277552223, 14767.940277552223, 14767.940277552223, 14767.940277552223, 14767.940277552223, 14767.940277552223, 14767.940277552223, 14767.940277552223, 14767.940277552223, 14767.940277552223, 14767.940277552223, 14767.940277552223, 14767.940277552223, 14767.940277552223, 14767.940277552223, 14767.940277552223, 14767.940277552223, 14767.940277552223, 14767.940277552223, 14767.940277552223, 14767.940277552223, 14767.940277552223, 14767.940277552223, 14767.940277552223, 14767.940277552223, 14767.940277552223, 14767.940277552223, 14767.940277552223, 14767.940277552223, 14767.940277552223, 14767.940277552223, 14767.940277552223, 14767.940277552223, 14767.940277552223, 14767.940277552223, 14767.940277552223, 14767.940277552223, 14767.940277552223, 14767.940277552223, 14767.940277552223, 14767.940277552223, 14767.940277552223, 14767.940277552223, 14767.940277552223, 14767.940277552223, 14767.940277552223, 14767.940277552223, 14767.940277552223, 14767.940277552223, 14767.940277552223, 14767.940277552223, 14767.940277552223, 14767.940277552223, 14767.940277552223, 14767.940277552223, 14767.940277552223, 14767.940277552223, 14767.940277552223, 14767.940277552223, 14767.940277552223, 14767.940277552223, 14767.940277552223, 14767.940277552223, 14767.940277552223, 14767.940277552223, 14767.940277552223, 14767.940277552223, 14767.940277552223, 14767.940277552223, 14767.940277552223, 14767.940277552223, 14767.940277552223, 14767.940277552223, 14767.940277552223, 14767.940277552223, 14767.940277552223, 14767.940277552223, 14767.940277552223, 14767.940277552223, 14767.940277552223, 14767.940277552223, 14767.940277552223, 14767.940277552223, 14767.940277552223, 14767.940277552223, 14767.940277552223, 14767.940277552223, 14767.940277552223, 14767.940277552223, 14767.940277552223, 14767.940277552223, 14767.940277552223, 14767.940277552223, 14767.940277552223, 14767.940277552223, 14767.940277552223, 14767.940277552223, 14767.940277552223, 14767.940277552223, 14767.940277552223, 14767.940277552223, 14767.940277552223, 14767.940277552223, 14767.940277552223, 14767.940277552223, 14767.940277552223, 14767.940277552223, 14767.940277552223, 14767.940277552223, 14767.940277552223, 14767.940277552223, 14767.940277552223, 14767.940277552223, 14767.940277552223, 14767.940277552223, 14767.940277552223, 14767.940277552223, 14767.940277552223, 14767.940277552223, 14767.940277552223, 14767.940277552223, 14767.940277552223, 14767.940277552223, 14767.940277552223, 14767.940277552223, 14767.940277552223, 14767.940277552223, 14767.940277552223, 14767.940277552223, 14767.940277552223, 14767.940277552223, 14767.940277552223, 14767.940277552223, 14767.940277552223, 14767.940277552223, 14767.940277552223, 14767.940277552223, 14767.940277552223, 14767.940277552223, 14767.940277552223, 14767.940277552223, 14767.940277552223, 14767.940277552223, 14767.940277552223, 14767.940277552223, 14767.940277552223, 14767.940277552223, 14767.940277552223, 14767.940277552223, 14767.940277552223, 14767.940277552223, 14767.940277552223, 14767.940277552223, 14767.940277552223, 14767.940277552223, 14767.940277552223, 14767.940277552223, 14767.940277552223, 14767.940277552223, 14767.940277552223, 14767.940277552223, 14767.940277552223, 14767.940277552223, 14767.940277552223, 14767.940277552223, 14767.940277552223, 14767.940277552223, 14767.940277552223, 14767.940277552223, 14767.940277552223, 14767.940277552223, 14767.940277552223, 14767.940277552223, 14767.940277552223, 14767.940277552223, 14767.940277552223, 14767.940277552223, 14767.940277552223, 14767.940277552223, 14767.940277552223, 14767.940277552223, 14767.940277552223, 14767.940277552223, 14767.940277552223, 14767.940277552223, 14767.940277552223, 14767.940277552223, 14764.790273047654, 14764.790273047654, 14764.790273047654, 14764.790273047654, 14764.790273047654, 14764.790273047654, 14764.790273047654, 14764.790273047654, 14764.790273047654, 14764.790273047654, 14764.790273047654, 14764.790273047654, 14764.790273047654, 14764.790273047654, 14764.790273047654, 14764.790273047654, 14764.790273047654, 14764.790273047654, 14764.790273047654, 14764.790273047654, 14764.790273047654, 14764.790273047654, 14764.790273047654, 14764.790273047654, 14764.790273047654, 14764.790273047654, 14764.790273047654, 14764.790273047654, 14764.790273047654, 14764.790273047654, 14764.790273047654, 14764.790273047654, 14764.790273047654, 14764.790273047654, 14764.790273047654, 14764.790273047654, 14764.790273047654, 14764.790273047654, 14764.790273047654, 14764.790273047654, 14764.790273047654, 14764.790273047654, 14764.790273047654, 14764.790273047654, 14764.790273047654, 14764.790273047654, 14764.790273047654, 14764.790273047654, 14764.790273047654, 14764.790273047654, 14764.790273047654, 14764.790273047654, 14764.790273047654, 14764.790273047654, 14764.790273047654, 14764.790273047654, 14764.790273047654, 14764.790273047654, 14764.790273047654, 14764.790273047654, 14764.790273047654, 14764.790273047654, 14764.790273047654, 14764.790273047654, 14764.790273047654, 14764.790273047654, 14764.790273047654, 14764.790273047654, 14764.790273047654, 14764.790273047654, 14755.45095628934, 14755.45095628934, 14755.45095628934, 14755.45095628934, 14741.633240865776, 14741.633240865776, 14741.633240865776, 14741.633240865776, 14741.633240865776, 14741.633240865776, 14741.633240865776, 14741.633240865776, 14741.633240865776, 14741.633240865776, 14741.633240865776, 14741.633240865776, 14741.633240865776, 14741.633240865776, 14741.633240865776, 14741.633240865776, 14741.633240865776, 14741.633240865776, 14741.633240865776, 14741.633240865776, 14741.633240865776, 14741.633240865776, 14741.633240865776, 14741.633240865776, 14741.633240865776, 14741.633240865776, 14741.633240865776, 14741.633240865776, 14741.633240865776, 14741.633240865776, 14741.633240865776, 14741.633240865776, 14741.633240865776, 14741.633240865776, 14741.633240865776, 14741.633240865776, 14741.633240865776, 14741.633240865776, 14741.633240865776, 14741.633240865776, 14741.633240865776, 14741.633240865776, 14741.633240865776, 14741.633240865776, 14741.633240865776, 14741.633240865776, 14741.633240865776, 14741.633240865776, 14741.633240865776, 14741.633240865776, 14741.633240865776, 14741.633240865776, 14741.633240865776, 14741.633240865776, 14741.633240865776, 14741.633240865776, 14741.633240865776, 14741.633240865776, 14741.633240865776, 14741.633240865776, 14741.633240865776, 14741.633240865776, 14741.633240865776, 14741.633240865776, 14741.633240865776, 14741.633240865776, 14741.633240865776, 14741.633240865776, 14729.739318433501, 14729.739318433501, 14729.739318433501, 14729.739318433501, 14729.739318433501, 14729.739318433501, 14729.739318433501, 14729.739318433501, 14729.739318433501, 14729.739318433501, 14729.739318433501, 14729.739318433501, 14729.739318433501, 14729.739318433501, 14729.739318433501, 14729.739318433501, 14729.739318433501, 14729.739318433501, 14729.739318433501, 14729.739318433501, 14720.983054759348, 14720.983054759348, 14720.983054759348, 14720.983054759348, 14720.983054759348, 14720.983054759348, 14720.983054759348, 14720.983054759348, 14720.983054759348, 14720.983054759348, 14720.983054759348, 14703.130647086757, 14703.130647086757, 14703.130647086757, 14703.130647086757, 14703.130647086757, 14703.130647086757, 14703.130647086757, 14703.130647086757, 14703.130647086757, 14703.130647086757, 14703.130647086757, 14703.130647086757, 14703.130647086757, 14703.130647086757, 14703.130647086757, 14703.130647086757, 14703.130647086757, 14703.130647086757, 14703.130647086757, 14703.130647086757, 14703.130647086757, 14703.130647086757, 14703.130647086757, 14703.130647086757, 14703.130647086757, 14703.130647086757, 14703.130647086757, 14703.130647086757, 14703.130647086757, 14703.130647086757, 14703.130647086757, 14703.130647086757, 14703.130647086757, 14703.130647086757, 14703.130647086757, 14703.130647086757, 14703.130647086757, 14703.130647086757, 14703.130647086757, 14703.130647086757, 14703.130647086757, 14703.130647086757, 14703.130647086757, 14703.130647086757, 14703.130647086757, 14703.130647086757, 14703.130647086757, 14703.130647086757, 14703.130647086757, 14703.130647086757, 14703.130647086757, 14703.130647086757, 14703.130647086757, 14703.130647086757, 14703.130647086757, 14703.130647086757, 14703.130647086757, 14703.130647086757, 14703.130647086757, 14703.130647086757, 14703.130647086757, 14703.130647086757, 14703.130647086757, 14703.130647086757, 14703.130647086757, 14703.130647086757, 14703.130647086757, 14703.130647086757, 14703.130647086757, 14703.130647086757, 14703.130647086757, 14703.130647086757, 14703.130647086757, 14703.130647086757, 14703.130647086757, 14703.130647086757, 14703.130647086757, 14703.130647086757, 14703.130647086757, 14703.130647086757, 14703.130647086757, 14703.130647086757, 14703.130647086757, 14703.130647086757, 14703.130647086757, 14703.130647086757, 14703.130647086757, 14703.130647086757, 14703.130647086757, 14703.130647086757, 14703.130647086757, 14703.130647086757, 14703.130647086757, 14703.130647086757, 14703.130647086757, 14703.130647086757, 14703.130647086757, 14703.130647086757, 14703.130647086757, 14703.130647086757, 14703.130647086757, 14703.130647086757, 14703.130647086757, 14703.130647086757, 14703.130647086757, 14703.130647086757, 14703.130647086757, 14703.130647086757, 14703.130647086757, 14703.130647086757, 14703.130647086757, 14703.130647086757, 14703.130647086757, 14703.130647086757, 14703.130647086757, 14703.130647086757, 14703.130647086757, 14703.130647086757, 14703.130647086757, 14703.130647086757, 14703.130647086757, 14703.130647086757, 14703.130647086757, 14703.130647086757, 14703.130647086757, 14703.130647086757, 14703.130647086757, 14703.130647086757, 14703.130647086757, 14703.130647086757, 14703.130647086757, 14703.130647086757, 14703.130647086757, 14703.130647086757, 14703.130647086757, 14703.130647086757, 14703.130647086757, 14703.130647086757, 14703.130647086757, 14703.130647086757, 14703.130647086757, 14703.130647086757, 14703.130647086757, 14703.130647086757, 14703.130647086757, 14703.130647086757, 14703.130647086757, 14703.130647086757, 14703.130647086757, 14703.130647086757, 14703.130647086757, 14703.130647086757, 14703.130647086757, 14703.130647086757, 14703.130647086757, 14703.130647086757, 14703.130647086757, 14703.130647086757, 14703.130647086757, 14703.130647086757, 14703.130647086757, 14703.130647086757, 14703.130647086757, 14703.130647086757, 14703.130647086757, 14703.130647086757, 14703.130647086757, 14703.130647086757, 14703.130647086757, 14703.130647086757, 14703.130647086757, 14703.130647086757, 14703.130647086757, 14703.130647086757, 14703.130647086757, 14703.130647086757, 14703.130647086757, 14703.130647086757, 14703.130647086757, 14703.130647086757, 14703.130647086757, 14703.130647086757, 14703.130647086757, 14703.130647086757, 14703.130647086757, 14703.130647086757, 14703.130647086757, 14703.130647086757, 14703.130647086757, 14703.130647086757, 14703.130647086757, 14703.130647086757, 14703.130647086757, 14703.130647086757, 14703.130647086757, 14703.130647086757, 14703.130647086757, 14703.130647086757, 14703.130647086757, 14703.130647086757, 14703.130647086757, 14703.130647086757, 14703.130647086757, 14703.130647086757, 14703.130647086757, 14703.130647086757, 14703.130647086757, 14703.130647086757, 14703.130647086757, 14703.130647086757, 14703.130647086757, 14703.130647086757, 14703.130647086757, 14703.130647086757, 14703.130647086757, 14703.130647086757, 14703.130647086757, 14703.130647086757, 14703.130647086757, 14703.130647086757, 14703.130647086757, 14703.130647086757, 14703.130647086757, 14703.130647086757, 14703.130647086757, 14703.130647086757, 14703.130647086757, 14703.130647086757, 14703.130647086757, 14703.130647086757, 14703.130647086757, 14703.130647086757, 14703.130647086757, 14703.130647086757, 14703.130647086757, 14703.130647086757, 14703.130647086757, 14703.130647086757, 14703.130647086757, 14703.130647086757, 14703.130647086757, 14703.130647086757, 14703.130647086757, 14703.130647086757, 14703.130647086757, 14703.130647086757, 14703.130647086757, 14703.130647086757, 14703.130647086757, 14703.130647086757, 14703.130647086757, 14703.130647086757, 14703.130647086757, 14703.130647086757, 14703.130647086757, 14703.130647086757, 14703.130647086757, 14703.130647086757, 14703.130647086757, 14703.130647086757, 14703.130647086757, 14703.130647086757, 14703.130647086757, 14703.130647086757, 14703.130647086757, 14703.130647086757, 14703.130647086757, 14703.130647086757, 14703.130647086757, 14703.130647086757, 14703.130647086757, 14703.130647086757, 14703.130647086757, 14703.130647086757, 14703.130647086757, 14703.130647086757, 14703.130647086757, 14703.130647086757, 14703.130647086757, 14703.130647086757, 14703.130647086757, 14703.130647086757, 14703.130647086757, 14703.130647086757, 14703.130647086757, 14703.130647086757, 14703.130647086757, 14703.130647086757, 14703.130647086757, 14703.130647086757, 14703.130647086757, 14703.130647086757, 14703.130647086757, 14703.130647086757, 14703.130647086757, 14703.130647086757, 14703.130647086757, 14703.130647086757, 14703.130647086757, 14703.130647086757, 14703.130647086757, 14703.130647086757, 14703.130647086757, 14703.130647086757, 14703.130647086757, 14703.130647086757, 14703.130647086757, 14703.130647086757, 14703.130647086757, 14703.130647086757, 14703.130647086757, 14703.130647086757, 14703.130647086757, 14703.130647086757, 14703.130647086757, 14703.130647086757, 14703.130647086757, 14703.130647086757, 14703.130647086757, 14703.130647086757, 14703.130647086757, 14703.130647086757, 14703.130647086757, 14703.130647086757, 14703.130647086757, 14703.130647086757, 14703.130647086757, 14703.130647086757, 14703.130647086757, 14703.130647086757, 14703.130647086757, 14703.130647086757, 14703.130647086757, 14703.130647086757, 14703.130647086757, 14703.130647086757, 14703.130647086757, 14703.130647086757, 14703.130647086757, 14703.130647086757, 14703.130647086757, 14703.130647086757, 14703.130647086757, 14703.130647086757, 14703.130647086757, 14703.130647086757, 14703.130647086757, 14703.130647086757, 14703.130647086757, 14703.130647086757, 14703.130647086757, 14703.130647086757, 14703.130647086757, 14703.130647086757, 14703.130647086757, 14703.130647086757, 14703.130647086757, 14703.130647086757, 14703.130647086757, 14703.130647086757, 14703.130647086757, 14703.130647086757, 14703.130647086757, 14703.130647086757, 14703.130647086757, 14703.130647086757, 14703.130647086757, 14703.130647086757, 14703.130647086757, 14703.130647086757, 14703.130647086757, 14703.130647086757, 14703.130647086757, 14703.130647086757, 14703.130647086757, 14703.130647086757, 14703.130647086757, 14703.130647086757, 14703.130647086757, 14703.130647086757, 14703.130647086757, 14703.130647086757, 14703.130647086757, 14703.130647086757, 14703.130647086757, 14703.130647086757, 14703.130647086757, 14703.130647086757, 14703.130647086757, 14703.130647086757, 14703.130647086757, 14703.130647086757, 14703.130647086757, 14703.130647086757, 14703.130647086757, 14703.130647086757, 14703.130647086757, 14703.130647086757, 14703.130647086757, 14703.130647086757, 14703.130647086757, 14703.130647086757, 14703.130647086757, 14703.130647086757, 14703.130647086757, 14703.130647086757, 14703.130647086757, 14703.130647086757, 14703.130647086757, 14703.130647086757, 14703.130647086757, 14703.130647086757, 14703.130647086757, 14703.130647086757, 14703.130647086757, 14703.130647086757, 14703.130647086757, 14703.130647086757, 14703.130647086757, 14703.130647086757, 14703.130647086757, 14703.130647086757, 14703.130647086757, 14703.130647086757, 14703.130647086757, 14703.130647086757, 14703.130647086757, 14703.130647086757, 14703.130647086757, 14703.130647086757, 14703.130647086757, 14703.130647086757, 14703.130647086757, 14703.130647086757, 14703.130647086757, 14703.130647086757, 14703.130647086757, 14703.130647086757, 14703.130647086757, 14703.130647086757, 14703.130647086757, 14703.130647086757, 14703.130647086757, 14703.130647086757, 14703.130647086757, 14703.130647086757, 14703.130647086757, 14703.130647086757, 14703.130647086757, 14703.130647086757, 14703.130647086757, 14703.130647086757, 14703.130647086757, 14703.130647086757, 14703.130647086757, 14703.130647086757, 14703.130647086757, 14703.130647086757, 14703.130647086757, 14703.130647086757, 14703.130647086757, 14703.130647086757, 14703.130647086757, 14703.130647086757, 14703.130647086757, 14703.130647086757, 14703.130647086757, 14703.130647086757, 14703.130647086757, 14703.130647086757, 14703.130647086757, 14703.130647086757, 14703.130647086757, 14703.130647086757, 14703.130647086757, 14703.130647086757, 14703.130647086757, 14703.130647086757, 14703.130647086757, 14703.130647086757, 14703.130647086757, 14703.130647086757, 14703.130647086757, 14703.130647086757, 14703.130647086757, 14703.130647086757, 14703.130647086757, 14703.130647086757, 14703.130647086757, 14703.130647086757, 14703.130647086757, 14703.130647086757, 14703.130647086757, 14703.130647086757, 14703.130647086757, 14703.130647086757, 14703.130647086757, 14703.130647086757, 14703.130647086757, 14703.130647086757, 14703.130647086757, 14703.130647086757, 14690.301682320724, 14690.301682320724, 14690.301682320724, 14690.301682320724, 14690.301682320724, 14690.301682320722, 14690.301682320722, 14690.301682320722, 14690.301682320722, 14690.301682320722, 14690.301682320722, 14690.301682320722, 14690.301682320722, 14690.301682320722, 14690.301682320722, 14690.301682320722, 14690.301682320722, 14690.301682320722, 14690.301682320722, 14690.301682320722, 14690.301682320722, 14690.301682320722, 14690.301682320722, 14690.301682320722, 14690.301682320722, 14690.301682320722, 14690.301682320722, 14690.301682320722, 14690.301682320722, 14690.301682320722, 14690.301682320722, 14690.301682320722, 14690.301682320722, 14690.301682320722, 14690.301682320722, 14690.301682320722, 14690.301682320722, 14690.301682320722, 14690.301682320722, 14690.301682320722, 14690.301682320722, 14690.301682320722, 14690.301682320722, 14690.301682320722, 14690.301682320722, 14690.301682320722, 14690.301682320722, 14690.301682320722, 14690.301682320722, 14690.301682320722, 14690.301682320722, 14690.301682320722, 14690.301682320722, 14690.301682320722, 14690.301682320722, 14690.301682320722, 14690.301682320722, 14690.301682320722, 14690.301682320722, 14690.301682320722, 14690.301682320722, 14690.301682320722, 14690.301682320722, 14690.301682320722, 14690.301682320722, 14690.301682320722, 14690.301682320722, 14690.301682320722, 14690.301682320722, 14690.301682320722, 14690.301682320722, 14690.301682320722, 14690.301682320722, 14690.301682320722, 14690.301682320722, 14690.301682320722, 14690.301682320722, 14690.301682320722, 14690.301682320722, 14690.301682320722, 14690.301682320722, 14690.301682320722, 14690.301682320722, 14690.301682320722, 14690.301682320722, 14690.301682320722, 14690.301682320722, 14690.301682320722, 14690.301682320722, 14690.301682320722, 14690.301682320722, 14690.301682320722, 14690.301682320722, 14690.301682320722, 14690.301682320722, 14690.301682320722, 14690.301682320722, 14690.301682320722, 14690.301682320722, 14690.301682320722, 14690.301682320722, 14690.301682320722, 14690.301682320722, 14690.301682320722, 14690.301682320722, 14690.301682320722, 14690.301682320722, 14690.301682320722, 14690.301682320722, 14690.301682320722, 14690.301682320722, 14690.301682320722, 14690.301682320722, 14690.301682320722, 14690.301682320722, 14690.301682320722, 14690.301682320722, 14690.301682320722, 14690.301682320722, 14690.301682320722, 14690.301682320722, 14690.301682320722, 14690.301682320722, 14690.301682320722, 14690.301682320722, 14690.301682320722, 14690.301682320722, 14690.301682320722, 14690.301682320722, 14690.301682320722, 14690.301682320722, 14690.301682320722, 14690.301682320722, 14690.301682320722, 14690.301682320722, 14690.301682320722, 14690.301682320722, 14690.301682320722, 14690.301682320722, 14690.301682320722, 14690.301682320722, 14690.301682320722, 14690.301682320722, 14690.301682320722, 14690.301682320722, 14690.301682320722, 14690.301682320722, 14690.301682320722, 14690.301682320722, 14690.301682320722, 14690.301682320722, 14690.301682320722, 14690.301682320722, 14690.301682320722, 14690.301682320722, 14690.301682320722, 14690.301682320722, 14690.301682320722, 14690.301682320722, 14690.301682320722, 14690.301682320722, 14690.301682320722, 14690.301682320722, 14690.301682320722, 14690.301682320722, 14690.301682320722, 14690.301682320722, 14690.301682320722, 14690.301682320722, 14690.301682320722, 14690.301682320722, 14690.301682320722, 14690.301682320722, 14690.301682320722, 14690.301682320722, 14690.301682320722, 14690.301682320722, 14690.301682320722, 14690.301682320722, 14690.301682320722, 14690.301682320722, 14690.301682320722, 14690.301682320722, 14690.301682320722, 14690.301682320722, 14690.301682320722, 14690.301682320722, 14690.301682320722, 14690.301682320722, 14690.301682320722, 14690.301682320722, 14690.301682320722, 14690.301682320722, 14690.301682320722, 14690.301682320722, 14690.301682320722, 14690.301682320722, 14690.301682320722, 14690.301682320722, 14690.301682320722, 14690.301682320722, 14690.301682320722, 14690.301682320722, 14690.301682320722, 14690.301682320722, 14690.301682320722, 14690.301682320722, 14690.301682320722, 14690.301682320722, 14690.301682320722, 14690.301682320722, 14690.301682320722, 14690.301682320722, 14690.301682320722, 14690.301682320722, 14690.301682320722, 14690.301682320722, 14690.301682320722, 14690.301682320722, 14690.301682320722, 14690.301682320722, 14690.301682320722, 14690.301682320722, 14690.301682320722, 14690.301682320722, 14690.301682320722, 14690.301682320722, 14690.301682320722, 14690.301682320722, 14690.301682320722, 14690.301682320722, 14690.301682320722, 14690.301682320722, 14690.301682320722, 14690.301682320722, 14690.301682320722, 14690.301682320722, 14690.301682320722, 14690.301682320722, 14690.301682320722, 14690.301682320722, 14690.301682320722, 14690.301682320722, 14690.301682320722, 14690.301682320722, 14690.301682320722, 14690.301682320722, 14690.301682320722, 14690.301682320722, 14690.301682320722, 14690.301682320722, 14690.301682320722, 14690.301682320722, 14690.301682320722, 14690.301682320722, 14690.301682320722, 14690.301682320722, 14690.301682320722, 14690.301682320722, 14690.301682320722, 14690.301682320722, 14690.301682320722, 14690.301682320722, 14690.301682320722, 14690.301682320722, 14690.301682320722, 14690.301682320722, 14690.301682320722, 14690.301682320722, 14690.301682320722, 14690.301682320722, 14690.301682320722, 14690.301682320722, 14690.301682320722, 14690.301682320722, 14690.301682320722, 14690.301682320722, 14690.301682320722, 14690.301682320722, 14690.301682320722, 14690.301682320722, 14690.301682320722, 14690.301682320722, 14690.301682320722, 14690.301682320722, 14690.301682320722, 14690.301682320722, 14690.301682320722, 14690.301682320722, 14690.301682320722, 14690.301682320722, 14690.301682320722, 14690.301682320722, 14690.301682320722, 14690.301682320722, 14690.301682320722, 14690.301682320722, 14690.301682320722, 14690.301682320722, 14690.301682320722, 14690.301682320722, 14690.301682320722, 14690.301682320722, 14690.301682320722, 14690.301682320722, 14690.301682320722, 14690.301682320722, 14690.301682320722, 14690.301682320722, 14690.301682320722, 14690.301682320722, 14690.301682320722, 14690.301682320722, 14690.301682320722, 14690.301682320722, 14690.301682320722, 14690.301682320722, 14690.301682320722, 14690.301682320722, 14690.301682320722, 14690.301682320722, 14690.301682320722, 14690.301682320722, 14690.301682320722, 14690.301682320722, 14690.301682320722, 14690.301682320722, 14690.301682320722, 14690.301682320722, 14690.301682320722, 14690.301682320722, 14690.301682320722, 14690.301682320722, 14690.301682320722, 14690.301682320722, 14690.301682320722, 14690.301682320722, 14690.301682320722, 14690.301682320722, 14690.301682320722, 14690.301682320722, 14690.301682320722, 14690.301682320722, 14690.301682320722, 14690.301682320722, 14690.301682320722, 14690.301682320722, 14690.301682320722, 14690.301682320722, 14690.301682320722, 14690.301682320722, 14690.301682320722, 14690.301682320722, 14690.301682320722, 14690.301682320722, 14690.301682320722, 14690.301682320722, 14690.301682320722, 14690.301682320722, 14690.301682320722, 14690.301682320722, 14690.301682320722, 14690.301682320722, 14690.301682320722, 14690.301682320722, 14690.301682320722, 14690.301682320722, 14690.301682320722, 14690.301682320722, 14690.301682320722, 14690.301682320722, 14690.301682320722, 14690.301682320722, 14690.301682320722, 14690.301682320722, 14690.301682320722, 14690.301682320722, 14690.301682320722, 14690.301682320722, 14690.301682320722, 14690.301682320722, 14690.301682320722, 14690.301682320722, 14690.301682320722, 14690.301682320722, 14690.301682320722, 14690.301682320722, 14690.301682320722, 14690.301682320722, 14690.301682320722, 14690.301682320722, 14690.301682320722, 14690.301682320722, 14690.301682320722, 14690.301682320722, 14690.301682320722, 14690.301682320722, 14690.301682320722, 14690.301682320722, 14690.301682320722, 14690.301682320722, 14690.301682320722, 14690.301682320722, 14690.301682320722, 14690.301682320722, 14690.301682320722, 14690.301682320722, 14690.301682320722, 14690.301682320722, 14690.301682320722, 14690.301682320722, 14690.301682320722, 14690.301682320722, 14690.301682320722, 14690.301682320722, 14690.301682320722, 14690.301682320722, 14690.301682320722, 14690.301682320722, 14690.301682320722, 14690.301682320722, 14690.301682320722, 14690.301682320722, 14690.301682320722, 14690.301682320722, 14690.301682320722, 14690.301682320722, 14690.301682320722, 14690.301682320722, 14690.301682320722, 14690.301682320722, 14690.301682320722, 14690.301682320722, 14690.301682320722, 14690.301682320722, 14690.301682320722, 14690.301682320722, 14690.301682320722, 14690.301682320722, 14690.301682320722, 14690.301682320722, 14690.301682320722, 14690.301682320722, 14690.301682320722, 14690.301682320722, 14690.301682320722, 14690.301682320722, 14690.301682320722, 14690.301682320722, 14690.301682320722, 14690.301682320722, 14690.301682320722, 14690.301682320722, 14690.301682320722, 14690.301682320722, 14690.301682320722, 14690.301682320722, 14690.301682320722, 14690.301682320722, 14690.301682320722, 14690.301682320722, 14690.301682320722, 14690.301682320722, 14690.301682320722, 14690.301682320722, 14690.301682320722, 14690.301682320722, 14690.301682320722, 14690.301682320722, 14690.301682320722, 14690.301682320722, 14690.301682320722, 14690.301682320722, 14690.301682320722, 14690.301682320722, 14690.301682320722, 14690.301682320722, 14690.301682320722, 14690.301682320722, 14690.301682320722, 14690.301682320722, 14690.301682320722, 14690.301682320722, 14690.301682320722, 14690.301682320722, 14690.301682320722, 14690.301682320722, 14690.301682320722, 14690.301682320722, 14690.301682320722, 14690.301682320722, 14690.301682320722, 14690.301682320722, 14690.301682320722, 14690.301682320722, 14690.301682320722, 14690.301682320722, 14690.301682320722, 14690.301682320722, 14690.301682320722, 14690.301682320722, 14690.301682320722, 14690.301682320722, 14690.301682320722, 14690.301682320722, 14690.301682320722, 14690.301682320722, 14690.301682320722, 14690.301682320722, 14690.301682320722, 14690.301682320722, 14690.301682320722, 14690.301682320722, 14690.301682320722, 14690.301682320722, 14690.301682320722, 14690.301682320722, 14690.301682320722, 14690.301682320722, 14690.301682320722, 14690.301682320722, 14690.301682320722, 14690.301682320722, 14690.301682320722, 14690.301682320722, 14690.301682320722, 14690.301682320722, 14690.301682320722, 14690.301682320722, 14690.301682320722, 14690.301682320722, 14690.301682320722, 14690.301682320722, 14690.301682320722, 14690.301682320722, 14690.301682320722, 14690.301682320722, 14690.301682320722, 14690.301682320722, 14690.301682320722, 14690.301682320722, 14690.301682320722, 14690.301682320722, 14690.301682320722, 14690.301682320722, 14690.301682320722, 14690.301682320722, 14690.301682320722, 14690.301682320722, 14690.301682320722, 14690.301682320722, 14690.301682320722, 14690.301682320722, 14690.301682320722, 14690.301682320722, 14690.301682320722, 14690.301682320722, 14690.301682320722, 14690.301682320722, 14690.301682320722, 14690.301682320722, 14690.301682320722, 14690.301682320722, 14690.301682320722, 14690.301682320722, 14690.301682320722, 14690.301682320722, 14690.301682320722, 14690.301682320722, 14690.301682320722, 14690.301682320722, 14690.301682320722, 14690.301682320722, 14690.301682320722, 14690.301682320722, 14690.301682320722, 14690.301682320722, 14690.301682320722, 14690.301682320722, 14690.301682320722, 14690.301682320722, 14690.301682320722, 14690.301682320722, 14690.301682320722, 14690.301682320722, 14690.301682320722, 14690.301682320722, 14690.301682320722, 14690.301682320722, 14690.301682320722, 14690.301682320722, 14690.301682320722, 14690.301682320722, 14690.301682320722, 14690.301682320722, 14690.301682320722, 14690.301682320722, 14690.301682320722, 14690.301682320722, 14690.301682320722, 14690.301682320722, 14690.301682320722, 14690.301682320722, 14690.301682320722, 14690.301682320722, 14690.301682320722, 14690.301682320722, 14690.301682320722, 14690.301682320722, 14690.301682320722, 14690.301682320722, 14690.301682320722, 14690.301682320722, 14690.301682320722, 14690.301682320722, 14690.301682320722, 14690.301682320722, 14690.301682320722, 14690.301682320722, 14690.301682320722, 14690.301682320722, 14690.301682320722, 14690.301682320722, 14690.301682320722, 14690.301682320722, 14690.301682320722, 14690.301682320722, 14690.301682320722, 14690.301682320722, 14690.301682320722, 14690.301682320722, 14690.301682320722, 14690.301682320722, 14690.301682320722, 14690.301682320722, 14690.301682320722, 14690.301682320722, 14690.301682320722, 14690.301682320722, 14690.301682320722, 14690.301682320722, 14690.301682320722, 14690.301682320722, 14690.301682320722, 14690.301682320722, 14690.301682320722, 14690.301682320722, 14690.301682320722, 14690.301682320722, 14690.301682320722, 14690.301682320722, 14690.301682320722, 14690.301682320722, 14690.301682320722, 14690.301682320722, 14690.301682320722, 14690.301682320722, 14690.301682320722, 14690.301682320722, 14690.301682320722, 14690.301682320722, 14690.301682320722, 14690.301682320722, 14690.301682320722, 14690.301682320722, 14690.301682320722, 14690.301682320722, 14690.301682320722, 14690.301682320722, 14690.301682320722, 14690.301682320722, 14690.301682320722, 14690.301682320722, 14690.301682320722, 14690.301682320722, 14690.301682320722, 14690.301682320722, 14690.301682320722, 14690.301682320722, 14690.301682320722, 14690.301682320722, 14690.301682320722, 14690.301682320722, 14690.301682320722, 14690.301682320722, 14690.301682320722, 14690.301682320722, 14690.301682320722, 14690.301682320722, 14690.301682320722, 14690.301682320722, 14690.301682320722, 14690.301682320722, 14690.301682320722, 14690.301682320722, 14690.301682320722, 14690.301682320722, 14690.301682320722, 14690.301682320722, 14690.301682320722, 14690.301682320722, 14690.301682320722, 14690.301682320722, 14690.301682320722, 14690.301682320722, 14690.301682320722, 14690.301682320722, 14690.301682320722, 14690.301682320722, 14690.301682320722, 14690.301682320722, 14690.301682320722, 14690.301682320722, 14690.301682320722, 14690.301682320722, 14690.301682320722, 14690.301682320722, 14690.301682320722, 14690.301682320722, 14690.301682320722, 14690.301682320722, 14690.301682320722, 14690.301682320722, 14690.301682320722, 14690.301682320722, 14690.301682320722, 14690.301682320722, 14690.301682320722, 14690.301682320722, 14690.301682320722, 14690.301682320722, 14690.301682320722, 14690.301682320722, 14690.301682320722, 14690.301682320722, 14690.301682320722, 14690.301682320722, 14690.301682320722, 14690.301682320722, 14690.301682320722, 14690.301682320722, 14690.301682320722, 14690.301682320722, 14690.301682320722, 14690.301682320722, 14690.301682320722, 14690.301682320722, 14690.301682320722, 14690.301682320722, 14690.301682320722, 14690.301682320722, 14690.301682320722, 14690.301682320722, 14690.301682320722, 14690.301682320722, 14690.301682320722, 14690.301682320722, 14690.301682320722, 14690.301682320722, 14690.301682320722, 14690.301682320722, 14690.301682320722, 14690.301682320722, 14690.301682320722, 14690.301682320722, 14690.301682320722, 14690.301682320722, 14690.301682320722, 14690.301682320722, 14690.301682320722, 14690.301682320722, 14690.301682320722, 14690.301682320722, 14690.301682320722, 14690.301682320722, 14690.301682320722, 14690.301682320722, 14690.301682320722, 14690.301682320722, 14690.301682320722, 14690.301682320722, 14690.301682320722, 14690.301682320722, 14690.301682320722, 14690.301682320722, 14690.301682320722, 14690.301682320722, 14690.301682320722, 14690.301682320722, 14690.301682320722, 14690.301682320722, 14690.301682320722, 14690.301682320722, 14690.301682320722, 14690.301682320722, 14690.301682320722, 14690.301682320722, 14690.301682320722, 14690.301682320722, 14690.301682320722, 14690.301682320722, 14690.301682320722, 14690.301682320722]
Computational time : 1104.58899999