Name : Ahmed ElMousel
Problem : X-n190-k8 
Whale Algorithm 
cost : 1842.54178139
Routes : 
1->43->4->75->14->1
1->41->22->11->8->2->1
1->50->39->59->67->54->37->74->1
1->30->18->6->45->13->24->63->1
1->52->78->40->65->34->56->16->42->26->47->61->1
1->64->12->25->7->31->60->32->1
1->33->5->23->46->51->77->71->68->1
1->53->29->80->19->49->15->72->1
1->79->69->44->17->62->58->20->76->21->28->1
1->73->55->10->57->48->70->66->36->27->9->38->3->35->1
best solutions : 
[1895.1506358747886, 1895.1506358747886, 1895.1506358747886, 1895.1506358747886, 1895.1506358747886, 1895.1506358747886, 1895.1506358747886, 1895.1506358747886, 1895.1506358747886, 1895.1506358747886, 1895.1506358747886, 1895.1506358747886, 1895.1506358747886, 1895.1506358747886, 1895.1506358747886, 1895.1506358747886, 1895.1506358747886, 1895.1506358747886, 1895.1506358747886, 1895.1506358747886, 1895.1506358747886, 1895.1506358747886, 1895.1506358747886, 1895.1506358747886, 1895.1506358747886, 1895.1506358747886, 1895.1506358747886, 1895.1506358747886, 1895.1506358747886, 1895.1506358747886, 1895.1506358747886, 1895.1506358747886, 1895.1506358747886, 1895.1506358747886, 1895.1506358747886, 1895.1506358747886, 1895.1506358747886, 1895.1506358747886, 1895.1506358747886, 1895.1506358747886, 1895.1506358747886, 1895.1506358747886, 1895.1506358747886, 1895.1506358747886, 1895.1506358747886, 1895.1506358747886, 1895.1506358747886, 1895.1506358747886, 1895.1506358747886, 1895.1506358747886, 1895.1506358747886, 1895.1506358747886, 1895.1506358747886, 1895.1506358747886, 1895.1506358747886, 1895.1506358747886, 1895.1506358747886, 1895.1506358747886, 1895.1506358747886, 1895.1506358747886, 1895.1506358747886, 1895.1506358747886, 1895.1506358747886, 1895.1506358747886, 1895.1506358747886, 1895.1506358747886, 1895.1506358747886, 1895.1506358747886, 1895.1506358747886, 1895.1506358747886, 1891.3250640873835, 1891.3250640873835, 1891.3250640873835, 1891.3250640873835, 1891.3250640873835, 1887.6825572624664, 1878.2296730145617, 1878.2296730145617, 1878.2296730145617, 1861.4047969453677, 1861.4047969453677, 1861.4047969453677, 1861.4047969453677, 1861.4047969453677, 1861.4047969453677, 1861.4047969453677, 1861.4047969453677, 1861.4047969453677, 1861.4047969453677, 1861.4047969453677, 1861.4047969453677, 1861.4047969453677, 1859.4017189658105, 1857.375158922946, 1857.375158922946, 1857.375158922946, 1857.375158922946, 1857.375158922946, 1857.375158922946, 1857.375158922946, 1857.375158922946, 1857.375158922946, 1857.375158922946, 1857.375158922946, 1857.375158922946, 1857.375158922946, 1857.375158922946, 1857.375158922946, 1857.375158922946, 1857.375158922946, 1857.375158922946, 1857.375158922946, 1857.375158922946, 1857.375158922946, 1857.375158922946, 1854.4790506619722, 1854.4790506619722, 1854.4790506619722, 1854.4790506619722, 1854.4790506619722, 1854.4790506619722, 1854.4790506619722, 1854.4790506619722, 1854.4790506619722, 1854.4790506619722, 1854.4078624331169, 1854.4078624331169, 1854.4078624331169, 1854.4078624331169, 1854.4078624331169, 1854.4078624331169, 1854.4078624331169, 1854.4078624331169, 1854.4078624331169, 1854.4078624331169, 1854.4078624331169, 1854.4078624331169, 1854.4078624331169, 1854.4078624331169, 1854.4078624331169, 1854.4078624331169, 1854.4078624331169, 1854.4078624331169, 1854.4078624331169, 1854.4078624331169, 1854.4078624331169, 1854.4078624331169, 1854.4078624331169, 1854.4078624331169, 1854.4078624331169, 1853.1015336344067, 1853.1015336344067, 1853.1015336344067, 1853.1015336344067, 1853.1015336344067, 1853.1015336344067, 1853.1015336344067, 1853.1015336344067, 1852.9984317665383, 1852.9984317665383, 1852.9984317665383, 1852.9984317665383, 1852.9984317665383, 1850.1023235055645, 1850.1023235055645, 1850.1023235055645, 1850.1023235055645, 1850.1023235055645, 1850.1023235055645, 1850.1023235055645, 1850.1023235055645, 1850.1023235055645, 1850.1023235055645, 1850.1023235055645, 1850.1023235055645, 1850.1023235055645, 1850.1023235055645, 1850.1023235055645, 1850.1023235055645, 1850.1023235055645, 1850.1023235055645, 1850.1023235055645, 1850.1023235055645, 1850.1023235055645, 1850.1023235055645, 1850.1023235055645, 1850.1023235055645, 1850.1023235055645, 1850.1023235055645, 1850.1023235055645, 1850.1023235055645, 1850.1023235055645, 1850.1023235055645, 1850.1023235055645, 1850.1023235055645, 1850.1023235055645, 1850.1023235055645, 1850.1023235055645, 1850.1023235055645, 1850.1023235055645, 1850.1023235055645, 1850.1023235055645, 1850.1023235055645, 1850.1023235055645, 1850.1023235055645, 1850.1023235055645, 1850.1023235055645, 1850.1023235055645, 1850.1023235055645, 1850.1023235055645, 1850.1023235055645, 1850.1023235055645, 1850.1023235055645, 1850.1023235055645, 1850.1023235055645, 1850.1023235055645, 1850.1023235055645, 1850.1023235055645, 1850.1023235055645, 1850.1023235055645, 1850.1023235055645, 1850.1023235055645, 1850.1023235055645, 1850.1023235055645, 1850.1023235055645, 1850.1023235055645, 1850.1023235055645, 1850.1023235055645, 1850.1023235055645, 1850.1023235055645, 1849.8788807478552, 1849.8788807478552, 1849.7498107356384, 1849.7498107356384, 1849.7498107356384, 1849.7498107356384, 1849.7498107356384, 1849.7498107356384, 1849.7498107356384, 1849.7498107356384, 1849.7498107356384, 1849.7498107356384, 1849.7498107356384, 1849.7498107356384, 1849.7498107356384, 1849.7498107356384, 1849.7498107356384, 1849.7498107356384, 1849.7498107356384, 1849.7498107356384, 1849.7498107356384, 1849.7498107356384, 1849.7498107356384, 1849.7498107356384, 1849.7498107356384, 1849.7498107356384, 1849.7498107356384, 1849.7498107356384, 1849.7498107356384, 1849.7498107356384, 1849.7498107356384, 1849.7498107356384, 1849.7498107356384, 1849.7498107356384, 1849.7498107356384, 1849.7498107356384, 1849.7498107356384, 1849.7498107356384, 1849.7498107356384, 1849.7498107356384, 1849.7498107356384, 1849.7498107356384, 1849.7498107356384, 1849.7498107356384, 1849.7498107356384, 1849.7498107356384, 1849.7498107356384, 1849.7498107356384, 1849.7498107356384, 1849.7498107356384, 1849.7498107356384, 1849.7498107356384, 1849.7498107356384, 1849.7498107356384, 1849.7498107356384, 1849.7498107356384, 1849.7498107356384, 1849.7498107356384, 1849.7498107356384, 1849.7498107356384, 1849.7498107356384, 1849.7498107356384, 1849.7498107356384, 1849.7498107356384, 1849.7498107356384, 1849.7498107356384, 1849.7498107356384, 1849.7498107356384, 1849.7498107356384, 1849.7498107356384, 1849.7498107356384, 1849.7498107356384, 1849.7498107356384, 1849.7498107356384, 1849.7498107356384, 1849.7498107356384, 1849.7498107356384, 1849.7498107356384, 1849.7498107356384, 1849.7498107356384, 1849.7498107356384, 1849.7498107356384, 1849.7498107356384, 1849.7498107356384, 1849.7498107356384, 1849.7498107356384, 1849.7498107356384, 1849.7498107356384, 1849.7498107356384, 1849.7498107356384, 1849.7498107356384, 1849.7498107356384, 1849.7498107356384, 1849.7498107356384, 1849.7498107356384, 1849.7498107356384, 1849.7498107356384, 1849.7498107356384, 1849.7498107356384, 1849.7498107356384, 1849.7498107356384, 1849.7498107356384, 1849.7498107356384, 1849.7498107356384, 1849.7498107356384, 1849.7498107356384, 1849.7498107356384, 1849.7498107356384, 1849.7498107356384, 1849.7498107356384, 1849.7498107356384, 1849.7498107356384, 1849.7498107356384, 1849.7498107356384, 1849.7498107356384, 1849.7498107356384, 1849.7498107356384, 1849.7498107356384, 1849.7498107356384, 1849.7498107356384, 1849.7498107356384, 1849.7498107356384, 1849.7498107356384, 1849.7498107356384, 1849.7498107356384, 1849.7498107356384, 1848.9422624331758, 1848.9422624331758, 1848.9422624331758, 1848.9422624331758, 1848.9422624331758, 1848.9422624331758, 1848.9422624331758, 1848.9422624331758, 1848.9422624331758, 1848.9422624331758, 1848.9422624331758, 1848.9422624331758, 1848.9422624331758, 1848.9422624331758, 1848.9422624331758, 1848.9422624331758, 1848.9422624331758, 1848.9422624331758, 1848.9422624331758, 1848.9422624331758, 1848.9422624331758, 1848.9422624331758, 1848.9422624331758, 1848.9422624331758, 1848.9422624331758, 1848.9422624331758, 1848.9422624331758, 1848.9422624331758, 1848.9422624331758, 1848.9422624331758, 1848.9422624331758, 1848.9422624331758, 1848.9422624331758, 1848.9422624331758, 1848.9422624331758, 1848.9422624331758, 1848.9422624331758, 1848.9422624331758, 1848.9422624331758, 1848.9422624331758, 1848.9422624331758, 1848.9422624331758, 1848.9422624331758, 1848.9422624331758, 1848.9422624331758, 1848.9422624331758, 1848.9422624331758, 1848.9422624331758, 1848.9422624331758, 1848.9422624331758, 1848.9422624331758, 1848.9422624331758, 1848.9422624331758, 1848.9422624331758, 1848.9422624331758, 1848.9422624331758, 1848.9422624331758, 1848.9422624331758, 1848.9422624331758, 1848.9422624331758, 1848.9422624331758, 1848.9422624331758, 1848.9422624331758, 1848.9422624331758, 1848.9422624331758, 1848.9422624331758, 1848.9422624331758, 1848.9422624331758, 1848.9422624331758, 1848.9422624331758, 1848.9422624331758, 1848.9422624331758, 1848.9422624331758, 1848.9422624331758, 1848.9422624331758, 1848.9422624331758, 1848.9422624331758, 1848.9422624331758, 1848.9422624331758, 1848.9422624331758, 1848.9422624331758, 1848.9422624331758, 1848.9422624331758, 1848.9422624331758, 1848.9422624331758, 1848.9422624331758, 1848.9422624331758, 1848.9422624331758, 1848.9422624331758, 1848.9422624331758, 1848.9422624331758, 1848.9422624331758, 1848.9422624331758, 1848.9422624331758, 1848.9422624331758, 1848.9422624331758, 1848.9422624331758, 1848.9422624331758, 1848.9422624331758, 1848.9422624331758, 1848.9422624331755, 1848.9422624331755, 1848.9422624331755, 1848.9422624331755, 1848.9422624331755, 1848.9422624331755, 1848.9422624331755, 1848.9422624331755, 1848.9422624331755, 1848.9422624331755, 1848.9422624331755, 1848.9422624331755, 1848.9422624331755, 1848.9422624331755, 1848.9422624331755, 1848.9422624331755, 1848.9422624331755, 1848.9422624331755, 1848.9422624331755, 1848.9422624331755, 1848.9422624331755, 1848.9422624331755, 1848.9422624331755, 1848.9422624331755, 1848.9422624331755, 1848.9422624331755, 1848.9422624331755, 1848.9422624331755, 1848.9422624331755, 1848.9422624331755, 1848.9422624331755, 1848.9422624331755, 1848.9422624331755, 1848.9422624331755, 1848.9422624331755, 1848.9422624331755, 1848.9422624331755, 1848.9422624331755, 1848.9422624331755, 1848.9422624331755, 1848.9422624331755, 1848.9422624331755, 1848.9422624331755, 1848.9422624331755, 1848.9422624331755, 1848.9422624331755, 1848.9422624331755, 1848.9422624331755, 1848.9422624331755, 1848.9422624331755, 1848.9422624331755, 1848.9422624331755, 1848.9422624331755, 1848.9422624331755, 1848.9422624331755, 1848.9422624331755, 1848.9422624331755, 1848.9422624331755, 1848.9422624331755, 1848.9422624331755, 1848.9422624331755, 1848.9422624331755, 1848.9422624331755, 1848.9422624331755, 1848.9422624331755, 1848.9422624331755, 1848.9422624331755, 1848.9422624331755, 1848.9422624331755, 1848.9422624331755, 1848.9422624331755, 1848.9422624331755, 1848.9422624331755, 1848.9422624331755, 1848.9422624331755, 1848.9422624331755, 1848.9422624331755, 1848.9422624331755, 1848.9422624331755, 1848.9422624331755, 1848.9422624331755, 1848.9422624331755, 1848.9422624331755, 1848.9422624331755, 1848.9422624331755, 1848.9422624331755, 1848.9422624331755, 1848.9422624331755, 1848.9422624331755, 1848.9422624331755, 1848.9422624331755, 1848.9422624331755, 1848.9422624331755, 1848.9422624331755, 1848.9422624331755, 1848.9422624331755, 1848.9422624331755, 1848.9422624331755, 1848.9422624331755, 1848.9422624331755, 1848.9422624331755, 1848.9422624331755, 1848.9422624331755, 1848.9422624331755, 1848.9422624331755, 1848.9422624331755, 1848.9422624331755, 1848.9422624331755, 1848.9422624331755, 1848.9422624331755, 1848.9422624331755, 1848.9422624331755, 1848.9422624331755, 1848.9422624331755, 1848.9422624331755, 1848.9422624331755, 1848.9422624331755, 1848.9422624331755, 1848.9422624331755, 1848.9422624331755, 1848.9422624331755, 1848.9422624331755, 1848.9422624331755, 1848.9422624331755, 1848.9422624331755, 1848.9422624331755, 1848.9422624331755, 1848.9422624331755, 1848.9422624331755, 1848.9422624331755, 1848.9422624331755, 1848.9422624331755, 1848.9422624331755, 1848.9422624331755, 1848.9422624331755, 1848.9422624331755, 1848.9422624331755, 1848.9422624331755, 1848.9422624331755, 1848.9422624331755, 1848.9422624331755, 1848.9422624331755, 1848.9422624331755, 1848.9422624331755, 1848.9422624331755, 1848.9422624331755, 1848.9422624331755, 1848.9422624331755, 1848.9422624331755, 1848.9422624331755, 1848.9422624331755, 1848.9422624331755, 1848.9422624331755, 1848.9422624331755, 1848.9422624331755, 1848.9422624331755, 1848.9422624331755, 1848.9422624331755, 1848.9422624331755, 1848.9422624331755, 1848.9422624331755, 1848.9422624331755, 1848.9422624331755, 1848.9422624331755, 1848.9422624331755, 1848.9422624331755, 1848.9422624331755, 1848.9422624331755, 1848.9422624331755, 1848.9422624331755, 1848.9422624331755, 1848.9422624331755, 1848.9422624331755, 1848.9422624331755, 1848.9422624331755, 1848.9422624331755, 1848.9422624331755, 1848.9422624331755, 1848.9422624331755, 1848.9422624331755, 1848.9422624331755, 1848.9422624331755, 1848.9422624331755, 1848.9422624331755, 1848.9422624331755, 1848.9422624331755, 1848.9422624331755, 1848.9422624331755, 1848.9422624331755, 1848.9422624331755, 1848.9422624331755, 1848.9422624331755, 1848.9422624331755, 1848.9422624331755, 1848.9422624331755, 1848.9422624331755, 1848.9422624331755, 1848.9422624331755, 1848.9422624331755, 1848.9422624331755, 1848.9422624331755, 1848.9422624331755, 1848.9422624331755, 1848.9422624331755, 1848.9422624331755, 1848.9422624331755, 1848.9422624331755, 1848.9422624331755, 1848.9422624331755, 1848.9422624331755, 1848.9422624331755, 1848.9422624331755, 1848.9422624331755, 1848.9422624331755, 1848.9422624331755, 1848.9422624331755, 1848.9422624331755, 1848.9422624331755, 1848.9422624331755, 1848.9422624331755, 1848.9422624331755, 1848.9422624331755, 1848.9422624331755, 1848.9422624331755, 1848.9422624331755, 1848.9422624331755, 1848.9422624331755, 1848.9422624331755, 1848.9422624331755, 1848.9422624331755, 1848.9422624331755, 1848.9422624331755, 1848.9422624331755, 1848.9422624331755, 1848.9422624331755, 1848.9422624331755, 1848.9422624331755, 1848.9422624331755, 1842.7156947292196, 1842.7156947292196, 1842.7156947292196, 1842.7156947292196, 1842.7156947292196, 1842.7156947292196, 1842.7156947292196, 1842.7156947292196, 1842.7156947292196, 1842.7156947292196, 1842.7156947292196, 1842.7156947292196, 1842.7156947292196, 1842.7156947292196, 1842.7156947292196, 1842.7156947292196, 1842.7156947292196, 1842.7156947292196, 1842.7156947292196, 1842.7156947292196, 1842.7156947292196, 1842.7156947292196, 1842.7156947292196, 1842.7156947292196, 1842.7156947292196, 1842.7156947292196, 1842.7156947292196, 1842.7156947292196, 1842.7156947292196, 1842.7156947292196, 1842.7156947292196, 1842.7156947292196, 1842.7156947292196, 1842.7156947292196, 1842.7156947292196, 1842.7156947292196, 1842.7156947292196, 1842.7156947292196, 1842.7156947292196, 1842.7156947292196, 1842.7156947292196, 1842.7156947292196, 1842.7156947292196, 1842.7156947292196, 1842.7156947292196, 1842.7156947292196, 1842.7156947292196, 1842.7156947292196, 1842.7156947292196, 1842.7156947292196, 1842.7156947292196, 1842.7156947292196, 1842.7156947292196, 1842.7156947292196, 1842.7156947292196, 1842.7156947292196, 1842.7156947292196, 1842.7156947292196, 1842.7156947292196, 1842.7156947292196, 1842.7156947292196, 1842.7156947292196, 1842.7156947292196, 1842.7156947292196, 1842.7156947292196, 1842.7156947292196, 1842.7156947292196, 1842.7156947292196, 1842.7156947292196, 1842.7156947292196, 1842.7156947292196, 1842.7156947292196, 1842.7156947292196, 1842.7156947292196, 1842.7156947292196, 1842.7156947292196, 1842.7156947292196, 1842.7156947292196, 1842.7156947292196, 1842.7156947292196, 1842.7156947292196, 1842.7156947292196, 1842.7156947292196, 1842.7156947292196, 1842.7156947292196, 1842.7156947292196, 1842.7156947292196, 1842.7156947292196, 1842.7156947292196, 1842.7156947292196, 1842.7156947292196, 1842.7156947292196, 1842.7156947292196, 1842.7156947292196, 1842.7156947292196, 1842.7156947292196, 1842.7156947292196, 1842.7156947292196, 1842.7156947292196, 1842.7156947292196, 1842.7156947292196, 1842.7156947292196, 1842.7156947292196, 1842.7156947292196, 1842.7156947292196, 1842.7156947292196, 1842.7156947292196, 1842.7156947292196, 1842.7156947292196, 1842.7156947292196, 1842.7156947292196, 1842.7156947292196, 1842.7156947292196, 1842.7156947292196, 1842.7156947292196, 1842.7156947292196, 1842.7156947292196, 1842.7156947292196, 1842.7156947292196, 1842.7156947292196, 1842.7156947292196, 1842.7156947292196, 1842.7156947292196, 1842.7156947292196, 1842.7156947292196, 1842.7156947292196, 1842.7156947292196, 1842.7156947292196, 1842.7156947292196, 1842.7156947292196, 1842.7156947292196, 1842.7156947292196, 1842.7156947292196, 1842.7156947292196, 1842.7156947292196, 1842.7156947292196, 1842.7156947292196, 1842.7156947292196, 1842.7156947292196, 1842.7156947292196, 1842.7156947292196, 1842.7156947292196, 1842.7156947292196, 1842.7156947292196, 1842.7156947292196, 1842.7156947292196, 1842.7156947292196, 1842.7156947292196, 1842.7156947292196, 1842.7156947292196, 1842.7156947292196, 1842.7156947292196, 1842.7156947292196, 1842.7156947292196, 1842.7156947292196, 1842.7156947292196, 1842.7156947292196, 1842.7156947292196, 1842.7156947292196, 1842.7156947292196, 1842.7156947292196, 1842.7156947292196, 1842.7156947292196, 1842.7156947292196, 1842.7156947292196, 1842.7156947292196, 1842.7156947292196, 1842.7156947292196, 1842.7156947292196, 1842.7156947292196, 1842.7156947292196, 1842.7156947292196, 1842.7156947292196, 1842.7156947292196, 1842.7156947292196, 1842.7156947292196, 1842.7156947292196, 1842.7156947292196, 1842.7156947292196, 1842.7156947292196, 1842.7156947292196, 1842.7156947292196, 1842.7156947292196, 1842.7156947292196, 1842.7156947292196, 1842.7156947292196, 1842.7156947292196, 1842.7156947292196, 1842.7156947292196, 1842.7156947292196, 1842.7156947292196, 1842.7156947292196, 1842.7156947292196, 1842.7156947292196, 1842.7156947292196, 1842.7156947292196, 1842.7156947292196, 1842.7156947292196, 1842.7156947292196, 1842.7156947292196, 1842.7156947292196, 1842.7156947292196, 1842.7156947292196, 1842.7156947292196, 1842.7156947292196, 1842.7156947292196, 1842.7156947292196, 1842.7156947292196, 1842.7156947292196, 1842.7156947292196, 1842.7156947292196, 1842.7156947292196, 1842.7156947292196, 1842.7156947292196, 1842.7156947292196, 1842.7156947292196, 1842.7156947292196, 1842.7156947292196, 1842.7156947292196, 1842.7156947292196, 1842.7156947292196, 1842.7156947292196, 1842.7156947292196, 1842.7156947292196, 1842.7156947292196, 1842.7156947292196, 1842.7156947292196, 1842.7156947292196, 1842.7156947292196, 1842.7156947292196, 1842.7156947292196, 1842.7156947292196, 1842.7156947292196, 1842.7156947292196, 1842.7156947292196, 1842.7156947292196, 1842.7156947292196, 1842.7156947292196, 1842.7156947292196, 1842.7156947292196, 1842.7156947292196, 1842.7156947292196, 1842.7156947292196, 1842.7156947292196, 1842.7156947292196, 1842.7156947292196, 1842.7156947292196, 1842.7156947292196, 1842.7156947292196, 1842.7156947292196, 1842.7156947292196, 1842.7156947292196, 1842.7156947292196, 1842.7156947292196, 1842.7156947292196, 1842.7156947292196, 1842.7156947292196, 1842.7156947292196, 1842.7156947292196, 1842.7156947292196, 1842.7156947292196, 1842.7156947292196, 1842.7156947292196, 1842.7156947292196, 1842.7156947292196, 1842.7156947292196, 1842.7156947292196, 1842.7156947292196, 1842.7156947292196, 1842.7156947292196, 1842.7156947292196, 1842.7156947292196, 1842.7156947292196, 1842.7156947292196, 1842.7156947292196, 1842.7156947292196, 1842.7156947292196, 1842.7156947292196, 1842.7156947292196, 1842.7156947292196, 1842.7156947292196, 1842.7156947292196, 1842.7156947292196, 1842.7156947292196, 1842.7156947292196, 1842.7156947292196, 1842.7156947292196, 1842.7156947292196, 1842.7156947292196, 1842.7156947292196, 1842.7156947292196, 1842.5417813949475, 1842.5417813949475, 1842.5417813949475, 1842.5417813949475, 1842.5417813949475, 1842.5417813949475, 1842.5417813949475, 1842.5417813949475, 1842.5417813949475, 1842.5417813949475, 1842.5417813949475, 1842.5417813949475, 1842.5417813949475, 1842.5417813949475, 1842.5417813949475, 1842.5417813949475, 1842.5417813949475, 1842.5417813949475, 1842.5417813949475, 1842.5417813949475, 1842.5417813949475, 1842.5417813949475, 1842.5417813949475, 1842.5417813949475, 1842.5417813949475, 1842.5417813949475, 1842.5417813949475, 1842.5417813949475, 1842.5417813949475, 1842.5417813949475, 1842.5417813949475, 1842.5417813949475, 1842.5417813949475, 1842.5417813949475, 1842.5417813949475, 1842.5417813949475, 1842.5417813949475, 1842.5417813949475, 1842.5417813949475, 1842.5417813949475, 1842.5417813949475, 1842.5417813949475, 1842.5417813949475, 1842.5417813949475, 1842.5417813949475, 1842.5417813949475, 1842.5417813949475, 1842.5417813949475, 1842.5417813949475, 1842.5417813949475, 1842.5417813949475, 1842.5417813949475, 1842.5417813949475, 1842.5417813949475, 1842.5417813949475, 1842.5417813949475, 1842.5417813949475, 1842.5417813949475, 1842.5417813949475, 1842.5417813949475, 1842.5417813949475, 1842.5417813949475, 1842.5417813949475, 1842.5417813949475, 1842.5417813949475, 1842.5417813949475, 1842.5417813949475, 1842.5417813949475, 1842.5417813949475, 1842.5417813949475, 1842.5417813949475, 1842.5417813949475, 1842.5417813949475, 1842.5417813949475, 1842.5417813949475, 1842.5417813949475, 1842.5417813949475, 1842.5417813949475, 1842.5417813949475, 1842.5417813949475, 1842.5417813949475, 1842.5417813949475, 1842.5417813949475, 1842.5417813949475, 1842.5417813949475, 1842.5417813949475, 1842.5417813949475, 1842.5417813949475, 1842.5417813949475, 1842.5417813949475, 1842.5417813949475, 1842.5417813949475, 1842.5417813949475, 1842.5417813949475, 1842.5417813949475, 1842.5417813949475, 1842.5417813949475, 1842.5417813949475, 1842.5417813949475, 1842.5417813949475, 1842.5417813949475, 1842.5417813949475, 1842.5417813949475, 1842.5417813949475, 1842.5417813949475, 1842.5417813949475, 1842.5417813949475, 1842.5417813949475, 1842.5417813949475, 1842.5417813949475, 1842.5417813949475, 1842.5417813949475, 1842.5417813949475, 1842.5417813949475, 1842.5417813949475, 1842.5417813949475, 1842.5417813949475, 1842.5417813949475, 1842.5417813949475, 1842.5417813949475, 1842.5417813949475, 1842.5417813949475, 1842.5417813949475, 1842.5417813949475, 1842.5417813949475, 1842.5417813949475, 1842.5417813949475, 1842.5417813949475, 1842.5417813949475, 1842.5417813949475, 1842.5417813949475, 1842.5417813949475, 1842.5417813949475, 1842.5417813949475, 1842.5417813949475, 1842.5417813949475, 1842.5417813949475, 1842.5417813949475, 1842.5417813949475, 1842.5417813949475, 1842.5417813949475, 1842.5417813949475, 1842.5417813949475, 1842.5417813949475, 1842.5417813949475, 1842.5417813949475, 1842.5417813949475, 1842.5417813949475, 1842.5417813949475, 1842.5417813949475, 1842.5417813949475, 1842.5417813949475, 1842.5417813949475, 1842.5417813949475, 1842.5417813949475, 1842.5417813949475, 1842.5417813949475, 1842.5417813949475, 1842.5417813949475, 1842.5417813949475, 1842.5417813949475, 1842.5417813949475, 1842.5417813949475, 1842.5417813949475, 1842.5417813949475, 1842.5417813949475, 1842.5417813949475, 1842.5417813949475, 1842.5417813949475, 1842.5417813949475, 1842.5417813949475, 1842.5417813949475, 1842.5417813949475, 1842.5417813949475, 1842.5417813949475, 1842.5417813949475, 1842.5417813949475, 1842.5417813949475, 1842.5417813949475, 1842.5417813949475, 1842.5417813949475, 1842.5417813949475, 1842.5417813949475, 1842.5417813949475, 1842.5417813949475, 1842.5417813949475, 1842.5417813949475, 1842.5417813949475, 1842.5417813949475, 1842.5417813949475, 1842.5417813949475, 1842.5417813949475, 1842.5417813949475, 1842.5417813949475, 1842.5417813949475, 1842.5417813949475, 1842.5417813949475, 1842.5417813949475, 1842.5417813949475, 1842.5417813949475, 1842.5417813949475, 1842.5417813949475, 1842.5417813949475, 1842.5417813949475, 1842.5417813949475, 1842.5417813949475, 1842.5417813949475, 1842.5417813949475, 1842.5417813949475, 1842.5417813949475, 1842.5417813949475, 1842.5417813949475, 1842.5417813949475, 1842.5417813949475, 1842.5417813949475, 1842.5417813949475, 1842.5417813949475, 1842.5417813949475, 1842.5417813949475, 1842.5417813949475, 1842.5417813949475, 1842.5417813949475, 1842.5417813949475, 1842.5417813949475, 1842.5417813949475, 1842.5417813949475, 1842.5417813949475, 1842.5417813949475, 1842.5417813949475, 1842.5417813949475, 1842.5417813949475, 1842.5417813949475, 1842.5417813949475, 1842.5417813949475, 1842.5417813949475, 1842.5417813949475, 1842.5417813949475, 1842.5417813949475, 1842.5417813949475, 1842.5417813949475, 1842.5417813949475, 1842.5417813949475, 1842.5417813949475, 1842.5417813949475, 1842.5417813949475, 1842.5417813949475, 1842.5417813949475, 1842.5417813949475, 1842.5417813949475, 1842.5417813949475, 1842.5417813949475, 1842.5417813949475, 1842.5417813949475, 1842.5417813949475, 1842.5417813949475, 1842.5417813949475, 1842.5417813949475, 1842.5417813949475, 1842.5417813949475, 1842.5417813949475, 1842.5417813949475, 1842.5417813949475, 1842.5417813949475, 1842.5417813949475, 1842.5417813949475, 1842.5417813949475, 1842.5417813949475, 1842.5417813949475, 1842.5417813949475, 1842.5417813949475, 1842.5417813949475, 1842.5417813949475, 1842.5417813949475, 1842.5417813949475, 1842.5417813949475, 1842.5417813949475, 1842.5417813949475, 1842.5417813949475, 1842.5417813949475, 1842.5417813949475, 1842.5417813949475, 1842.5417813949475, 1842.5417813949475, 1842.5417813949475, 1842.5417813949475, 1842.5417813949475, 1842.5417813949475, 1842.5417813949475, 1842.5417813949475, 1842.5417813949475, 1842.5417813949475, 1842.5417813949475, 1842.5417813949475, 1842.5417813949475, 1842.5417813949475, 1842.5417813949475, 1842.5417813949475, 1842.5417813949475, 1842.5417813949475, 1842.5417813949475, 1842.5417813949475, 1842.5417813949475, 1842.5417813949475, 1842.5417813949475, 1842.5417813949475, 1842.5417813949475, 1842.5417813949475, 1842.5417813949475, 1842.5417813949475, 1842.5417813949475, 1842.5417813949475, 1842.5417813949475, 1842.5417813949475, 1842.5417813949475, 1842.5417813949475, 1842.5417813949475, 1842.5417813949475, 1842.5417813949475, 1842.5417813949475, 1842.5417813949475, 1842.5417813949475, 1842.5417813949475, 1842.5417813949475, 1842.5417813949475, 1842.5417813949475, 1842.5417813949475, 1842.5417813949475, 1842.5417813949475, 1842.5417813949475, 1842.5417813949475, 1842.5417813949475, 1842.5417813949475, 1842.5417813949475, 1842.5417813949475, 1842.5417813949475, 1842.5417813949475, 1842.5417813949475, 1842.5417813949475, 1842.5417813949475, 1842.5417813949475, 1842.5417813949475, 1842.5417813949475, 1842.5417813949475, 1842.5417813949475, 1842.5417813949475, 1842.5417813949475, 1842.5417813949475, 1842.5417813949475, 1842.5417813949475, 1842.5417813949475, 1842.5417813949475, 1842.5417813949475, 1842.5417813949475, 1842.5417813949475, 1842.5417813949475, 1842.5417813949475, 1842.5417813949475, 1842.5417813949475, 1842.5417813949475, 1842.5417813949475, 1842.5417813949475, 1842.5417813949475, 1842.5417813949475, 1842.5417813949475, 1842.5417813949475, 1842.5417813949475, 1842.5417813949475, 1842.5417813949475, 1842.5417813949475, 1842.5417813949475, 1842.5417813949475, 1842.5417813949475, 1842.5417813949475, 1842.5417813949475, 1842.5417813949475, 1842.5417813949475, 1842.5417813949475, 1842.5417813949475, 1842.5417813949475, 1842.5417813949475, 1842.5417813949475, 1842.5417813949475, 1842.5417813949475, 1842.5417813949475, 1842.5417813949475, 1842.5417813949475, 1842.5417813949475, 1842.5417813949475, 1842.5417813949475, 1842.5417813949475, 1842.5417813949475, 1842.5417813949475, 1842.5417813949475, 1842.5417813949475, 1842.5417813949475, 1842.5417813949475, 1842.5417813949475, 1842.5417813949475, 1842.5417813949475, 1842.5417813949475, 1842.5417813949475, 1842.5417813949475, 1842.5417813949475, 1842.5417813949475, 1842.5417813949475, 1842.5417813949475, 1842.5417813949475, 1842.5417813949475, 1842.5417813949475, 1842.5417813949475, 1842.5417813949475, 1842.5417813949475, 1842.5417813949475, 1842.5417813949475, 1842.5417813949475, 1842.5417813949475, 1842.5417813949475, 1842.5417813949475, 1842.5417813949475, 1842.5417813949475, 1842.5417813949475, 1842.5417813949475, 1842.5417813949475, 1842.5417813949475, 1842.5417813949475, 1842.5417813949475, 1842.5417813949475, 1842.5417813949475, 1842.5417813949475, 1842.5417813949475, 1842.5417813949475, 1842.5417813949475, 1842.5417813949475, 1842.5417813949475, 1842.5417813949475, 1842.5417813949475, 1842.5417813949475, 1842.5417813949475, 1842.5417813949475, 1842.5417813949475, 1842.5417813949475, 1842.5417813949475, 1842.5417813949475, 1842.5417813949475, 1842.5417813949475, 1842.5417813949475, 1842.5417813949475, 1842.5417813949475, 1842.5417813949475, 1842.5417813949475, 1842.5417813949475, 1842.5417813949475, 1842.5417813949475, 1842.5417813949475, 1842.5417813949475, 1842.5417813949475, 1842.5417813949475, 1842.5417813949475, 1842.5417813949475, 1842.5417813949475, 1842.5417813949475, 1842.5417813949475, 1842.5417813949475, 1842.5417813949475, 1842.5417813949475, 1842.5417813949475, 1842.5417813949475, 1842.5417813949475, 1842.5417813949475, 1842.5417813949475, 1842.5417813949475, 1842.5417813949475, 1842.5417813949475, 1842.5417813949475, 1842.5417813949475, 1842.5417813949475, 1842.5417813949475, 1842.5417813949475, 1842.5417813949475, 1842.5417813949475, 1842.5417813949475, 1842.5417813949475, 1842.5417813949475, 1842.5417813949475, 1842.5417813949475, 1842.5417813949475, 1842.5417813949475, 1842.5417813949475, 1842.5417813949475, 1842.5417813949475, 1842.5417813949475, 1842.5417813949475, 1842.5417813949475, 1842.5417813949475, 1842.5417813949475, 1842.5417813949475, 1842.5417813949475, 1842.5417813949475, 1842.5417813949475, 1842.5417813949475, 1842.5417813949475, 1842.5417813949475, 1842.5417813949475, 1842.5417813949475, 1842.5417813949475, 1842.5417813949475, 1842.5417813949475, 1842.5417813949475, 1842.5417813949475, 1842.5417813949475, 1842.5417813949475, 1842.5417813949475, 1842.5417813949475, 1842.5417813949475, 1842.5417813949475, 1842.5417813949475, 1842.5417813949475, 1842.5417813949475, 1842.5417813949475, 1842.5417813949475, 1842.5417813949475, 1842.5417813949475, 1842.5417813949475, 1842.5417813949475, 1842.5417813949475, 1842.5417813949475, 1842.5417813949475, 1842.5417813949475, 1842.5417813949475, 1842.5417813949475, 1842.5417813949475, 1842.5417813949475, 1842.5417813949475, 1842.5417813949475, 1842.5417813949475, 1842.5417813949475, 1842.5417813949475, 1842.5417813949475, 1842.5417813949475, 1842.5417813949475, 1842.5417813949475, 1842.5417813949475, 1842.5417813949475, 1842.5417813949475, 1842.5417813949475, 1842.5417813949475, 1842.5417813949475, 1842.5417813949475, 1842.5417813949475, 1842.5417813949475, 1842.5417813949475, 1842.5417813949475, 1842.5417813949475, 1842.5417813949475, 1842.5417813949475, 1842.5417813949475, 1842.5417813949475, 1842.5417813949475, 1842.5417813949475, 1842.5417813949475, 1842.5417813949475, 1842.5417813949475, 1842.5417813949475, 1842.5417813949475, 1842.5417813949475, 1842.5417813949475, 1842.5417813949475, 1842.5417813949475, 1842.5417813949475, 1842.5417813949475, 1842.5417813949475, 1842.5417813949475, 1842.5417813949475, 1842.5417813949475, 1842.5417813949475, 1842.5417813949475, 1842.5417813949475, 1842.5417813949475, 1842.5417813949475, 1842.5417813949475, 1842.5417813949475, 1842.5417813949475, 1842.5417813949475, 1842.5417813949475, 1842.5417813949475, 1842.5417813949475, 1842.5417813949475, 1842.5417813949475, 1842.5417813949475, 1842.5417813949475, 1842.5417813949475, 1842.5417813949475, 1842.5417813949475, 1842.5417813949475, 1842.5417813949475, 1842.5417813949475, 1842.5417813949475, 1842.5417813949475, 1842.5417813949475, 1842.5417813949475, 1842.5417813949475, 1842.5417813949475, 1842.5417813949475, 1842.5417813949475, 1842.5417813949475, 1842.5417813949475, 1842.5417813949475, 1842.5417813949475, 1842.5417813949475, 1842.5417813949475, 1842.5417813949475, 1842.5417813949475, 1842.5417813949475, 1842.5417813949475, 1842.5417813949475, 1842.5417813949475, 1842.5417813949475, 1842.5417813949475, 1842.5417813949475, 1842.5417813949475, 1842.5417813949475, 1842.5417813949475, 1842.5417813949475, 1842.5417813949475, 1842.5417813949475, 1842.5417813949475, 1842.5417813949475, 1842.5417813949475, 1842.5417813949475, 1842.5417813949475, 1842.5417813949475, 1842.5417813949475, 1842.5417813949475, 1842.5417813949475, 1842.5417813949475, 1842.5417813949475, 1842.5417813949475, 1842.5417813949475, 1842.5417813949475, 1842.5417813949475, 1842.5417813949475, 1842.5417813949475, 1842.5417813949475, 1842.5417813949475, 1842.5417813949475, 1842.5417813949475, 1842.5417813949475, 1842.5417813949475, 1842.5417813949475, 1842.5417813949475, 1842.5417813949475, 1842.5417813949475, 1842.5417813949475, 1842.5417813949475, 1842.5417813949475, 1842.5417813949475, 1842.5417813949475, 1842.5417813949475, 1842.5417813949475, 1842.5417813949475, 1842.5417813949475, 1842.5417813949475, 1842.5417813949475, 1842.5417813949475, 1842.5417813949475, 1842.5417813949475, 1842.5417813949475, 1842.5417813949475, 1842.5417813949475, 1842.5417813949475, 1842.5417813949475, 1842.5417813949475, 1842.5417813949475, 1842.5417813949475, 1842.5417813949475, 1842.5417813949475, 1842.5417813949475, 1842.5417813949475, 1842.5417813949475, 1842.5417813949475, 1842.5417813949475, 1842.5417813949475, 1842.5417813949475, 1842.5417813949475, 1842.5417813949475, 1842.5417813949475, 1842.5417813949475, 1842.5417813949475, 1842.5417813949475, 1842.5417813949475, 1842.5417813949475, 1842.5417813949475, 1842.5417813949475, 1842.5417813949475, 1842.5417813949475, 1842.5417813949475, 1842.5417813949475, 1842.5417813949475, 1842.5417813949475, 1842.5417813949475, 1842.5417813949475, 1842.5417813949475, 1842.5417813949475, 1842.5417813949475, 1842.5417813949475, 1842.5417813949475, 1842.5417813949475, 1842.5417813949475, 1842.5417813949475, 1842.5417813949475, 1842.5417813949475, 1842.5417813949475, 1842.5417813949475, 1842.5417813949475, 1842.5417813949475, 1842.5417813949475, 1842.5417813949475, 1842.5417813949475, 1842.5417813949475, 1842.5417813949475, 1842.5417813949475, 1842.5417813949475, 1842.5417813949475, 1842.5417813949475, 1842.5417813949475, 1842.5417813949475, 1842.5417813949475, 1842.5417813949475, 1842.5417813949475, 1842.5417813949475, 1842.5417813949475, 1842.5417813949475, 1842.5417813949475, 1842.5417813949475, 1842.5417813949475, 1842.5417813949475, 1842.5417813949475, 1842.5417813949475, 1842.5417813949475, 1842.5417813949475, 1842.5417813949475, 1842.5417813949475, 1842.5417813949475, 1842.5417813949475, 1842.5417813949475, 1842.5417813949475, 1842.5417813949475, 1842.5417813949475, 1842.5417813949475, 1842.5417813949475, 1842.5417813949475, 1842.5417813949475, 1842.5417813949475, 1842.5417813949475, 1842.5417813949475, 1842.5417813949475, 1842.5417813949475, 1842.5417813949475, 1842.5417813949475, 1842.5417813949475, 1842.5417813949475, 1842.5417813949475, 1842.5417813949475, 1842.5417813949475, 1842.5417813949475, 1842.5417813949475, 1842.5417813949475, 1842.5417813949475, 1842.5417813949475, 1842.5417813949475, 1842.5417813949475, 1842.5417813949475, 1842.5417813949475, 1842.5417813949475, 1842.5417813949475, 1842.5417813949475, 1842.5417813949475, 1842.5417813949475, 1842.5417813949475, 1842.5417813949475, 1842.5417813949475, 1842.5417813949475, 1842.5417813949475, 1842.5417813949475, 1842.5417813949475, 1842.5417813949475, 1842.5417813949475, 1842.5417813949475, 1842.5417813949475, 1842.5417813949475, 1842.5417813949475, 1842.5417813949475, 1842.5417813949475, 1842.5417813949475, 1842.5417813949475, 1842.5417813949475, 1842.5417813949475, 1842.5417813949475, 1842.5417813949475, 1842.5417813949475, 1842.5417813949475, 1842.5417813949475, 1842.5417813949475, 1842.5417813949475, 1842.5417813949475, 1842.5417813949475, 1842.5417813949475, 1842.5417813949475, 1842.5417813949475, 1842.5417813949475, 1842.5417813949475, 1842.5417813949475, 1842.5417813949475, 1842.5417813949475, 1842.5417813949475, 1842.5417813949475, 1842.5417813949475, 1842.5417813949475, 1842.5417813949475, 1842.5417813949475, 1842.5417813949475, 1842.5417813949475, 1842.5417813949475, 1842.5417813949475, 1842.5417813949475, 1842.5417813949475, 1842.5417813949475, 1842.5417813949475, 1842.5417813949475, 1842.5417813949475, 1842.5417813949475, 1842.5417813949475, 1842.5417813949475, 1842.5417813949475, 1842.5417813949475, 1842.5417813949475, 1842.5417813949475, 1842.5417813949475, 1842.5417813949475, 1842.5417813949475, 1842.5417813949475, 1842.5417813949475, 1842.5417813949475, 1842.5417813949475, 1842.5417813949475, 1842.5417813949475, 1842.5417813949475, 1842.5417813949475, 1842.5417813949475, 1842.5417813949475, 1842.5417813949475, 1842.5417813949475, 1842.5417813949475, 1842.5417813949475, 1842.5417813949475, 1842.5417813949475, 1842.5417813949475, 1842.5417813949475, 1842.5417813949475, 1842.5417813949475, 1842.5417813949475, 1842.5417813949475, 1842.5417813949475, 1842.5417813949475, 1842.5417813949475, 1842.5417813949475, 1842.5417813949475, 1842.5417813949475, 1842.5417813949475, 1842.5417813949475, 1842.5417813949475, 1842.5417813949475, 1842.5417813949475, 1842.5417813949475, 1842.5417813949475, 1842.5417813949475, 1842.5417813949475, 1842.5417813949475, 1842.5417813949475, 1842.5417813949475, 1842.5417813949475, 1842.5417813949475, 1842.5417813949475, 1842.5417813949475, 1842.5417813949475, 1842.5417813949475, 1842.5417813949475, 1842.5417813949475, 1842.5417813949475, 1842.5417813949475, 1842.5417813949475, 1842.5417813949475, 1842.5417813949475, 1842.5417813949475, 1842.5417813949475, 1842.5417813949475, 1842.5417813949475, 1842.5417813949475, 1842.5417813949475, 1842.5417813949475, 1842.5417813949475, 1842.5417813949475, 1842.5417813949475, 1842.5417813949475, 1842.5417813949475, 1842.5417813949475, 1842.5417813949475, 1842.5417813949475, 1842.5417813949475, 1842.5417813949475, 1842.5417813949475, 1842.5417813949475, 1842.5417813949475, 1842.5417813949475, 1842.5417813949475, 1842.5417813949475, 1842.5417813949475, 1842.5417813949475, 1842.5417813949475, 1842.5417813949475, 1842.5417813949475, 1842.5417813949475, 1842.5417813949475, 1842.5417813949475, 1842.5417813949475, 1842.5417813949475, 1842.5417813949475, 1842.5417813949475, 1842.5417813949475, 1842.5417813949475, 1842.5417813949475, 1842.5417813949475, 1842.5417813949475, 1842.5417813949475, 1842.5417813949475, 1842.5417813949475, 1842.5417813949475, 1842.5417813949475, 1842.5417813949475, 1842.5417813949475, 1842.5417813949475, 1842.5417813949475, 1842.5417813949475, 1842.5417813949475, 1842.5417813949475, 1842.5417813949475, 1842.5417813949475, 1842.5417813949475, 1842.5417813949475, 1842.5417813949475, 1842.5417813949475, 1842.5417813949475, 1842.5417813949475, 1842.5417813949475, 1842.5417813949475, 1842.5417813949475, 1842.5417813949475, 1842.5417813949475, 1842.5417813949475, 1842.5417813949475, 1842.5417813949475, 1842.5417813949475, 1842.5417813949475, 1842.5417813949475, 1842.5417813949475, 1842.5417813949475, 1842.5417813949475, 1842.5417813949475, 1842.5417813949475, 1842.5417813949475, 1842.5417813949475, 1842.5417813949475, 1842.5417813949475, 1842.5417813949475, 1842.5417813949475, 1842.5417813949475, 1842.5417813949475, 1842.5417813949475, 1842.5417813949475, 1842.5417813949475, 1842.5417813949475, 1842.5417813949475, 1842.5417813949475, 1842.5417813949475, 1842.5417813949475, 1842.5417813949475, 1842.5417813949475, 1842.5417813949475, 1842.5417813949475, 1842.5417813949475, 1842.5417813949475, 1842.5417813949475, 1842.5417813949475, 1842.5417813949475, 1842.5417813949475, 1842.5417813949475, 1842.5417813949475, 1842.5417813949475, 1842.5417813949475, 1842.5417813949475, 1842.5417813949475, 1842.5417813949475, 1842.5417813949475, 1842.5417813949475, 1842.5417813949475, 1842.5417813949475, 1842.5417813949475, 1842.5417813949475, 1842.5417813949475, 1842.5417813949475, 1842.5417813949475, 1842.5417813949475, 1842.5417813949475, 1842.5417813949475, 1842.5417813949475, 1842.5417813949475, 1842.5417813949475, 1842.5417813949475, 1842.5417813949475, 1842.5417813949475, 1842.5417813949475, 1842.5417813949475, 1842.5417813949475, 1842.5417813949475, 1842.5417813949475, 1842.5417813949475, 1842.5417813949475, 1842.5417813949475, 1842.5417813949475, 1842.5417813949475, 1842.5417813949475, 1842.5417813949475, 1842.5417813949475, 1842.5417813949475, 1842.5417813949475, 1842.5417813949475, 1842.5417813949475, 1842.5417813949475, 1842.5417813949475, 1842.5417813949475, 1842.5417813949475, 1842.5417813949475, 1842.5417813949475, 1842.5417813949475, 1842.5417813949475, 1842.5417813949475, 1842.5417813949475, 1842.5417813949475, 1842.5417813949475, 1842.5417813949475, 1842.5417813949475, 1842.5417813949475, 1842.5417813949475, 1842.5417813949475, 1842.5417813949475, 1842.5417813949475, 1842.5417813949475, 1842.5417813949475, 1842.5417813949475, 1842.5417813949475, 1842.5417813949475, 1842.5417813949475, 1842.5417813949475, 1842.5417813949475, 1842.5417813949475, 1842.5417813949475, 1842.5417813949475, 1842.5417813949475, 1842.5417813949475, 1842.5417813949475, 1842.5417813949475, 1842.5417813949475, 1842.5417813949475, 1842.5417813949475, 1842.5417813949475, 1842.5417813949475, 1842.5417813949475, 1842.5417813949475, 1842.5417813949475, 1842.5417813949475, 1842.5417813949475, 1842.5417813949475, 1842.5417813949475, 1842.5417813949475, 1842.5417813949475, 1842.5417813949475, 1842.5417813949475, 1842.5417813949475, 1842.5417813949475, 1842.5417813949475, 1842.5417813949475, 1842.5417813949475, 1842.5417813949475, 1842.5417813949475, 1842.5417813949475, 1842.5417813949475, 1842.5417813949475, 1842.5417813949475, 1842.5417813949475, 1842.5417813949475, 1842.5417813949475, 1842.5417813949475, 1842.5417813949475, 1842.5417813949475, 1842.5417813949475, 1842.5417813949475, 1842.5417813949475, 1842.5417813949475, 1842.5417813949475, 1842.5417813949475, 1842.5417813949475, 1842.5417813949475, 1842.5417813949475, 1842.5417813949475, 1842.5417813949475, 1842.5417813949475, 1842.5417813949475, 1842.5417813949475, 1842.5417813949475, 1842.5417813949475, 1842.5417813949475, 1842.5417813949475, 1842.5417813949475, 1842.5417813949475, 1842.5417813949475, 1842.5417813949475, 1842.5417813949475, 1842.5417813949475, 1842.5417813949475, 1842.5417813949475, 1842.5417813949475, 1842.5417813949475, 1842.5417813949475, 1842.5417813949475, 1842.5417813949475, 1842.5417813949475, 1842.5417813949475, 1842.5417813949475, 1842.5417813949475, 1842.5417813949475, 1842.5417813949475, 1842.5417813949475, 1842.5417813949475, 1842.5417813949475, 1842.5417813949475, 1842.5417813949475, 1842.5417813949475, 1842.5417813949475, 1842.5417813949475, 1842.5417813949475, 1842.5417813949475, 1842.5417813949475, 1842.5417813949475, 1842.5417813949475, 1842.5417813949475, 1842.5417813949475, 1842.5417813949475, 1842.5417813949475, 1842.5417813949475, 1842.5417813949475, 1842.5417813949475, 1842.5417813949475, 1842.5417813949475, 1842.5417813949475, 1842.5417813949475, 1842.5417813949475, 1842.5417813949475, 1842.5417813949475, 1842.5417813949475, 1842.5417813949475, 1842.5417813949475, 1842.5417813949475, 1842.5417813949475, 1842.5417813949475, 1842.5417813949475, 1842.5417813949475, 1842.5417813949475, 1842.5417813949475, 1842.5417813949475, 1842.5417813949475, 1842.5417813949475, 1842.5417813949475, 1842.5417813949475, 1842.5417813949475, 1842.5417813949475, 1842.5417813949475, 1842.5417813949475, 1842.5417813949475, 1842.5417813949475, 1842.5417813949475, 1842.5417813949475, 1842.5417813949475, 1842.5417813949475, 1842.5417813949475, 1842.5417813949475, 1842.5417813949475, 1842.5417813949475, 1842.5417813949475, 1842.5417813949475, 1842.5417813949475, 1842.5417813949475, 1842.5417813949475, 1842.5417813949475, 1842.5417813949475, 1842.5417813949475, 1842.5417813949475, 1842.5417813949475, 1842.5417813949475, 1842.5417813949475, 1842.5417813949475, 1842.5417813949475, 1842.5417813949475, 1842.5417813949475, 1842.5417813949475, 1842.5417813949475, 1842.5417813949475, 1842.5417813949475, 1842.5417813949475, 1842.5417813949475, 1842.5417813949475, 1842.5417813949475, 1842.5417813949475, 1842.5417813949475, 1842.5417813949475, 1842.5417813949475, 1842.5417813949475, 1842.5417813949475, 1842.5417813949475, 1842.5417813949475, 1842.5417813949475, 1842.5417813949475, 1842.5417813949475, 1842.5417813949475, 1842.5417813949475, 1842.5417813949475, 1842.5417813949475, 1842.5417813949475, 1842.5417813949475, 1842.5417813949475, 1842.5417813949475, 1842.5417813949475, 1842.5417813949475, 1842.5417813949475, 1842.5417813949475, 1842.5417813949475, 1842.5417813949475, 1842.5417813949475, 1842.5417813949475, 1842.5417813949475, 1842.5417813949475, 1842.5417813949475, 1842.5417813949475, 1842.5417813949475, 1842.5417813949475, 1842.5417813949475, 1842.5417813949475, 1842.5417813949475, 1842.5417813949475, 1842.5417813949475, 1842.5417813949475, 1842.5417813949475, 1842.5417813949475, 1842.5417813949475, 1842.5417813949475, 1842.5417813949475, 1842.5417813949475, 1842.5417813949475, 1842.5417813949475, 1842.5417813949475, 1842.5417813949475, 1842.5417813949475, 1842.5417813949475, 1842.5417813949475, 1842.5417813949475, 1842.5417813949475, 1842.5417813949475, 1842.5417813949475, 1842.5417813949475, 1842.5417813949475, 1842.5417813949475, 1842.5417813949475, 1842.5417813949475, 1842.5417813949475, 1842.5417813949475, 1842.5417813949475, 1842.5417813949475, 1842.5417813949475, 1842.5417813949475, 1842.5417813949475, 1842.5417813949475, 1842.5417813949475, 1842.5417813949475, 1842.5417813949475, 1842.5417813949475, 1842.5417813949475, 1842.5417813949475, 1842.5417813949475, 1842.5417813949475, 1842.5417813949475, 1842.5417813949475, 1842.5417813949475, 1842.5417813949475, 1842.5417813949475, 1842.5417813949475, 1842.5417813949475, 1842.5417813949475, 1842.5417813949475, 1842.5417813949475, 1842.5417813949475, 1842.5417813949475, 1842.5417813949475, 1842.5417813949475, 1842.5417813949475, 1842.5417813949475, 1842.5417813949475, 1842.5417813949475, 1842.5417813949475, 1842.5417813949475, 1842.5417813949475, 1842.5417813949475, 1842.5417813949475, 1842.5417813949475, 1842.5417813949475, 1842.5417813949475, 1842.5417813949475, 1842.5417813949475, 1842.5417813949475, 1842.5417813949475, 1842.5417813949475, 1842.5417813949475, 1842.5417813949475, 1842.5417813949475, 1842.5417813949475, 1842.5417813949475, 1842.5417813949475, 1842.5417813949475, 1842.5417813949475, 1842.5417813949475, 1842.5417813949475, 1842.5417813949475, 1842.5417813949475, 1842.5417813949475, 1842.5417813949475, 1842.5417813949475, 1842.5417813949475, 1842.5417813949475, 1842.5417813949475, 1842.5417813949475, 1842.5417813949475, 1842.5417813949475, 1842.5417813949475, 1842.5417813949475, 1842.5417813949475, 1842.5417813949475, 1842.5417813949475, 1842.5417813949475, 1842.5417813949475, 1842.5417813949475, 1842.5417813949475, 1842.5417813949475, 1842.5417813949475, 1842.5417813949475, 1842.5417813949475, 1842.5417813949475, 1842.5417813949475, 1842.5417813949475, 1842.5417813949475, 1842.5417813949475, 1842.5417813949475, 1842.5417813949475, 1842.5417813949475, 1842.5417813949475, 1842.5417813949475, 1842.5417813949475, 1842.5417813949475, 1842.5417813949475, 1842.5417813949475, 1842.5417813949475, 1842.5417813949475, 1842.5417813949475, 1842.5417813949475, 1842.5417813949475, 1842.5417813949475, 1842.5417813949475, 1842.5417813949475, 1842.5417813949475, 1842.5417813949475, 1842.5417813949475, 1842.5417813949475, 1842.5417813949475, 1842.5417813949475, 1842.5417813949475, 1842.5417813949475, 1842.5417813949475, 1842.5417813949475, 1842.5417813949475, 1842.5417813949475, 1842.5417813949475, 1842.5417813949475, 1842.5417813949475, 1842.5417813949475, 1842.5417813949475, 1842.5417813949475, 1842.5417813949475, 1842.5417813949475, 1842.5417813949475, 1842.5417813949475, 1842.5417813949475, 1842.5417813949475, 1842.5417813949475, 1842.5417813949475, 1842.5417813949475, 1842.5417813949475, 1842.5417813949475, 1842.5417813949475, 1842.5417813949475, 1842.5417813949475, 1842.5417813949475, 1842.5417813949475, 1842.5417813949475, 1842.5417813949475, 1842.5417813949475, 1842.5417813949475, 1842.5417813949475, 1842.5417813949475, 1842.5417813949475, 1842.5417813949475, 1842.5417813949475, 1842.5417813949475, 1842.5417813949475, 1842.5417813949475, 1842.5417813949475, 1842.5417813949475, 1842.5417813949475, 1842.5417813949475, 1842.5417813949475, 1842.5417813949475, 1842.5417813949475, 1842.5417813949475, 1842.5417813949475, 1842.5417813949475, 1842.5417813949475, 1842.5417813949475, 1842.5417813949475, 1842.5417813949475, 1842.5417813949475, 1842.5417813949475, 1842.5417813949475, 1842.5417813949475, 1842.5417813949475, 1842.5417813949475, 1842.5417813949475, 1842.5417813949475, 1842.5417813949475, 1842.5417813949475, 1842.5417813949475, 1842.5417813949475, 1842.5417813949475, 1842.5417813949475, 1842.5417813949475, 1842.5417813949475, 1842.5417813949475, 1842.5417813949475, 1842.5417813949475, 1842.5417813949475, 1842.5417813949475, 1842.5417813949475, 1842.5417813949475, 1842.5417813949475, 1842.5417813949475, 1842.5417813949475, 1842.5417813949475, 1842.5417813949475, 1842.5417813949475, 1842.5417813949475, 1842.5417813949475, 1842.5417813949475, 1842.5417813949475, 1842.5417813949475, 1842.5417813949475, 1842.5417813949475, 1842.5417813949475, 1842.5417813949475, 1842.5417813949475, 1842.5417813949475, 1842.5417813949475, 1842.5417813949475, 1842.5417813949475, 1842.5417813949475, 1842.5417813949475, 1842.5417813949475, 1842.5417813949475, 1842.5417813949475, 1842.5417813949475, 1842.5417813949475, 1842.5417813949475, 1842.5417813949475, 1842.5417813949475, 1842.5417813949475, 1842.5417813949475, 1842.5417813949475, 1842.5417813949475, 1842.5417813949475, 1842.5417813949475, 1842.5417813949475, 1842.5417813949475, 1842.5417813949475, 1842.5417813949475, 1842.5417813949475, 1842.5417813949475, 1842.5417813949475, 1842.5417813949475, 1842.5417813949475, 1842.5417813949475, 1842.5417813949475, 1842.5417813949475, 1842.5417813949475, 1842.5417813949475, 1842.5417813949475, 1842.5417813949475, 1842.5417813949475, 1842.5417813949475, 1842.5417813949475, 1842.5417813949475, 1842.5417813949475, 1842.5417813949475, 1842.5417813949475, 1842.5417813949475, 1842.5417813949475, 1842.5417813949475, 1842.5417813949475, 1842.5417813949475, 1842.5417813949475, 1842.5417813949475, 1842.5417813949475, 1842.5417813949475, 1842.5417813949475, 1842.5417813949475, 1842.5417813949475, 1842.5417813949475, 1842.5417813949475, 1842.5417813949475, 1842.5417813949475, 1842.5417813949475, 1842.5417813949475, 1842.5417813949475, 1842.5417813949475, 1842.5417813949475, 1842.5417813949475, 1842.5417813949475, 1842.5417813949475, 1842.5417813949475, 1842.5417813949475, 1842.5417813949475, 1842.5417813949475, 1842.5417813949475, 1842.5417813949475, 1842.5417813949475, 1842.5417813949475, 1842.5417813949475, 1842.5417813949475, 1842.5417813949475, 1842.5417813949475, 1842.5417813949475, 1842.5417813949475, 1842.5417813949475, 1842.5417813949475, 1842.5417813949475, 1842.5417813949475, 1842.5417813949475, 1842.5417813949475, 1842.5417813949475, 1842.5417813949475, 1842.5417813949475, 1842.5417813949475, 1842.5417813949475, 1842.5417813949475, 1842.5417813949475, 1842.5417813949475, 1842.5417813949475, 1842.5417813949475, 1842.5417813949475, 1842.5417813949475, 1842.5417813949475, 1842.5417813949475, 1842.5417813949475, 1842.5417813949475, 1842.5417813949475, 1842.5417813949475, 1842.5417813949475, 1842.5417813949475, 1842.5417813949475, 1842.5417813949475, 1842.5417813949475, 1842.5417813949475, 1842.5417813949475, 1842.5417813949475, 1842.5417813949475, 1842.5417813949475, 1842.5417813949475, 1842.5417813949475, 1842.5417813949475, 1842.5417813949475, 1842.5417813949475, 1842.5417813949475, 1842.5417813949475, 1842.5417813949475, 1842.5417813949475, 1842.5417813949475, 1842.5417813949475, 1842.5417813949475, 1842.5417813949475, 1842.5417813949475, 1842.5417813949475, 1842.5417813949475, 1842.5417813949475, 1842.5417813949475, 1842.5417813949475, 1842.5417813949475, 1842.5417813949475, 1842.5417813949475, 1842.5417813949475, 1842.5417813949475, 1842.5417813949475, 1842.5417813949475, 1842.5417813949475, 1842.5417813949475, 1842.5417813949475, 1842.5417813949475, 1842.5417813949475, 1842.5417813949475, 1842.5417813949475, 1842.5417813949475, 1842.5417813949475, 1842.5417813949475, 1842.5417813949475, 1842.5417813949475, 1842.5417813949475, 1842.5417813949475, 1842.5417813949475, 1842.5417813949475, 1842.5417813949475, 1842.5417813949475, 1842.5417813949475, 1842.5417813949475, 1842.5417813949475, 1842.5417813949475, 1842.5417813949475, 1842.5417813949475, 1842.5417813949475, 1842.5417813949475, 1842.5417813949475, 1842.5417813949475, 1842.5417813949475, 1842.5417813949475, 1842.5417813949475, 1842.5417813949475, 1842.5417813949475, 1842.5417813949475, 1842.5417813949475, 1842.5417813949475, 1842.5417813949475, 1842.5417813949475, 1842.5417813949475, 1842.5417813949475, 1842.5417813949475, 1842.5417813949475, 1842.5417813949475, 1842.5417813949475, 1842.5417813949475, 1842.5417813949475, 1842.5417813949475, 1842.5417813949475, 1842.5417813949475, 1842.5417813949475, 1842.5417813949475, 1842.5417813949475, 1842.5417813949475, 1842.5417813949475, 1842.5417813949475, 1842.5417813949475, 1842.5417813949475, 1842.5417813949475, 1842.5417813949475, 1842.5417813949475, 1842.5417813949475, 1842.5417813949475, 1842.5417813949475, 1842.5417813949475, 1842.5417813949475, 1842.5417813949475, 1842.5417813949475, 1842.5417813949475, 1842.5417813949475, 1842.5417813949475, 1842.5417813949475, 1842.5417813949475, 1842.5417813949475, 1842.5417813949475, 1842.5417813949475, 1842.5417813949475, 1842.5417813949475, 1842.5417813949475, 1842.5417813949475, 1842.5417813949475, 1842.5417813949475, 1842.5417813949475, 1842.5417813949475, 1842.5417813949475, 1842.5417813949475, 1842.5417813949475, 1842.5417813949475, 1842.5417813949475, 1842.5417813949475, 1842.5417813949475, 1842.5417813949475, 1842.5417813949475, 1842.5417813949475, 1842.5417813949475, 1842.5417813949475, 1842.5417813949475, 1842.5417813949475, 1842.5417813949475, 1842.5417813949475, 1842.5417813949475, 1842.5417813949475, 1842.5417813949475, 1842.5417813949475, 1842.5417813949475, 1842.5417813949475, 1842.5417813949475, 1842.5417813949475, 1842.5417813949475, 1842.5417813949475, 1842.5417813949475, 1842.5417813949475, 1842.5417813949475, 1842.5417813949475, 1842.5417813949475, 1842.5417813949475, 1842.5417813949475, 1842.5417813949475, 1842.5417813949475, 1842.5417813949475, 1842.5417813949475, 1842.5417813949475, 1842.5417813949475, 1842.5417813949475, 1842.5417813949475, 1842.5417813949475, 1842.5417813949475, 1842.5417813949475, 1842.5417813949475, 1842.5417813949475, 1842.5417813949475, 1842.5417813949475, 1842.5417813949475, 1842.5417813949475, 1842.5417813949475, 1842.5417813949475, 1842.5417813949475, 1842.5417813949475, 1842.5417813949475, 1842.5417813949475, 1842.5417813949475, 1842.5417813949475, 1842.5417813949475, 1842.5417813949475, 1842.5417813949475, 1842.5417813949475, 1842.5417813949475, 1842.5417813949475, 1842.5417813949475, 1842.5417813949475, 1842.5417813949475, 1842.5417813949475, 1842.5417813949475, 1842.5417813949475]
Computational time : 686.849999905