Name : Ahmed ElMousel
Problem : X-n190-k8 
Whale Algorithm 
cost : 1140.1716626
Routes : 
1->32->44->24->45->19->1
1->17->48->11->3->42->1
1->7->2->6->13->1
1->33->37->38->20->26->39->23->1
1->28->9->40->27->21->4->36->1
1->46->35->10->25->5->14->31->22->30->29->15->1
1->18->34->47->12->43->16->8->41->1
best solutions : 
[1184.2781529752083, 1184.2781529752083, 1184.2781529752083, 1184.2781529752083, 1184.2781529752083, 1184.2781529752083, 1184.2781529752083, 1184.2781529752083, 1184.2781529752083, 1184.2781529752083, 1184.2781529752083, 1184.2781529752083, 1173.8342670571685, 1173.8342670571685, 1173.8342670571685, 1173.8342670571685, 1173.8342670571685, 1173.8342670571685, 1173.8342670571685, 1173.8342670571685, 1169.8401965908906, 1169.8401965908906, 1169.8401965908906, 1169.8401965908906, 1169.8401965908906, 1168.9092690907664, 1168.9092690907664, 1168.9092690907664, 1168.9092690907664, 1168.9092690907664, 1168.9092690907664, 1167.2457271507496, 1167.2457271507496, 1167.2457271507496, 1167.2457271507496, 1167.2457271507496, 1167.2457271507496, 1151.9034972486545, 1151.9034972486545, 1151.9034972486545, 1151.9034972486545, 1151.9034972486545, 1151.9034972486545, 1151.9034972486545, 1151.9034972486545, 1151.9034972486545, 1151.9034972486545, 1151.9034972486545, 1151.9034972486545, 1151.9034972486545, 1151.9034972486545, 1151.9034972486545, 1151.9034972486545, 1147.6280877140857, 1147.6280877140857, 1147.6280877140857, 1147.6280877140857, 1147.6280877140857, 1147.6280877140857, 1147.6280877140857, 1147.5506023856803, 1147.5506023856803, 1147.5506023856803, 1147.5506023856803, 1144.5322510660596, 1144.5322510660596, 1144.5322510660596, 1144.5322510660596, 1144.5322510660596, 1144.5322510660596, 1144.5322510660596, 1144.5322510660596, 1144.5322510660596, 1142.4038559864753, 1142.4038559864753, 1142.4038559864753, 1142.4038559864753, 1142.4038559864753, 1142.2421791594918, 1142.2421791594918, 1142.2421791594918, 1142.2421791594918, 1142.2421791594918, 1142.2421791594918, 1142.2421791594918, 1142.2421791594918, 1142.2421791594918, 1142.2421791594918, 1142.2421791594918, 1142.2421791594918, 1142.2421791594918, 1142.2421791594918, 1142.2421791594918, 1142.2421791594918, 1142.2421791594918, 1142.2421791594918, 1142.2421791594918, 1142.2421791594918, 1142.2421791594918, 1142.2421791594918, 1142.2421791594918, 1142.2421791594918, 1142.2421791594918, 1142.2421791594918, 1142.2421791594918, 1142.2421791594918, 1142.2421791594918, 1142.2421791594918, 1142.2421791594918, 1142.2421791594918, 1142.2421791594918, 1142.2421791594918, 1142.2421791594918, 1142.2421791594918, 1142.2421791594918, 1142.2421791594918, 1142.2421791594918, 1142.2421791594918, 1142.2421791594918, 1142.2421791594918, 1142.2421791594918, 1142.2421791594918, 1142.2421791594918, 1142.2421791594918, 1142.2421791594918, 1142.2421791594918, 1142.2421791594918, 1142.2421791594918, 1142.2421791594918, 1142.2421791594918, 1142.2421791594918, 1142.2421791594918, 1142.2421791594918, 1142.2421791594918, 1142.2421791594918, 1142.2421791594918, 1142.2421791594918, 1142.2421791594918, 1142.2421791594918, 1142.2421791594918, 1142.2421791594918, 1142.2421791594918, 1142.2421791594918, 1142.2421791594918, 1142.2421791594918, 1142.2421791594918, 1142.2421791594918, 1142.2421791594918, 1142.2421791594918, 1142.2421791594918, 1142.2421791594918, 1142.2421791594918, 1142.2421791594918, 1142.2421791594918, 1142.2421791594918, 1142.2421791594918, 1142.2421791594918, 1142.2421791594918, 1142.2421791594918, 1142.2421791594918, 1142.2421791594918, 1142.2421791594918, 1142.2421791594918, 1142.2421791594918, 1142.2421791594918, 1142.2421791594918, 1142.2421791594918, 1142.2421791594918, 1142.2421791594918, 1142.2421791594918, 1142.2421791594918, 1142.2421791594918, 1142.2421791594918, 1142.2421791594918, 1142.2421791594918, 1142.2421791594918, 1142.2421791594918, 1142.2421791594918, 1142.2421791594918, 1142.2421791594918, 1142.2421791594918, 1142.2421791594918, 1142.2421791594918, 1142.2421791594918, 1142.2421791594918, 1142.2421791594918, 1142.2421791594918, 1142.2421791594918, 1142.2421791594918, 1142.2421791594918, 1142.2421791594918, 1142.2421791594918, 1142.2421791594918, 1142.2421791594918, 1142.2421791594918, 1142.2421791594918, 1142.2421791594918, 1142.2421791594918, 1142.2421791594918, 1142.2421791594918, 1142.2421791594918, 1142.2421791594918, 1142.2421791594918, 1142.2421791594918, 1142.2421791594918, 1142.2421791594918, 1142.2421791594918, 1142.2421791594918, 1142.2421791594918, 1142.2421791594918, 1142.2421791594918, 1142.2421791594918, 1142.2421791594918, 1142.2421791594918, 1142.2421791594918, 1142.2421791594918, 1142.2421791594918, 1142.2421791594918, 1142.2421791594918, 1142.2421791594918, 1142.2421791594918, 1142.2421791594918, 1142.2421791594918, 1142.2421791594918, 1142.2421791594918, 1142.2421791594918, 1142.2421791594918, 1142.2421791594918, 1142.2421791594918, 1142.2421791594918, 1142.2421791594918, 1142.2421791594918, 1142.2421791594918, 1142.2421791594918, 1142.2421791594918, 1142.2421791594918, 1142.2421791594918, 1142.2421791594918, 1142.2421791594918, 1142.2421791594918, 1142.2421791594918, 1142.2421791594918, 1142.2421791594918, 1142.2421791594918, 1142.2421791594918, 1142.2421791594918, 1142.2421791594918, 1142.2421791594918, 1142.2421791594918, 1142.2421791594918, 1142.2421791594918, 1142.2421791594918, 1142.2421791594918, 1142.2421791594918, 1142.2421791594918, 1142.2421791594918, 1142.2421791594918, 1142.2421791594918, 1142.2421791594918, 1142.2421791594918, 1142.2421791594918, 1142.2421791594918, 1142.2421791594918, 1142.2421791594918, 1142.2421791594918, 1142.2421791594918, 1142.2421791594918, 1142.2421791594918, 1142.2421791594918, 1142.2421791594918, 1142.2421791594918, 1142.2421791594918, 1142.2421791594918, 1142.2421791594918, 1142.2421791594918, 1142.2421791594918, 1142.2421791594918, 1142.2421791594918, 1142.2421791594918, 1142.2421791594918, 1142.2421791594918, 1142.2421791594918, 1142.2421791594918, 1142.2421791594918, 1142.2421791594918, 1142.2421791594918, 1142.2421791594918, 1142.2421791594918, 1142.2421791594918, 1142.2421791594918, 1142.2421791594918, 1142.2421791594918, 1142.2421791594918, 1142.2421791594918, 1142.2421791594918, 1142.2421791594918, 1142.2421791594918, 1142.2421791594918, 1142.2421791594918, 1142.2421791594918, 1142.2421791594918, 1142.2421791594918, 1142.2421791594918, 1142.2421791594918, 1142.2421791594918, 1142.2421791594918, 1142.2421791594918, 1142.2421791594918, 1142.2421791594918, 1142.2421791594918, 1142.2421791594918, 1142.2421791594918, 1142.2421791594918, 1142.2421791594918, 1142.2421791594918, 1142.2421791594918, 1142.2421791594918, 1142.2421791594918, 1142.2421791594918, 1142.2421791594918, 1142.2421791594918, 1142.2421791594918, 1142.2421791594918, 1142.2421791594918, 1142.2421791594918, 1142.2421791594918, 1142.2421791594918, 1142.2421791594918, 1142.2421791594918, 1142.2421791594918, 1142.2421791594918, 1142.2421791594918, 1142.2421791594918, 1142.2421791594918, 1142.2421791594918, 1142.2421791594918, 1142.2421791594918, 1142.2421791594918, 1142.2421791594918, 1142.2421791594918, 1142.2421791594918, 1142.2421791594918, 1142.2421791594918, 1142.2421791594918, 1142.2421791594918, 1142.2421791594918, 1142.2421791594918, 1142.2421791594918, 1142.2421791594918, 1142.2421791594918, 1142.2421791594918, 1142.2421791594918, 1142.2421791594918, 1142.2421791594918, 1142.2421791594918, 1142.2421791594918, 1142.2421791594918, 1142.2421791594918, 1142.2421791594918, 1142.2421791594918, 1142.2421791594918, 1142.2421791594918, 1142.2421791594918, 1142.2421791594918, 1142.2421791594918, 1142.2421791594918, 1142.2421791594918, 1142.2421791594918, 1142.2421791594918, 1142.2421791594918, 1142.2421791594918, 1142.2421791594918, 1142.2421791594918, 1142.2421791594918, 1142.2421791594918, 1142.2421791594918, 1142.2421791594918, 1142.2421791594918, 1142.2421791594918, 1142.2421791594918, 1142.2421791594918, 1142.2421791594918, 1142.2421791594918, 1142.2421791594918, 1142.2421791594918, 1142.2421791594918, 1142.2421791594918, 1142.2421791594918, 1142.2421791594918, 1142.2421791594918, 1142.2421791594918, 1142.2421791594918, 1142.2421791594918, 1142.2421791594918, 1142.2421791594918, 1142.2421791594918, 1142.2421791594918, 1142.2421791594918, 1142.2421791594918, 1142.2421791594918, 1142.2421791594918, 1142.2421791594918, 1142.2421791594918, 1142.2421791594918, 1142.2421791594918, 1142.2421791594918, 1142.2421791594918, 1142.2421791594918, 1142.2421791594918, 1142.2421791594918, 1142.2421791594918, 1142.2421791594918, 1142.2421791594918, 1142.2421791594918, 1142.2421791594918, 1142.2421791594918, 1142.2421791594918, 1142.2421791594918, 1142.2421791594918, 1142.2421791594918, 1142.2421791594918, 1142.2421791594918, 1142.2421791594918, 1142.2421791594918, 1142.2421791594918, 1142.2421791594918, 1142.2421791594918, 1142.2421791594918, 1142.2421791594918, 1142.2421791594918, 1142.2421791594918, 1142.2421791594918, 1142.2421791594918, 1142.2421791594918, 1142.2421791594918, 1142.2421791594918, 1142.2421791594918, 1142.2421791594918, 1142.2421791594918, 1142.2421791594918, 1142.2421791594918, 1142.2421791594918, 1142.2421791594918, 1142.2421791594918, 1142.2421791594918, 1142.2421791594918, 1142.2421791594918, 1142.2421791594918, 1142.2421791594918, 1142.2421791594918, 1142.2421791594918, 1142.2421791594918, 1142.2421791594918, 1142.2421791594918, 1142.2421791594918, 1142.2421791594918, 1142.2421791594918, 1142.2421791594918, 1142.2421791594918, 1142.2421791594918, 1142.2421791594918, 1142.2421791594918, 1142.2421791594918, 1142.2421791594918, 1142.2421791594918, 1142.2421791594918, 1142.2421791594918, 1142.2421791594918, 1142.2421791594918, 1142.2421791594918, 1142.2421791594918, 1142.2421791594918, 1142.2421791594918, 1142.2421791594918, 1142.2421791594918, 1142.2421791594918, 1142.2421791594918, 1142.2421791594918, 1142.2421791594918, 1142.2421791594918, 1142.2421791594918, 1142.2421791594918, 1142.2421791594918, 1142.2421791594918, 1142.2421791594918, 1142.2421791594918, 1142.2421791594918, 1142.2421791594918, 1142.2421791594918, 1142.2421791594918, 1142.2421791594918, 1142.2421791594918, 1142.2421791594918, 1142.2421791594918, 1142.2421791594918, 1142.2421791594918, 1142.2421791594918, 1142.2421791594918, 1142.2421791594918, 1142.2421791594918, 1142.2421791594918, 1142.2421791594918, 1142.2421791594918, 1142.2421791594918, 1142.2421791594918, 1142.2421791594918, 1142.2421791594918, 1142.2421791594918, 1142.2421791594918, 1142.2421791594918, 1142.2421791594918, 1142.2421791594918, 1142.2421791594918, 1142.2421791594918, 1142.2421791594918, 1142.2421791594918, 1142.2421791594918, 1142.2421791594918, 1142.2421791594918, 1142.2421791594918, 1142.2421791594918, 1142.2421791594918, 1142.2421791594918, 1142.2421791594918, 1142.2421791594918, 1142.2421791594918, 1142.2421791594918, 1142.2421791594918, 1142.2421791594918, 1142.2421791594918, 1142.2421791594918, 1142.2421791594918, 1142.2421791594918, 1142.2421791594918, 1142.2421791594918, 1142.2421791594918, 1142.2421791594918, 1142.2421791594918, 1142.2421791594918, 1142.2421791594918, 1142.2421791594918, 1142.2421791594918, 1142.2421791594918, 1142.2421791594918, 1142.2421791594918, 1142.2421791594918, 1142.2421791594918, 1142.2421791594918, 1142.2421791594918, 1142.2421791594918, 1142.2421791594918, 1142.2421791594918, 1142.2421791594918, 1142.2421791594918, 1142.2421791594918, 1142.2421791594918, 1142.2421791594918, 1142.2421791594918, 1142.2421791594918, 1142.2421791594918, 1142.2421791594918, 1142.2421791594918, 1142.2421791594918, 1142.2421791594918, 1142.2421791594918, 1142.2421791594918, 1142.2421791594918, 1142.2421791594918, 1142.2421791594918, 1142.2421791594918, 1142.2421791594918, 1142.2421791594918, 1142.2421791594918, 1142.2421791594918, 1142.2421791594918, 1142.2421791594918, 1142.2421791594918, 1142.2421791594918, 1142.2421791594918, 1142.2421791594918, 1142.2421791594918, 1142.2421791594918, 1142.2421791594918, 1142.2421791594918, 1142.2421791594918, 1142.2421791594918, 1142.2421791594918, 1142.2421791594918, 1142.2421791594918, 1142.2421791594918, 1142.2421791594918, 1142.2421791594918, 1142.2421791594918, 1142.2421791594918, 1142.2421791594918, 1142.2421791594918, 1142.2421791594918, 1142.2421791594918, 1142.2421791594918, 1142.2421791594918, 1142.2421791594918, 1142.2421791594918, 1142.2421791594918, 1142.2421791594918, 1142.2421791594918, 1142.2421791594918, 1142.2421791594918, 1142.2421791594918, 1142.2421791594918, 1142.2421791594918, 1142.2421791594918, 1141.723209704683, 1141.723209704683, 1141.723209704683, 1141.723209704683, 1141.723209704683, 1141.723209704683, 1141.723209704683, 1141.723209704683, 1141.723209704683, 1141.723209704683, 1141.723209704683, 1141.723209704683, 1141.723209704683, 1141.723209704683, 1141.723209704683, 1141.723209704683, 1141.723209704683, 1141.723209704683, 1141.723209704683, 1141.723209704683, 1141.723209704683, 1141.723209704683, 1141.723209704683, 1141.723209704683, 1141.723209704683, 1141.723209704683, 1141.723209704683, 1141.723209704683, 1141.723209704683, 1141.723209704683, 1140.1716626011366, 1140.1716626011366, 1140.1716626011366, 1140.1716626011366, 1140.1716626011366, 1140.1716626011366, 1140.1716626011366, 1140.1716626011366, 1140.1716626011366, 1140.1716626011366, 1140.1716626011366, 1140.1716626011366, 1140.1716626011366, 1140.1716626011366, 1140.1716626011366, 1140.1716626011366, 1140.1716626011366, 1140.1716626011366, 1140.1716626011366, 1140.1716626011366, 1140.1716626011366, 1140.1716626011366, 1140.1716626011366, 1140.1716626011366, 1140.1716626011366, 1140.1716626011366, 1140.1716626011366, 1140.1716626011366, 1140.1716626011366, 1140.1716626011366, 1140.1716626011366, 1140.1716626011366, 1140.1716626011366, 1140.1716626011366, 1140.1716626011366, 1140.1716626011366, 1140.1716626011366, 1140.1716626011366, 1140.1716626011366, 1140.1716626011366, 1140.1716626011366, 1140.1716626011366, 1140.1716626011366, 1140.1716626011366, 1140.1716626011366, 1140.1716626011366, 1140.1716626011366, 1140.1716626011366, 1140.1716626011366, 1140.1716626011366, 1140.1716626011366, 1140.1716626011366, 1140.1716626011366, 1140.1716626011366, 1140.1716626011366, 1140.1716626011366, 1140.1716626011366, 1140.1716626011366, 1140.1716626011366, 1140.1716626011366, 1140.1716626011366, 1140.1716626011366, 1140.1716626011366, 1140.1716626011366, 1140.1716626011366, 1140.1716626011366, 1140.1716626011366, 1140.1716626011366, 1140.1716626011366, 1140.1716626011366, 1140.1716626011366, 1140.1716626011366, 1140.1716626011366, 1140.1716626011366, 1140.1716626011366, 1140.1716626011366, 1140.1716626011366, 1140.1716626011366, 1140.1716626011366, 1140.1716626011366, 1140.1716626011366, 1140.1716626011366, 1140.1716626011366, 1140.1716626011366, 1140.1716626011366, 1140.1716626011366, 1140.1716626011366, 1140.1716626011366, 1140.1716626011364, 1140.1716626011364, 1140.1716626011364, 1140.1716626011364, 1140.1716626011364, 1140.1716626011364, 1140.1716626011364, 1140.1716626011364, 1140.1716626011364, 1140.1716626011364, 1140.1716626011364, 1140.1716626011364, 1140.1716626011364, 1140.1716626011364, 1140.1716626011364, 1140.1716626011364, 1140.1716626011364, 1140.1716626011364, 1140.1716626011364, 1140.1716626011364, 1140.1716626011364, 1140.1716626011364, 1140.1716626011364, 1140.1716626011364, 1140.1716626011364, 1140.1716626011364, 1140.1716626011364, 1140.1716626011364, 1140.1716626011364, 1140.1716626011364, 1140.1716626011364, 1140.1716626011364, 1140.1716626011364, 1140.1716626011364, 1140.1716626011364, 1140.1716626011364, 1140.1716626011364, 1140.1716626011364, 1140.1716626011364, 1140.1716626011364, 1140.1716626011364, 1140.1716626011364, 1140.1716626011364, 1140.1716626011364, 1140.1716626011364, 1140.1716626011364, 1140.1716626011364, 1140.1716626011364, 1140.1716626011364, 1140.1716626011364, 1140.1716626011364, 1140.1716626011364, 1140.1716626011364, 1140.1716626011364, 1140.1716626011364, 1140.1716626011364, 1140.1716626011364, 1140.1716626011364, 1140.1716626011364, 1140.1716626011364, 1140.1716626011364, 1140.1716626011364, 1140.1716626011364, 1140.1716626011364, 1140.1716626011364, 1140.1716626011364, 1140.1716626011364, 1140.1716626011364, 1140.1716626011364, 1140.1716626011364, 1140.1716626011364, 1140.1716626011364, 1140.1716626011364, 1140.1716626011364, 1140.1716626011364, 1140.1716626011364, 1140.1716626011364, 1140.1716626011364, 1140.1716626011364, 1140.1716626011364, 1140.1716626011364, 1140.1716626011364, 1140.1716626011364, 1140.1716626011364, 1140.1716626011364, 1140.1716626011364, 1140.1716626011364, 1140.1716626011364, 1140.1716626011364, 1140.1716626011364, 1140.1716626011364, 1140.1716626011364, 1140.1716626011364, 1140.1716626011364, 1140.1716626011364, 1140.1716626011364, 1140.1716626011364, 1140.1716626011364, 1140.1716626011364, 1140.1716626011364, 1140.1716626011364, 1140.1716626011364, 1140.1716626011364, 1140.1716626011364, 1140.1716626011364, 1140.1716626011364, 1140.1716626011364, 1140.1716626011364, 1140.1716626011364, 1140.1716626011364, 1140.1716626011364, 1140.1716626011364, 1140.1716626011364, 1140.1716626011364, 1140.1716626011364, 1140.1716626011364, 1140.1716626011364, 1140.1716626011364, 1140.1716626011364, 1140.1716626011364, 1140.1716626011364, 1140.1716626011364, 1140.1716626011364, 1140.1716626011364, 1140.1716626011364, 1140.1716626011364, 1140.1716626011364, 1140.1716626011364, 1140.1716626011364, 1140.1716626011364, 1140.1716626011364, 1140.1716626011364, 1140.1716626011364, 1140.1716626011364, 1140.1716626011364, 1140.1716626011364, 1140.1716626011364, 1140.1716626011364, 1140.1716626011364, 1140.1716626011364, 1140.1716626011364, 1140.1716626011364, 1140.1716626011364, 1140.1716626011364, 1140.1716626011364, 1140.1716626011364, 1140.1716626011364, 1140.1716626011364, 1140.1716626011364, 1140.1716626011364, 1140.1716626011364, 1140.1716626011364, 1140.1716626011364, 1140.1716626011364, 1140.1716626011364, 1140.1716626011364, 1140.1716626011364, 1140.1716626011364, 1140.1716626011364, 1140.1716626011364, 1140.1716626011364, 1140.1716626011364, 1140.1716626011364, 1140.1716626011364, 1140.1716626011364, 1140.1716626011364, 1140.1716626011364, 1140.1716626011364, 1140.1716626011364, 1140.1716626011364, 1140.1716626011364, 1140.1716626011364, 1140.1716626011364, 1140.1716626011364, 1140.1716626011364, 1140.1716626011364, 1140.1716626011364, 1140.1716626011364, 1140.1716626011364, 1140.1716626011364, 1140.1716626011364, 1140.1716626011364, 1140.1716626011364, 1140.1716626011364, 1140.1716626011364, 1140.1716626011364, 1140.1716626011364, 1140.1716626011364, 1140.1716626011364, 1140.1716626011364, 1140.1716626011364, 1140.1716626011364, 1140.1716626011364, 1140.1716626011364, 1140.1716626011364, 1140.1716626011364, 1140.1716626011364, 1140.1716626011364, 1140.1716626011364, 1140.1716626011364, 1140.1716626011364, 1140.1716626011364, 1140.1716626011364, 1140.1716626011364, 1140.1716626011364, 1140.1716626011364, 1140.1716626011364, 1140.1716626011364, 1140.1716626011364, 1140.1716626011364, 1140.1716626011364, 1140.1716626011364, 1140.1716626011364, 1140.1716626011364, 1140.1716626011364, 1140.1716626011364, 1140.1716626011364, 1140.1716626011364, 1140.1716626011364, 1140.1716626011364, 1140.1716626011364, 1140.1716626011364, 1140.1716626011364, 1140.1716626011364, 1140.1716626011364, 1140.1716626011364, 1140.1716626011364, 1140.1716626011364, 1140.1716626011364, 1140.1716626011364, 1140.1716626011364, 1140.1716626011364, 1140.1716626011364, 1140.1716626011364, 1140.1716626011364, 1140.1716626011364, 1140.1716626011364, 1140.1716626011364, 1140.1716626011364, 1140.1716626011364, 1140.1716626011364, 1140.1716626011364, 1140.1716626011364, 1140.1716626011364, 1140.1716626011364, 1140.1716626011364, 1140.1716626011364, 1140.1716626011364, 1140.1716626011364, 1140.1716626011364, 1140.1716626011364, 1140.1716626011364, 1140.1716626011364, 1140.1716626011364, 1140.1716626011364, 1140.1716626011364, 1140.1716626011364, 1140.1716626011364, 1140.1716626011364, 1140.1716626011364, 1140.1716626011364, 1140.1716626011364, 1140.1716626011364, 1140.1716626011364, 1140.1716626011364, 1140.1716626011364, 1140.1716626011364, 1140.1716626011364, 1140.1716626011364, 1140.1716626011364, 1140.1716626011364, 1140.1716626011364, 1140.1716626011364, 1140.1716626011364, 1140.1716626011364, 1140.1716626011364, 1140.1716626011364, 1140.1716626011364, 1140.1716626011364, 1140.1716626011364, 1140.1716626011364, 1140.1716626011364, 1140.1716626011364, 1140.1716626011364, 1140.1716626011364, 1140.1716626011364, 1140.1716626011364, 1140.1716626011364, 1140.1716626011364, 1140.1716626011364, 1140.1716626011364, 1140.1716626011364, 1140.1716626011364, 1140.1716626011364, 1140.1716626011364, 1140.1716626011364, 1140.1716626011364, 1140.1716626011364, 1140.1716626011364, 1140.1716626011364, 1140.1716626011364, 1140.1716626011364, 1140.1716626011364, 1140.1716626011364, 1140.1716626011364, 1140.1716626011364, 1140.1716626011364, 1140.1716626011364, 1140.1716626011364, 1140.1716626011364, 1140.1716626011364, 1140.1716626011364, 1140.1716626011364, 1140.1716626011364, 1140.1716626011364, 1140.1716626011364, 1140.1716626011364, 1140.1716626011364, 1140.1716626011364, 1140.1716626011364, 1140.1716626011364, 1140.1716626011364, 1140.1716626011364, 1140.1716626011364, 1140.1716626011364, 1140.1716626011364, 1140.1716626011364, 1140.1716626011364, 1140.1716626011364, 1140.1716626011364, 1140.1716626011364, 1140.1716626011364, 1140.1716626011364, 1140.1716626011364, 1140.1716626011364, 1140.1716626011364, 1140.1716626011364, 1140.1716626011364, 1140.1716626011364, 1140.1716626011364, 1140.1716626011364, 1140.1716626011364, 1140.1716626011364, 1140.1716626011364, 1140.1716626011364, 1140.1716626011364, 1140.1716626011364, 1140.1716626011364, 1140.1716626011364, 1140.1716626011364, 1140.1716626011364, 1140.1716626011364, 1140.1716626011364, 1140.1716626011364, 1140.1716626011364, 1140.1716626011364, 1140.1716626011364, 1140.1716626011364, 1140.1716626011364, 1140.1716626011364, 1140.1716626011364, 1140.1716626011364, 1140.1716626011364, 1140.1716626011364, 1140.1716626011364, 1140.1716626011364, 1140.1716626011364, 1140.1716626011364, 1140.1716626011364, 1140.1716626011364, 1140.1716626011364, 1140.1716626011364, 1140.1716626011364, 1140.1716626011364, 1140.1716626011364, 1140.1716626011364, 1140.1716626011364, 1140.1716626011364, 1140.1716626011364, 1140.1716626011364, 1140.1716626011364, 1140.1716626011364, 1140.1716626011364, 1140.1716626011364, 1140.1716626011364, 1140.1716626011364, 1140.1716626011364, 1140.1716626011364, 1140.1716626011364, 1140.1716626011364, 1140.1716626011364, 1140.1716626011364, 1140.1716626011364, 1140.1716626011364, 1140.1716626011364, 1140.1716626011364, 1140.1716626011364, 1140.1716626011364, 1140.1716626011364, 1140.1716626011364, 1140.1716626011364, 1140.1716626011364, 1140.1716626011364, 1140.1716626011364, 1140.1716626011364, 1140.1716626011364, 1140.1716626011364, 1140.1716626011364, 1140.1716626011364, 1140.1716626011364, 1140.1716626011364, 1140.1716626011364, 1140.1716626011364, 1140.1716626011364, 1140.1716626011364, 1140.1716626011364, 1140.1716626011364, 1140.1716626011364, 1140.1716626011364, 1140.1716626011364, 1140.1716626011364, 1140.1716626011364, 1140.1716626011364, 1140.1716626011364, 1140.1716626011364, 1140.1716626011364, 1140.1716626011364, 1140.1716626011364, 1140.1716626011364, 1140.1716626011364, 1140.1716626011364, 1140.1716626011364, 1140.1716626011364, 1140.1716626011364, 1140.1716626011364, 1140.1716626011364, 1140.1716626011364, 1140.1716626011364, 1140.1716626011364, 1140.1716626011364, 1140.1716626011364, 1140.1716626011364, 1140.1716626011364, 1140.1716626011364, 1140.1716626011364, 1140.1716626011364, 1140.1716626011364, 1140.1716626011364, 1140.1716626011364, 1140.1716626011364, 1140.1716626011364, 1140.1716626011364, 1140.1716626011364, 1140.1716626011364, 1140.1716626011364, 1140.1716626011364, 1140.1716626011364, 1140.1716626011364, 1140.1716626011364, 1140.1716626011364, 1140.1716626011364, 1140.1716626011364, 1140.1716626011364, 1140.1716626011364, 1140.1716626011364, 1140.1716626011364, 1140.1716626011364, 1140.1716626011364, 1140.1716626011364, 1140.1716626011364, 1140.1716626011364, 1140.1716626011364, 1140.1716626011364, 1140.1716626011364, 1140.1716626011364, 1140.1716626011364, 1140.1716626011364, 1140.1716626011364, 1140.1716626011364, 1140.1716626011364, 1140.1716626011364, 1140.1716626011364, 1140.1716626011364, 1140.1716626011364, 1140.1716626011364, 1140.1716626011364, 1140.1716626011364, 1140.1716626011364, 1140.1716626011364, 1140.1716626011364, 1140.1716626011364, 1140.1716626011364, 1140.1716626011364, 1140.1716626011364, 1140.1716626011364, 1140.1716626011364, 1140.1716626011364, 1140.1716626011364, 1140.1716626011364, 1140.1716626011364, 1140.1716626011364, 1140.1716626011364, 1140.1716626011364, 1140.1716626011364, 1140.1716626011364, 1140.1716626011364, 1140.1716626011364, 1140.1716626011364, 1140.1716626011364, 1140.1716626011364, 1140.1716626011364, 1140.1716626011364, 1140.1716626011364, 1140.1716626011364, 1140.1716626011364, 1140.1716626011364, 1140.1716626011364, 1140.1716626011364, 1140.1716626011364, 1140.1716626011364, 1140.1716626011364, 1140.1716626011364, 1140.1716626011364, 1140.1716626011364, 1140.1716626011364, 1140.1716626011364, 1140.1716626011364, 1140.1716626011364, 1140.1716626011364, 1140.1716626011364, 1140.1716626011364, 1140.1716626011364, 1140.1716626011364, 1140.1716626011364, 1140.1716626011364, 1140.1716626011364, 1140.1716626011364, 1140.1716626011364, 1140.1716626011364, 1140.1716626011364, 1140.1716626011364, 1140.1716626011364, 1140.1716626011364, 1140.1716626011364, 1140.1716626011364, 1140.1716626011364, 1140.1716626011364, 1140.1716626011364, 1140.1716626011364, 1140.1716626011364, 1140.1716626011364, 1140.1716626011364, 1140.1716626011364, 1140.1716626011364, 1140.1716626011364, 1140.1716626011364, 1140.1716626011364, 1140.1716626011364, 1140.1716626011364, 1140.1716626011364, 1140.1716626011364, 1140.1716626011364, 1140.1716626011364, 1140.1716626011364, 1140.1716626011364, 1140.1716626011364, 1140.1716626011364, 1140.1716626011364, 1140.1716626011364, 1140.1716626011364, 1140.1716626011364, 1140.1716626011364, 1140.1716626011364, 1140.1716626011364, 1140.1716626011364, 1140.1716626011364, 1140.1716626011364, 1140.1716626011364, 1140.1716626011364, 1140.1716626011364, 1140.1716626011364, 1140.1716626011364, 1140.1716626011364, 1140.1716626011364, 1140.1716626011364, 1140.1716626011364, 1140.1716626011364, 1140.1716626011364, 1140.1716626011364, 1140.1716626011364, 1140.1716626011364, 1140.1716626011364, 1140.1716626011364, 1140.1716626011364, 1140.1716626011364, 1140.1716626011364, 1140.1716626011364, 1140.1716626011364, 1140.1716626011364, 1140.1716626011364, 1140.1716626011364, 1140.1716626011364, 1140.1716626011364, 1140.1716626011364, 1140.1716626011364, 1140.1716626011364, 1140.1716626011364, 1140.1716626011364, 1140.1716626011364, 1140.1716626011364, 1140.1716626011364, 1140.1716626011364, 1140.1716626011364, 1140.1716626011364, 1140.1716626011364, 1140.1716626011364, 1140.1716626011364, 1140.1716626011364, 1140.1716626011364, 1140.1716626011364, 1140.1716626011364, 1140.1716626011364, 1140.1716626011364, 1140.1716626011364, 1140.1716626011364, 1140.1716626011364, 1140.1716626011364, 1140.1716626011364, 1140.1716626011364, 1140.1716626011364, 1140.1716626011364, 1140.1716626011364, 1140.1716626011364, 1140.1716626011364, 1140.1716626011364, 1140.1716626011364, 1140.1716626011364, 1140.1716626011364, 1140.1716626011364, 1140.1716626011364, 1140.1716626011364, 1140.1716626011364, 1140.1716626011364, 1140.1716626011364, 1140.1716626011364, 1140.1716626011364, 1140.1716626011364, 1140.1716626011364, 1140.1716626011364, 1140.1716626011364, 1140.1716626011364, 1140.1716626011364, 1140.1716626011364, 1140.1716626011364, 1140.1716626011364, 1140.1716626011364, 1140.1716626011364, 1140.1716626011364, 1140.1716626011364, 1140.1716626011364, 1140.1716626011364, 1140.1716626011364, 1140.1716626011364, 1140.1716626011364, 1140.1716626011364, 1140.1716626011364, 1140.1716626011364, 1140.1716626011364, 1140.1716626011364, 1140.1716626011364, 1140.1716626011364, 1140.1716626011364, 1140.1716626011364, 1140.1716626011364, 1140.1716626011364, 1140.1716626011364, 1140.1716626011364, 1140.1716626011364, 1140.1716626011364, 1140.1716626011364, 1140.1716626011364, 1140.1716626011364, 1140.1716626011364, 1140.1716626011364, 1140.1716626011364, 1140.1716626011364, 1140.1716626011364, 1140.1716626011364, 1140.1716626011364, 1140.1716626011364, 1140.1716626011364, 1140.1716626011364, 1140.1716626011364, 1140.1716626011364, 1140.1716626011364, 1140.1716626011364, 1140.1716626011364, 1140.1716626011364, 1140.1716626011364, 1140.1716626011364, 1140.1716626011364, 1140.1716626011364, 1140.1716626011364, 1140.1716626011364, 1140.1716626011364, 1140.1716626011364, 1140.1716626011364, 1140.1716626011364, 1140.1716626011364, 1140.1716626011364, 1140.1716626011364, 1140.1716626011364, 1140.1716626011364, 1140.1716626011364, 1140.1716626011364, 1140.1716626011364, 1140.1716626011364, 1140.1716626011364, 1140.1716626011364, 1140.1716626011364, 1140.1716626011364, 1140.1716626011364, 1140.1716626011364, 1140.1716626011364, 1140.1716626011364, 1140.1716626011364, 1140.1716626011364, 1140.1716626011364, 1140.1716626011364, 1140.1716626011364, 1140.1716626011364, 1140.1716626011364, 1140.1716626011364, 1140.1716626011364, 1140.1716626011364, 1140.1716626011364, 1140.1716626011364, 1140.1716626011364, 1140.1716626011364, 1140.1716626011364, 1140.1716626011364, 1140.1716626011364, 1140.1716626011364, 1140.1716626011364, 1140.1716626011364, 1140.1716626011364, 1140.1716626011364, 1140.1716626011364, 1140.1716626011364, 1140.1716626011364, 1140.1716626011364, 1140.1716626011364, 1140.1716626011364, 1140.1716626011364, 1140.1716626011364, 1140.1716626011364, 1140.1716626011364, 1140.1716626011364, 1140.1716626011364, 1140.1716626011364, 1140.1716626011364, 1140.1716626011364, 1140.1716626011364, 1140.1716626011364, 1140.1716626011364, 1140.1716626011364, 1140.1716626011364, 1140.1716626011364, 1140.1716626011364, 1140.1716626011364, 1140.1716626011364, 1140.1716626011364, 1140.1716626011364, 1140.1716626011364, 1140.1716626011364, 1140.1716626011364, 1140.1716626011364, 1140.1716626011364, 1140.1716626011364, 1140.1716626011364, 1140.1716626011364, 1140.1716626011364, 1140.1716626011364, 1140.1716626011364, 1140.1716626011364, 1140.1716626011364, 1140.1716626011364, 1140.1716626011364, 1140.1716626011364, 1140.1716626011364, 1140.1716626011364, 1140.1716626011364, 1140.1716626011364, 1140.1716626011364, 1140.1716626011364, 1140.1716626011364, 1140.1716626011364, 1140.1716626011364, 1140.1716626011364, 1140.1716626011364, 1140.1716626011364, 1140.1716626011364, 1140.1716626011364, 1140.1716626011364, 1140.1716626011364, 1140.1716626011364, 1140.1716626011364, 1140.1716626011364, 1140.1716626011364, 1140.1716626011364, 1140.1716626011364, 1140.1716626011364, 1140.1716626011364, 1140.1716626011364, 1140.1716626011364, 1140.1716626011364, 1140.1716626011364, 1140.1716626011364, 1140.1716626011364, 1140.1716626011364, 1140.1716626011364, 1140.1716626011364, 1140.1716626011364, 1140.1716626011364, 1140.1716626011364, 1140.1716626011364, 1140.1716626011364, 1140.1716626011364, 1140.1716626011364, 1140.1716626011364, 1140.1716626011364, 1140.1716626011364, 1140.1716626011364, 1140.1716626011364, 1140.1716626011364, 1140.1716626011364, 1140.1716626011364, 1140.1716626011364, 1140.1716626011364, 1140.1716626011364, 1140.1716626011364, 1140.1716626011364, 1140.1716626011364, 1140.1716626011364, 1140.1716626011364, 1140.1716626011364, 1140.1716626011364, 1140.1716626011364, 1140.1716626011364, 1140.1716626011364, 1140.1716626011364, 1140.1716626011364, 1140.1716626011364, 1140.1716626011364, 1140.1716626011364, 1140.1716626011364, 1140.1716626011364, 1140.1716626011364, 1140.1716626011364, 1140.1716626011364, 1140.1716626011364, 1140.1716626011364, 1140.1716626011364, 1140.1716626011364, 1140.1716626011364, 1140.1716626011364, 1140.1716626011364, 1140.1716626011364, 1140.1716626011364, 1140.1716626011364, 1140.1716626011364, 1140.1716626011364, 1140.1716626011364, 1140.1716626011364, 1140.1716626011364, 1140.1716626011364, 1140.1716626011364, 1140.1716626011364, 1140.1716626011364, 1140.1716626011364, 1140.1716626011364, 1140.1716626011364, 1140.1716626011364, 1140.1716626011364, 1140.1716626011364, 1140.1716626011364, 1140.1716626011364, 1140.1716626011364, 1140.1716626011364, 1140.1716626011364, 1140.1716626011364, 1140.1716626011364, 1140.1716626011364, 1140.1716626011364, 1140.1716626011364, 1140.1716626011364, 1140.1716626011364, 1140.1716626011364, 1140.1716626011364, 1140.1716626011364, 1140.1716626011364, 1140.1716626011364, 1140.1716626011364, 1140.1716626011364, 1140.1716626011364, 1140.1716626011364, 1140.1716626011364, 1140.1716626011364, 1140.1716626011364, 1140.1716626011364, 1140.1716626011364, 1140.1716626011364, 1140.1716626011364, 1140.1716626011364, 1140.1716626011364, 1140.1716626011364, 1140.1716626011364, 1140.1716626011364, 1140.1716626011364, 1140.1716626011364, 1140.1716626011364, 1140.1716626011364, 1140.1716626011364, 1140.1716626011364, 1140.1716626011364, 1140.1716626011364, 1140.1716626011364, 1140.1716626011364, 1140.1716626011364, 1140.1716626011364, 1140.1716626011364, 1140.1716626011364, 1140.1716626011364, 1140.1716626011364, 1140.1716626011364, 1140.1716626011364, 1140.1716626011364, 1140.1716626011364, 1140.1716626011364, 1140.1716626011364, 1140.1716626011364, 1140.1716626011364, 1140.1716626011364, 1140.1716626011364, 1140.1716626011364, 1140.1716626011364, 1140.1716626011364, 1140.1716626011364, 1140.1716626011364, 1140.1716626011364, 1140.1716626011364, 1140.1716626011364, 1140.1716626011364, 1140.1716626011364, 1140.1716626011364, 1140.1716626011364, 1140.1716626011364, 1140.1716626011364, 1140.1716626011364, 1140.1716626011364, 1140.1716626011364, 1140.1716626011364, 1140.1716626011364, 1140.1716626011364, 1140.1716626011364, 1140.1716626011364, 1140.1716626011364, 1140.1716626011364, 1140.1716626011364, 1140.1716626011364, 1140.1716626011364, 1140.1716626011364, 1140.1716626011364, 1140.1716626011364, 1140.1716626011364, 1140.1716626011364, 1140.1716626011364, 1140.1716626011364, 1140.1716626011364, 1140.1716626011364, 1140.1716626011364, 1140.1716626011364, 1140.1716626011364, 1140.1716626011364, 1140.1716626011364, 1140.1716626011364, 1140.1716626011364, 1140.1716626011364, 1140.1716626011364, 1140.1716626011364, 1140.1716626011364, 1140.1716626011364, 1140.1716626011364, 1140.1716626011364, 1140.1716626011364, 1140.1716626011364, 1140.1716626011364, 1140.1716626011364, 1140.1716626011364, 1140.1716626011364, 1140.1716626011364, 1140.1716626011364, 1140.1716626011364, 1140.1716626011364, 1140.1716626011364, 1140.1716626011364, 1140.1716626011364, 1140.1716626011364, 1140.1716626011364, 1140.1716626011364, 1140.1716626011364, 1140.1716626011364, 1140.1716626011364, 1140.1716626011364, 1140.1716626011364, 1140.1716626011364, 1140.1716626011364, 1140.1716626011364, 1140.1716626011364, 1140.1716626011364, 1140.1716626011364, 1140.1716626011364, 1140.1716626011364, 1140.1716626011364, 1140.1716626011364, 1140.1716626011364, 1140.1716626011364, 1140.1716626011364, 1140.1716626011364, 1140.1716626011364, 1140.1716626011364, 1140.1716626011364, 1140.1716626011364, 1140.1716626011364, 1140.1716626011364, 1140.1716626011364, 1140.1716626011364, 1140.1716626011364, 1140.1716626011364, 1140.1716626011364, 1140.1716626011364, 1140.1716626011364, 1140.1716626011364, 1140.1716626011364, 1140.1716626011364, 1140.1716626011364, 1140.1716626011364, 1140.1716626011364, 1140.1716626011364, 1140.1716626011364, 1140.1716626011364, 1140.1716626011364, 1140.1716626011364, 1140.1716626011364, 1140.1716626011364, 1140.1716626011364, 1140.1716626011364, 1140.1716626011364, 1140.1716626011364, 1140.1716626011364, 1140.1716626011364, 1140.1716626011364, 1140.1716626011364, 1140.1716626011364, 1140.1716626011364, 1140.1716626011364, 1140.1716626011364, 1140.1716626011364, 1140.1716626011364, 1140.1716626011364, 1140.1716626011364, 1140.1716626011364, 1140.1716626011364, 1140.1716626011364, 1140.1716626011364, 1140.1716626011364, 1140.1716626011364, 1140.1716626011364, 1140.1716626011364, 1140.1716626011364, 1140.1716626011364, 1140.1716626011364, 1140.1716626011364, 1140.1716626011364, 1140.1716626011364, 1140.1716626011364, 1140.1716626011364, 1140.1716626011364, 1140.1716626011364, 1140.1716626011364, 1140.1716626011364, 1140.1716626011364, 1140.1716626011364, 1140.1716626011364, 1140.1716626011364, 1140.1716626011364, 1140.1716626011364, 1140.1716626011364, 1140.1716626011364, 1140.1716626011364, 1140.1716626011364, 1140.1716626011364, 1140.1716626011364, 1140.1716626011364, 1140.1716626011364, 1140.1716626011364, 1140.1716626011364, 1140.1716626011364, 1140.1716626011364, 1140.1716626011364, 1140.1716626011364, 1140.1716626011364, 1140.1716626011364, 1140.1716626011364, 1140.1716626011364, 1140.1716626011364, 1140.1716626011364, 1140.1716626011364, 1140.1716626011364, 1140.1716626011364, 1140.1716626011364, 1140.1716626011364, 1140.1716626011364, 1140.1716626011364, 1140.1716626011364, 1140.1716626011364, 1140.1716626011364, 1140.1716626011364, 1140.1716626011364, 1140.1716626011364, 1140.1716626011364, 1140.1716626011364, 1140.1716626011364, 1140.1716626011364, 1140.1716626011364, 1140.1716626011364, 1140.1716626011364, 1140.1716626011364, 1140.1716626011364, 1140.1716626011364, 1140.1716626011364, 1140.1716626011364, 1140.1716626011364, 1140.1716626011364, 1140.1716626011364, 1140.1716626011364, 1140.1716626011364, 1140.1716626011364, 1140.1716626011364, 1140.1716626011364, 1140.1716626011364, 1140.1716626011364, 1140.1716626011364, 1140.1716626011364, 1140.1716626011364, 1140.1716626011364, 1140.1716626011364, 1140.1716626011364, 1140.1716626011364, 1140.1716626011364, 1140.1716626011364, 1140.1716626011364, 1140.1716626011364, 1140.1716626011364, 1140.1716626011364, 1140.1716626011364, 1140.1716626011364, 1140.1716626011364, 1140.1716626011364, 1140.1716626011364, 1140.1716626011364, 1140.1716626011364, 1140.1716626011364, 1140.1716626011364, 1140.1716626011364, 1140.1716626011364, 1140.1716626011364, 1140.1716626011364, 1140.1716626011364, 1140.1716626011364, 1140.1716626011364, 1140.1716626011364, 1140.1716626011364, 1140.1716626011364, 1140.1716626011364, 1140.1716626011364, 1140.1716626011364, 1140.1716626011364, 1140.1716626011364, 1140.1716626011364, 1140.1716626011364, 1140.1716626011364, 1140.1716626011364, 1140.1716626011364, 1140.1716626011364, 1140.1716626011364, 1140.1716626011364, 1140.1716626011364, 1140.1716626011364, 1140.1716626011364, 1140.1716626011364, 1140.1716626011364, 1140.1716626011364, 1140.1716626011364, 1140.1716626011364, 1140.1716626011364, 1140.1716626011364, 1140.1716626011364, 1140.1716626011364, 1140.1716626011364, 1140.1716626011364, 1140.1716626011364, 1140.1716626011364, 1140.1716626011364, 1140.1716626011364, 1140.1716626011364, 1140.1716626011364, 1140.1716626011364, 1140.1716626011364, 1140.1716626011364, 1140.1716626011364, 1140.1716626011364, 1140.1716626011364, 1140.1716626011364, 1140.1716626011364, 1140.1716626011364, 1140.1716626011364, 1140.1716626011364, 1140.1716626011364, 1140.1716626011364, 1140.1716626011364, 1140.1716626011364, 1140.1716626011364, 1140.1716626011364, 1140.1716626011364, 1140.1716626011364, 1140.1716626011364, 1140.1716626011364, 1140.1716626011364, 1140.1716626011364, 1140.1716626011364, 1140.1716626011364, 1140.1716626011364, 1140.1716626011364, 1140.1716626011364, 1140.1716626011364, 1140.1716626011364, 1140.1716626011364, 1140.1716626011364, 1140.1716626011364, 1140.1716626011364, 1140.1716626011364, 1140.1716626011364, 1140.1716626011364, 1140.1716626011364, 1140.1716626011364, 1140.1716626011364, 1140.1716626011364, 1140.1716626011364, 1140.1716626011364, 1140.1716626011364, 1140.1716626011364, 1140.1716626011364, 1140.1716626011364, 1140.1716626011364, 1140.1716626011364, 1140.1716626011364, 1140.1716626011364, 1140.1716626011364, 1140.1716626011364, 1140.1716626011364, 1140.1716626011364, 1140.1716626011364, 1140.1716626011364, 1140.1716626011364, 1140.1716626011364, 1140.1716626011364, 1140.1716626011364, 1140.1716626011364, 1140.1716626011364, 1140.1716626011364, 1140.1716626011364, 1140.1716626011364, 1140.1716626011364, 1140.1716626011364, 1140.1716626011364, 1140.1716626011364, 1140.1716626011364, 1140.1716626011364, 1140.1716626011364, 1140.1716626011364, 1140.1716626011364, 1140.1716626011364, 1140.1716626011364, 1140.1716626011364, 1140.1716626011364, 1140.1716626011364, 1140.1716626011364, 1140.1716626011364, 1140.1716626011364, 1140.1716626011364, 1140.1716626011364, 1140.1716626011364, 1140.1716626011364, 1140.1716626011364, 1140.1716626011364, 1140.1716626011364, 1140.1716626011364, 1140.1716626011364, 1140.1716626011364, 1140.1716626011364, 1140.1716626011364, 1140.1716626011364, 1140.1716626011364, 1140.1716626011364, 1140.1716626011364, 1140.1716626011364, 1140.1716626011364, 1140.1716626011364, 1140.1716626011364, 1140.1716626011364, 1140.1716626011364, 1140.1716626011364, 1140.1716626011364, 1140.1716626011364, 1140.1716626011364, 1140.1716626011364, 1140.1716626011364, 1140.1716626011364, 1140.1716626011364, 1140.1716626011364, 1140.1716626011364, 1140.1716626011364, 1140.1716626011364, 1140.1716626011364, 1140.1716626011364, 1140.1716626011364, 1140.1716626011364, 1140.1716626011364, 1140.1716626011364, 1140.1716626011364, 1140.1716626011364, 1140.1716626011364, 1140.1716626011364, 1140.1716626011364, 1140.1716626011364, 1140.1716626011364, 1140.1716626011364, 1140.1716626011364, 1140.1716626011364, 1140.1716626011364, 1140.1716626011364, 1140.1716626011364, 1140.1716626011364, 1140.1716626011364, 1140.1716626011364, 1140.1716626011364, 1140.1716626011364, 1140.1716626011364, 1140.1716626011364, 1140.1716626011364, 1140.1716626011364, 1140.1716626011364, 1140.1716626011364, 1140.1716626011364, 1140.1716626011364, 1140.1716626011364, 1140.1716626011364, 1140.1716626011364, 1140.1716626011364, 1140.1716626011364, 1140.1716626011364, 1140.1716626011364, 1140.1716626011364, 1140.1716626011364, 1140.1716626011364, 1140.1716626011364, 1140.1716626011364, 1140.1716626011364, 1140.1716626011364, 1140.1716626011364, 1140.1716626011364, 1140.1716626011364, 1140.1716626011364, 1140.1716626011364, 1140.1716626011364, 1140.1716626011364, 1140.1716626011364, 1140.1716626011364, 1140.1716626011364, 1140.1716626011364, 1140.1716626011364, 1140.1716626011364, 1140.1716626011364, 1140.1716626011364, 1140.1716626011364, 1140.1716626011364, 1140.1716626011364, 1140.1716626011364, 1140.1716626011364, 1140.1716626011364, 1140.1716626011364, 1140.1716626011364, 1140.1716626011364, 1140.1716626011364, 1140.1716626011364, 1140.1716626011364, 1140.1716626011364, 1140.1716626011364, 1140.1716626011364, 1140.1716626011364, 1140.1716626011364, 1140.1716626011364, 1140.1716626011364, 1140.1716626011364, 1140.1716626011364, 1140.1716626011364, 1140.1716626011364, 1140.1716626011364, 1140.1716626011364, 1140.1716626011364, 1140.1716626011364, 1140.1716626011364, 1140.1716626011364, 1140.1716626011364, 1140.1716626011364, 1140.1716626011364, 1140.1716626011364, 1140.1716626011364, 1140.1716626011364, 1140.1716626011364, 1140.1716626011364, 1140.1716626011364, 1140.1716626011364, 1140.1716626011364, 1140.1716626011364, 1140.1716626011364, 1140.1716626011364, 1140.1716626011364, 1140.1716626011364, 1140.1716626011364, 1140.1716626011364, 1140.1716626011364, 1140.1716626011364, 1140.1716626011364, 1140.1716626011364, 1140.1716626011364, 1140.1716626011364, 1140.1716626011364, 1140.1716626011364, 1140.1716626011364, 1140.1716626011364, 1140.1716626011364, 1140.1716626011364, 1140.1716626011364, 1140.1716626011364, 1140.1716626011364, 1140.1716626011364, 1140.1716626011364, 1140.1716626011364, 1140.1716626011364, 1140.1716626011364, 1140.1716626011364, 1140.1716626011364, 1140.1716626011364, 1140.1716626011364, 1140.1716626011364, 1140.1716626011364, 1140.1716626011364, 1140.1716626011364, 1140.1716626011364, 1140.1716626011364, 1140.1716626011364, 1140.1716626011364, 1140.1716626011364, 1140.1716626011364, 1140.1716626011364, 1140.1716626011364, 1140.1716626011364, 1140.1716626011364, 1140.1716626011364, 1140.1716626011364, 1140.1716626011364, 1140.1716626011364, 1140.1716626011364, 1140.1716626011364, 1140.1716626011364, 1140.1716626011364, 1140.1716626011364, 1140.1716626011364, 1140.1716626011364, 1140.1716626011364, 1140.1716626011364, 1140.1716626011364, 1140.1716626011364, 1140.1716626011364, 1140.1716626011364, 1140.1716626011364, 1140.1716626011364, 1140.1716626011364, 1140.1716626011364, 1140.1716626011364, 1140.1716626011364, 1140.1716626011364, 1140.1716626011364, 1140.1716626011364, 1140.1716626011364, 1140.1716626011364, 1140.1716626011364, 1140.1716626011364, 1140.1716626011364, 1140.1716626011364, 1140.1716626011364, 1140.1716626011364, 1140.1716626011364, 1140.1716626011364, 1140.1716626011364, 1140.1716626011364, 1140.1716626011364, 1140.1716626011364, 1140.1716626011364, 1140.1716626011364, 1140.1716626011364, 1140.1716626011364, 1140.1716626011364, 1140.1716626011364, 1140.1716626011364, 1140.1716626011364, 1140.1716626011364, 1140.1716626011364, 1140.1716626011364, 1140.1716626011364, 1140.1716626011364, 1140.1716626011364, 1140.1716626011364, 1140.1716626011364, 1140.1716626011364, 1140.1716626011364, 1140.1716626011364, 1140.1716626011364, 1140.1716626011364, 1140.1716626011364, 1140.1716626011364, 1140.1716626011364, 1140.1716626011364, 1140.1716626011364, 1140.1716626011364, 1140.1716626011364, 1140.1716626011364, 1140.1716626011364, 1140.1716626011364, 1140.1716626011364, 1140.1716626011364, 1140.1716626011364, 1140.1716626011364, 1140.1716626011364, 1140.1716626011364, 1140.1716626011364, 1140.1716626011364, 1140.1716626011364, 1140.1716626011364, 1140.1716626011364, 1140.1716626011364, 1140.1716626011364, 1140.1716626011364, 1140.1716626011364, 1140.1716626011364, 1140.1716626011364, 1140.1716626011364, 1140.1716626011364, 1140.1716626011364, 1140.1716626011364, 1140.1716626011364, 1140.1716626011364, 1140.1716626011364, 1140.1716626011364, 1140.1716626011364, 1140.1716626011364, 1140.1716626011364, 1140.1716626011364, 1140.1716626011364, 1140.1716626011364, 1140.1716626011364, 1140.1716626011364, 1140.1716626011364, 1140.1716626011364, 1140.1716626011364, 1140.1716626011364, 1140.1716626011364, 1140.1716626011364, 1140.1716626011364, 1140.1716626011364, 1140.1716626011364, 1140.1716626011364, 1140.1716626011364, 1140.1716626011364, 1140.1716626011364, 1140.1716626011364, 1140.1716626011364, 1140.1716626011364, 1140.1716626011364]
Computational time : 234.419000149