Name : Ahmed ElMousel
Problem : X-n190-k8 
Whale Algorithm 
cost : 718.616385354
Routes : 
1->47->9->68->1
1->18->41->13->59->73->40->10->33->45->4->52->1
1->5->46->30->49->48->22->29->63->74->3->69->1
1->76->6->37->70->72->61->71->21->38->16->58->14->28->53->35->1
1->31->75->62->23->2->44->43->65->42->57->24->64->34->1
1->7->17->50->25->19->51->26->56->32->11->39->27->1
1->55->20->15->60->67->66->12->54->36->8->1
best solutions : 
[798.5478004349995, 798.5478004349995, 795.5032863789359, 792.1885640009878, 792.1885640009878, 792.1885640009878, 792.1885640009878, 792.1885640009878, 789.9317479958286, 786.2575369816934, 783.8571758525723, 783.8571758525723, 776.64530325282, 776.64530325282, 770.0660376211615, 768.7674308476694, 768.7674308476694, 768.7674308476694, 768.7674308476694, 768.7674308476694, 768.1061770987944, 768.1061770987944, 767.6886043524373, 766.9314256909374, 766.1700170607332, 766.1700170607332, 765.7504472549949, 765.7504472549949, 760.2145362901188, 760.2145362901188, 758.4337827002632, 758.4337827002632, 758.4337827002632, 758.4337827002632, 757.3922962471165, 757.3922962471165, 757.3922962471165, 757.3922962471165, 757.3922962471165, 756.5643238383752, 756.5643238383752, 756.5643238383752, 756.5643238383752, 756.5643238383752, 756.5643238383752, 756.5643238383752, 756.5643238383752, 756.5643238383752, 756.5643238383752, 756.5643238383752, 756.5643238383752, 756.5643238383752, 756.5643238383752, 756.5643238383752, 756.5643238383752, 756.5643238383752, 756.5643238383752, 756.5643238383752, 756.5643238383752, 756.5643238383752, 756.5643238383752, 756.5643238383752, 756.4422745099315, 756.4422745099315, 756.4422745099315, 756.4422745099315, 756.4422745099315, 756.4422745099315, 756.4422745099315, 756.4422745099315, 756.4422745099315, 756.4422745099315, 756.4422745099315, 754.3160649962899, 754.3160649962899, 754.3160649962899, 754.3160649962899, 754.3160649962899, 754.3160649962899, 754.3160649962899, 754.3160649962899, 754.3160649962899, 754.3160649962899, 754.3160649962899, 754.3160649962899, 754.3160649962899, 754.3160649962899, 754.3160649962899, 754.3160649962899, 754.3160649962899, 754.3160649962899, 754.3160649962899, 754.3160649962899, 754.3160649962899, 754.3160649962899, 753.9945076253593, 753.9945076253593, 753.9945076253593, 753.9945076253593, 753.9945076253593, 753.9945076253593, 753.9945076253593, 753.9945076253593, 753.9945076253593, 753.9945076253593, 747.1404506726021, 747.1404506726021, 747.1404506726021, 747.1404506726021, 747.1404506726021, 747.1404506726021, 746.5677067642782, 745.5856108086755, 745.5856108086755, 745.5856108086755, 745.5856108086755, 745.5856108086755, 745.5856108086755, 745.5856108086755, 745.5856108086755, 745.3697936097215, 745.3697936097215, 745.3697936097215, 745.3697936097215, 745.3697936097215, 745.3697936097215, 745.3697936097215, 745.3697936097215, 745.3697936097215, 745.3697936097215, 745.3697936097215, 745.3697936097215, 745.3697936097215, 745.3697936097215, 745.3697936097215, 745.3697936097215, 745.3697936097215, 745.3697936097215, 745.3697936097215, 745.3697936097215, 745.3697936097215, 745.3697936097215, 745.3697936097215, 745.3697936097215, 745.3697936097215, 745.3697936097215, 745.3697936097215, 745.3697936097215, 745.3697936097215, 745.3697936097215, 745.3697936097215, 745.3697936097215, 745.3697936097215, 745.3697936097215, 745.3697936097215, 745.3697936097215, 745.3697936097215, 743.2438875728463, 743.2438875728463, 743.2438875728463, 743.2438875728463, 743.2438875728463, 736.825364971627, 736.825364971627, 736.825364971627, 736.825364971627, 736.825364971627, 736.825364971627, 736.825364971627, 736.825364971627, 736.825364971627, 736.0996372128948, 736.0996372128948, 736.0996372128948, 736.0996372128948, 736.0996372128948, 736.0996372128948, 736.0996372128948, 736.0996372128948, 736.0996372128948, 736.0996372128948, 736.0996372128948, 736.0996372128948, 736.0996372128948, 736.0996372128948, 736.0996372128948, 736.0996372128948, 736.0996372128948, 736.0996372128948, 736.0996372128948, 736.0996372128948, 736.0996372128948, 736.0996372128948, 736.0996372128948, 736.0996372128948, 736.0996372128948, 736.0996372128948, 736.0996372128948, 736.0996372128948, 736.0996372128948, 736.0996372128948, 736.0996372128948, 736.0996372128948, 736.0996372128948, 736.0996372128948, 736.0996372128948, 736.0996372128948, 736.0996372128948, 736.0996372128948, 736.0996372128948, 736.0996372128948, 736.0996372128948, 736.0996372128948, 736.0996372128948, 736.0996372128948, 736.0996372128948, 736.0996372128948, 736.0996372128948, 736.0996372128948, 736.0996372128948, 736.0996372128948, 736.0996372128948, 736.0996372128948, 736.0996372128948, 736.0996372128948, 736.0996372128948, 736.0996372128948, 736.0996372128948, 736.0996372128948, 736.0996372128948, 736.0996372128948, 736.0996372128948, 736.0996372128948, 736.0996372128948, 736.0996372128948, 736.0996372128948, 736.0996372128948, 736.0996372128948, 736.0996372128948, 736.0996372128948, 736.0996372128948, 736.0996372128948, 736.0996372128948, 736.0996372128948, 736.0996372128948, 736.0996372128948, 736.0996372128948, 736.0996372128948, 736.0996372128948, 736.0996372128948, 736.0996372128948, 736.0996372128948, 736.0996372128948, 736.0996372128948, 736.0996372128948, 734.2448059683287, 734.2448059683287, 734.2448059683287, 734.2448059683287, 734.2448059683287, 731.3517453651846, 731.3517453651846, 731.3517453651846, 731.3517453651846, 731.3517453651846, 731.3517453651846, 730.7624777398636, 730.7624777398636, 730.7624777398636, 726.6826742149967, 726.6826742149967, 726.6826742149967, 726.6826742149967, 726.6826742149967, 726.6826742149967, 726.6826742149967, 723.0388130539824, 723.0388130539824, 723.0388130539824, 723.0388130539824, 723.0388130539824, 723.0388130539824, 723.0388130539824, 723.0388130539824, 723.0388130539824, 723.0388130539824, 723.0388130539824, 723.0388130539824, 723.0388130539824, 723.0388130539824, 723.0388130539824, 723.0388130539824, 718.8071272580372, 718.8071272580371, 718.8071272580371, 718.8071272580371, 718.8071272580371, 718.8071272580371, 718.8071272580371, 718.8071272580371, 718.8071272580371, 718.6163853536048, 718.6163853536048, 718.6163853536048, 718.6163853536048, 718.6163853536048, 718.6163853536048, 718.6163853536048, 718.6163853536048, 718.6163853536048, 718.6163853536048, 718.6163853536048, 718.6163853536048, 718.6163853536048, 718.6163853536048, 718.6163853536048, 718.6163853536048, 718.6163853536048, 718.6163853536048, 718.6163853536048, 718.6163853536048, 718.6163853536048, 718.6163853536048, 718.6163853536048, 718.6163853536048, 718.6163853536048, 718.6163853536048, 718.6163853536048, 718.6163853536048, 718.6163853536048, 718.6163853536048, 718.6163853536048, 718.6163853536048, 718.6163853536048, 718.6163853536048, 718.6163853536048, 718.6163853536048, 718.6163853536048, 718.6163853536048, 718.6163853536048, 718.6163853536048, 718.6163853536048, 718.6163853536048, 718.6163853536048, 718.6163853536048, 718.6163853536048, 718.6163853536048, 718.6163853536048, 718.6163853536048, 718.6163853536048, 718.6163853536048, 718.6163853536048, 718.6163853536048, 718.6163853536048, 718.6163853536048, 718.6163853536048, 718.6163853536048, 718.6163853536048, 718.6163853536048, 718.6163853536048, 718.6163853536048, 718.6163853536048, 718.6163853536048, 718.6163853536048, 718.6163853536048, 718.6163853536048, 718.6163853536048, 718.6163853536048, 718.6163853536048, 718.6163853536048, 718.6163853536048, 718.6163853536048, 718.6163853536048, 718.6163853536048, 718.6163853536048, 718.6163853536048, 718.6163853536048, 718.6163853536048, 718.6163853536048, 718.6163853536048, 718.6163853536048, 718.6163853536048, 718.6163853536048, 718.6163853536048, 718.6163853536048, 718.6163853536048, 718.6163853536048, 718.6163853536048, 718.6163853536048, 718.6163853536048, 718.6163853536048, 718.6163853536048, 718.6163853536048, 718.6163853536048, 718.6163853536048, 718.6163853536048, 718.6163853536048, 718.6163853536048, 718.6163853536048, 718.6163853536048, 718.6163853536048, 718.6163853536048, 718.6163853536048, 718.6163853536048, 718.6163853536048, 718.6163853536048, 718.6163853536048, 718.6163853536048, 718.6163853536048, 718.6163853536048, 718.6163853536048, 718.6163853536048, 718.6163853536048, 718.6163853536048, 718.6163853536048, 718.6163853536048, 718.6163853536048, 718.6163853536048, 718.6163853536048, 718.6163853536048, 718.6163853536048, 718.6163853536048, 718.6163853536048, 718.6163853536048, 718.6163853536048, 718.6163853536048, 718.6163853536048, 718.6163853536048, 718.6163853536048, 718.6163853536048, 718.6163853536048, 718.6163853536048, 718.6163853536048, 718.6163853536048, 718.6163853536048, 718.6163853536048, 718.6163853536048, 718.6163853536048, 718.6163853536048, 718.6163853536048, 718.6163853536048, 718.6163853536048, 718.6163853536048, 718.6163853536048, 718.6163853536048, 718.6163853536048, 718.6163853536048, 718.6163853536048, 718.6163853536048, 718.6163853536048, 718.6163853536048, 718.6163853536048, 718.6163853536048, 718.6163853536048, 718.6163853536048, 718.6163853536048, 718.6163853536048, 718.6163853536048, 718.6163853536048, 718.6163853536048, 718.6163853536048, 718.6163853536048, 718.6163853536048, 718.6163853536048, 718.6163853536048, 718.6163853536048, 718.6163853536048, 718.6163853536048, 718.6163853536048, 718.6163853536048, 718.6163853536048, 718.6163853536048, 718.6163853536048, 718.6163853536048, 718.6163853536048, 718.6163853536048, 718.6163853536048, 718.6163853536048, 718.6163853536048, 718.6163853536048, 718.6163853536048, 718.6163853536048, 718.6163853536048, 718.6163853536048, 718.6163853536048, 718.6163853536048, 718.6163853536048, 718.6163853536048, 718.6163853536048, 718.6163853536048, 718.6163853536048, 718.6163853536048, 718.6163853536048, 718.6163853536048, 718.6163853536048, 718.6163853536048, 718.6163853536048, 718.6163853536048, 718.6163853536048, 718.6163853536048, 718.6163853536048, 718.6163853536048, 718.6163853536048, 718.6163853536048, 718.6163853536048, 718.6163853536048, 718.6163853536048, 718.6163853536048, 718.6163853536048, 718.6163853536048, 718.6163853536048, 718.6163853536048, 718.6163853536048, 718.6163853536048, 718.6163853536048, 718.6163853536048, 718.6163853536048, 718.6163853536048, 718.6163853536048, 718.6163853536048, 718.6163853536048, 718.6163853536048, 718.6163853536048, 718.6163853536048, 718.6163853536048, 718.6163853536048, 718.6163853536048, 718.6163853536048, 718.6163853536048, 718.6163853536048, 718.6163853536048]
Computational time : 147.511000156