Name : Ahmed ElMousel
Problem : X-n190-k8 
Whale Algorithm 
cost : 743.61033439
Routes : 
1->18->41->33->45->4->17->52->1
1->47->9->20->60->15->36->68->1
1->27->73->59->11->39->66->67->12->54->8->1
1->46->30->49->48->22->75->29->63->74->34->3->1
1->35->53->28->14->55->58->16->21->71->61->38->6->5->1
1->76->69->31->37->72->70->62->23->65->43->42->44->2->7->1
1->13->40->10->32->56->26->51->19->25->50->57->24->64->1
best solutions : 
[791.2013557171927, 788.2318130475876, 786.4188669999503, 777.8912199035613, 777.8912199035613, 776.2712436294449, 765.5258282613604, 765.5258282613604, 765.5258282613604, 764.2460699441831, 764.2460699441831, 763.7461995769813, 763.7461995769813, 763.7461995769813, 763.7461995769813, 763.7461995769813, 761.9980657067325, 759.3349362374067, 759.3349362374067, 759.3349362374067, 759.3349362374067, 757.2637739776842, 757.2637739776842, 757.2637739776842, 757.2637739776842, 757.2637739776842, 757.2637739776842, 757.2637739776842, 757.2637739776842, 757.2637739776842, 757.2637739776842, 757.2637739776842, 756.6058387827838, 756.6058387827838, 755.196617729326, 755.196617729326, 755.196617729326, 755.196617729326, 755.0100043617017, 755.0100043617017, 755.0100043617017, 755.0100043617017, 755.0100043617017, 755.0100043617017, 755.0100043617017, 755.0100043617017, 755.0100043617017, 755.0100043617017, 755.0100043617017, 755.0100043617017, 755.0100043617017, 755.0100043617017, 755.0100043617017, 755.0100043617017, 755.0100043617017, 755.0100043617017, 753.9193002672761, 753.9193002672761, 753.9193002672761, 753.9193002672761, 753.9193002672761, 753.9193002672761, 753.9193002672761, 753.9193002672761, 753.9193002672761, 753.9193002672761, 753.9193002672761, 753.9193002672761, 753.9193002672761, 753.9193002672761, 753.9193002672761, 753.9193002672761, 753.9193002672761, 753.9193002672761, 753.9193002672761, 753.9193002672761, 753.9193002672761, 753.9193002672761, 753.9193002672761, 753.9193002672761, 753.9193002672761, 753.9193002672761, 753.9193002672761, 753.9193002672761, 753.9193002672761, 753.9193002672761, 753.9193002672761, 753.9193002672761, 753.9193002672761, 753.9193002672761, 753.9193002672761, 753.9193002672761, 753.9193002672761, 753.9193002672761, 753.9193002672761, 753.9193002672761, 753.9193002672761, 753.9193002672761, 753.9193002672761, 753.9193002672761, 753.9193002672761, 753.9193002672761, 753.9193002672761, 753.9193002672761, 753.9193002672761, 753.9193002672761, 753.9193002672761, 753.9193002672761, 753.9193002672761, 753.9193002672761, 753.9193002672761, 753.9193002672761, 753.9193002672761, 753.9193002672761, 753.9193002672761, 753.9193002672761, 753.9193002672761, 753.9193002672761, 753.9193002672761, 753.9193002672761, 753.9193002672761, 753.9193002672761, 753.9193002672761, 753.9193002672761, 753.9193002672761, 753.9193002672761, 753.9193002672761, 753.9193002672761, 753.9193002672761, 753.9193002672761, 753.9193002672761, 753.9193002672761, 753.9193002672761, 753.9193002672761, 753.9193002672761, 753.9193002672761, 753.9193002672761, 753.9193002672761, 753.9193002672761, 753.9193002672761, 753.9193002672761, 753.9193002672761, 753.9193002672761, 753.9193002672761, 753.9193002672761, 753.9193002672761, 753.9193002672761, 753.9193002672761, 753.9193002672761, 753.9193002672761, 753.9193002672761, 753.9193002672761, 753.9193002672761, 753.9193002672761, 753.9193002672761, 753.9193002672761, 753.9193002672761, 753.9193002672761, 753.9193002672761, 753.9193002672761, 753.9193002672761, 753.9193002672761, 753.9193002672761, 753.9193002672761, 753.9193002672761, 753.9193002672761, 753.9193002672761, 753.9193002672761, 753.9193002672761, 753.9193002672761, 753.9193002672761, 753.9193002672761, 753.9193002672761, 753.9193002672761, 753.9193002672761, 753.9193002672761, 753.9193002672761, 753.9193002672761, 753.9193002672761, 753.9193002672761, 753.9193002672761, 753.9193002672761, 753.9193002672761, 753.9193002672761, 753.9193002672761, 753.9193002672761, 753.9193002672761, 753.9193002672761, 753.9193002672761, 753.9193002672761, 753.9193002672761, 753.9193002672761, 753.9193002672761, 753.9193002672761, 753.9193002672761, 753.9193002672761, 753.9193002672761, 753.9193002672761, 753.9193002672761, 753.9193002672761, 753.9193002672761, 753.9193002672761, 753.9193002672761, 753.9193002672761, 753.9193002672761, 753.9193002672761, 753.9193002672761, 753.9193002672761, 753.9193002672761, 753.9193002672761, 753.9193002672761, 753.9193002672761, 753.9193002672761, 753.9193002672761, 753.9193002672761, 753.9193002672761, 753.9193002672761, 753.9193002672761, 753.9193002672761, 753.9193002672761, 753.9193002672761, 750.8926512842675, 750.8926512842675, 750.8926512842675, 750.4204658884429, 750.4204658884429, 750.4204658884429, 750.4204658884429, 750.4204658884429, 750.4204658884429, 750.4204658884429, 750.4204658884429, 750.4204658884429, 750.4204658884429, 750.4204658884429, 750.4204658884429, 750.4204658884429, 750.4204658884429, 750.4204658884429, 750.4204658884429, 750.4204658884429, 750.4204658884429, 750.4204658884429, 750.4204658884429, 750.4204658884429, 750.4204658884429, 750.4204658884429, 750.4204658884429, 750.4204658884429, 750.4204658884429, 750.4204658884429, 750.4204658884429, 750.4204658884429, 750.4204658884429, 750.4204658884429, 750.4204658884429, 750.4204658884429, 750.4204658884429, 750.4204658884429, 744.6929888584134, 744.6929888584134, 744.6929888584134, 744.6929888584134, 744.6929888584134, 744.6929888584134, 744.6929888584134, 744.6929888584134, 744.6929888584134, 744.6929888584134, 744.6929888584134, 744.6929888584134, 744.6929888584134, 744.6929888584134, 744.6929888584134, 744.6929888584134, 744.6929888584134, 744.6929888584134, 744.6929888584134, 744.6929888584134, 744.6929888584134, 744.6929888584134, 744.6929888584134, 744.6929888584134, 744.6929888584134, 744.6929888584134, 744.6929888584134, 744.6929888584134, 744.6929888584134, 744.6929888584134, 744.6929888584134, 744.6929888584134, 744.6929888584134, 744.6929888584134, 744.6929888584134, 744.6929888584134, 744.6929888584134, 744.6929888584134, 744.6929888584134, 744.6929888584134, 744.6929888584134, 744.6929888584134, 744.6929888584134, 744.6929888584134, 744.6929888584134, 744.6929888584134, 744.6929888584134, 744.6929888584134, 744.6929888584134, 744.6929888584134, 744.6929888584134, 744.6929888584134, 744.6929888584134, 744.6929888584134, 744.6929888584134, 744.6929888584134, 744.6929888584134, 744.6929888584134, 744.6929888584134, 744.6929888584134, 744.6929888584134, 744.6929888584134, 744.6929888584134, 744.6929888584134, 744.6929888584134, 744.6929888584134, 744.6929888584134, 744.6929888584134, 744.6929888584134, 744.6929888584134, 744.6929888584134, 744.6929888584134, 744.6929888584134, 744.6929888584134, 744.6929888584134, 744.6929888584134, 743.6515024052668, 743.6515024052668, 743.6515024052668, 743.6103343903114, 743.6103343903114, 743.6103343903114, 743.6103343903114, 743.6103343903114, 743.6103343903114, 743.6103343903114, 743.6103343903114, 743.6103343903114, 743.6103343903114, 743.6103343903114, 743.6103343903114, 743.6103343903114, 743.6103343903114, 743.6103343903114, 743.6103343903114, 743.6103343903114, 743.6103343903114, 743.6103343903114, 743.6103343903114, 743.6103343903114, 743.6103343903114, 743.6103343903114, 743.6103343903114, 743.6103343903114, 743.6103343903114, 743.6103343903114, 743.6103343903114, 743.6103343903114, 743.6103343903114, 743.6103343903114, 743.6103343903114, 743.6103343903114, 743.6103343903114, 743.6103343903114, 743.6103343903114, 743.6103343903114, 743.6103343903114, 743.6103343903114, 743.6103343903114, 743.6103343903114, 743.6103343903114, 743.6103343903114, 743.6103343903114, 743.6103343903114, 743.6103343903114, 743.6103343903114, 743.6103343903114, 743.6103343903114, 743.6103343903114, 743.6103343903114, 743.6103343903114, 743.6103343903114, 743.6103343903114, 743.6103343903114, 743.6103343903114, 743.6103343903114, 743.6103343903114, 743.6103343903114, 743.6103343903114, 743.6103343903114, 743.6103343903114, 743.6103343903114, 743.6103343903114, 743.6103343903114, 743.6103343903114, 743.6103343903114, 743.6103343903114, 743.6103343903114, 743.6103343903114, 743.6103343903114, 743.6103343903114, 743.6103343903114, 743.6103343903114, 743.6103343903114, 743.6103343903114, 743.6103343903114, 743.6103343903114, 743.6103343903114, 743.6103343903114, 743.6103343903114, 743.6103343903114, 743.6103343903114, 743.6103343903114, 743.6103343903114, 743.6103343903114, 743.6103343903114, 743.6103343903114, 743.6103343903114, 743.6103343903114, 743.6103343903114, 743.6103343903114, 743.6103343903114, 743.6103343903114, 743.6103343903114, 743.6103343903114, 743.6103343903114, 743.6103343903114, 743.6103343903114, 743.6103343903114, 743.6103343903114, 743.6103343903114, 743.6103343903114, 743.6103343903114, 743.6103343903114, 743.6103343903114, 743.6103343903114, 743.6103343903114, 743.6103343903114, 743.6103343903114, 743.6103343903114, 743.6103343903114, 743.6103343903114, 743.6103343903114, 743.6103343903114, 743.6103343903114, 743.6103343903114, 743.6103343903114, 743.6103343903114, 743.6103343903114, 743.6103343903114, 743.6103343903114, 743.6103343903114, 743.6103343903114, 743.6103343903114, 743.6103343903114, 743.6103343903114, 743.6103343903114, 743.6103343903114, 743.6103343903114, 743.6103343903114, 743.6103343903114, 743.6103343903114, 743.6103343903114, 743.6103343903114, 743.6103343903114, 743.6103343903114, 743.6103343903114, 743.6103343903114, 743.6103343903114, 743.6103343903114, 743.6103343903114, 743.6103343903114, 743.6103343903114, 743.6103343903114, 743.6103343903114, 743.6103343903114, 743.6103343903114, 743.6103343903114, 743.6103343903114, 743.6103343903114, 743.6103343903114, 743.6103343903114, 743.6103343903114, 743.6103343903114, 743.6103343903114, 743.6103343903114, 743.6103343903114, 743.6103343903114, 743.6103343903114, 743.6103343903114, 743.6103343903114, 743.6103343903114, 743.6103343903114, 743.6103343903114, 743.6103343903114, 743.6103343903114, 743.6103343903114, 743.6103343903114, 743.6103343903114, 743.6103343903114, 743.6103343903114, 743.6103343903114, 743.6103343903114, 743.6103343903114, 743.6103343903114, 743.6103343903114, 743.6103343903114, 743.6103343903114, 743.6103343903114, 743.6103343903114, 743.6103343903114, 743.6103343903114, 743.6103343903114, 743.6103343903114, 743.6103343903114, 743.6103343903114, 743.6103343903114, 743.6103343903114, 743.6103343903114, 743.6103343903114, 743.6103343903114, 743.6103343903114, 743.6103343903114, 743.6103343903114, 743.6103343903114, 743.6103343903114, 743.6103343903114, 743.6103343903114, 743.6103343903114, 743.6103343903114, 743.6103343903114, 743.6103343903114, 743.6103343903114, 743.6103343903114, 743.6103343903114, 743.6103343903114, 743.6103343903114, 743.6103343903114, 743.6103343903114, 743.6103343903114, 743.6103343903114, 743.6103343903114, 743.6103343903114, 743.6103343903114, 743.6103343903114, 743.6103343903114, 743.6103343903114, 743.6103343903114, 743.6103343903114, 743.6103343903114, 743.6103343903114, 743.6103343903114, 743.6103343903114, 743.6103343903114, 743.6103343903114, 743.6103343903114, 743.6103343903114, 743.6103343903114, 743.6103343903114]
Computational time : 184.640999794