Name : Ahmed ElMousel
Problem : X-n115-k10 
Whale Algorithm 
cost : 739.052590126
Routes : 
1->18->41->13->27->1
1->5->46->30->6->31->75->29->63->3->69->76->1
1->35->47->9->55->20->15->54->36->8->68->1
1->74->2->23->62->65->43->44->42->57->24->64->34->7->1
1->52->4->45->33->51->10->40->73->11->39->59->1
1->53->28->14->58->16->38->21->71->61->72->37->70->22->48->49->1
1->12->60->67->66->32->26->56->19->25->50->17->1
best solutions : 
[801.5757225312099, 800.5177323845899, 798.8739329758844, 796.5013558611081, 796.5013558611081, 783.9080185266447, 783.9080185266447, 783.9080185266447, 783.9080185266447, 783.9080185266447, 783.9080185266447, 783.9080185266447, 783.9080185266447, 783.9080185266447, 782.5523339722581, 782.5523339722581, 782.5523339722581, 782.5523339722581, 782.5523339722581, 782.5523339722581, 774.6630382347677, 774.6630382347677, 774.6630382347677, 774.6630382347677, 774.6630382347677, 773.1601184827273, 773.1601184827273, 773.1601184827273, 773.1601184827273, 773.1601184827273, 773.1601184827273, 773.1601184827273, 773.1601184827273, 773.1601184827273, 773.1601184827273, 773.1601184827273, 773.1601184827273, 773.1601184827273, 773.1601184827273, 771.5682342195349, 771.5682342195349, 771.5682342195349, 771.5682342195349, 771.5682342195349, 771.5682342195349, 759.5676010338923, 759.5676010338923, 759.5676010338923, 759.5676010338923, 759.5676010338923, 759.5676010338923, 759.5676010338923, 759.5676010338923, 759.5676010338923, 759.5676010338923, 759.5676010338923, 758.4455464409696, 758.4455464409696, 758.4455464409696, 758.4455464409696, 752.611467358207, 752.611467358207, 752.611467358207, 752.611467358207, 752.611467358207, 752.611467358207, 751.8999990122275, 751.8999990122275, 751.8999990122275, 751.8999990122275, 751.8999990122275, 751.8999990122275, 751.8999990122275, 751.8999990122275, 748.7404140666471, 748.7404140666471, 748.7404140666471, 748.7404140666471, 748.7404140666471, 748.7404140666471, 748.7404140666471, 748.7404140666471, 748.7404140666471, 748.7404140666471, 748.7404140666471, 748.7404140666471, 748.7404140666471, 748.7404140666471, 748.7404140666471, 748.7404140666471, 748.7404140666471, 748.7404140666471, 748.7404140666471, 748.7404140666471, 748.7404140666471, 748.7404140666471, 748.7404140666471, 748.7404140666471, 748.7404140666471, 748.7404140666471, 748.7404140666471, 748.7404140666471, 748.7404140666471, 748.7404140666471, 748.7404140666471, 748.7404140666471, 748.7404140666471, 748.7404140666471, 748.7404140666471, 748.7404140666471, 748.7404140666471, 748.7404140666471, 748.7404140666471, 748.7404140666471, 748.7404140666471, 748.7404140666471, 748.7404140666471, 748.7404140666471, 748.7404140666471, 748.7404140666471, 748.7404140666471, 748.7404140666471, 748.7404140666471, 748.7404140666471, 748.7404140666471, 748.7404140666471, 748.7404140666471, 748.7404140666471, 748.7404140666471, 748.7404140666471, 748.7404140666471, 748.7404140666471, 748.7404140666471, 748.7404140666471, 748.7404140666471, 748.7404140666471, 748.7404140666471, 748.7404140666471, 748.7404140666471, 748.7404140666471, 748.7404140666471, 748.7404140666471, 748.7404140666471, 748.7404140666471, 748.7404140666471, 748.7404140666471, 748.7404140666471, 748.7404140666471, 748.7404140666471, 747.7217979776418, 747.7217979776418, 747.7217979776418, 747.7217979776418, 743.0765868550478, 743.0765868550478, 743.0765868550478, 743.0765868550478, 743.0765868550478, 743.0765868550478, 743.0765868550478, 743.0765868550478, 743.0765868550478, 743.0765868550478, 743.0765868550478, 743.0765868550478, 743.0765868550478, 743.0765868550478, 743.0765868550478, 743.0765868550478, 743.0765868550478, 743.0765868550478, 743.0765868550478, 743.0765868550478, 743.0765868550478, 743.0765868550478, 743.0765868550478, 743.0765868550478, 739.8868365309545, 739.8868365309545, 739.8868365309545, 739.8868365309545, 739.8868365309545, 739.8868365309545, 739.8868365309545, 739.8868365309545, 739.8868365309545, 739.8868365309545, 739.8868365309545, 739.8868365309545, 739.8868365309545, 739.8868365309545, 739.8868365309545, 739.8868365309545, 739.8868365309545, 739.3739721100749, 739.3739721100749, 739.3739721100749, 739.3739721100749, 739.3739721100749, 739.3739721100749, 739.3739721100749, 739.3739721100749, 739.3739721100749, 739.3739721100749, 739.3739721100749, 739.3739721100749, 739.3739721100749, 739.3739721100749, 739.3739721100749, 739.3739721100749, 739.3739721100749, 739.3739721100749, 739.3739721100749, 739.3739721100749, 739.3739721100749, 739.3739721100749, 739.3739721100749, 739.3739721100749, 739.3739721100749, 739.3739721100749, 739.3739721100749, 739.3739721100749, 739.3739721100749, 739.3739721100749, 739.3739721100749, 739.3739721100749, 739.3739721100749, 739.3739721100749, 739.3739721100749, 739.3739721100749, 739.3739721100749, 739.3739721100749, 739.3739721100749, 739.3739721100749, 739.3739721100749, 739.3739721100749, 739.3739721100749, 739.3739721100749, 739.3739721100749, 739.3739721100749, 739.3739721100749, 739.3739721100749, 739.3739721100749, 739.3739721100749, 739.3739721100749, 739.3739721100749, 739.3739721100749, 739.3739721100749, 739.3739721100749, 739.3739721100749, 739.3739721100749, 739.3739721100749, 739.3739721100749, 739.3739721100749, 739.3739721100749, 739.3739721100749, 739.3739721100749, 739.3739721100749, 739.3739721100749, 739.3739721100749, 739.3739721100749, 739.3739721100749, 739.3739721100749, 739.3739721100749, 739.3739721100749, 739.3739721100749, 739.3739721100749, 739.3739721100749, 739.3739721100749, 739.3739721100749, 739.3739721100749, 739.3739721100749, 739.3739721100749, 739.3739721100749, 739.3739721100749, 739.3739721100749, 739.3739721100749, 739.1254279007503, 739.1254279007503, 739.1254279007503, 739.1254279007503, 739.1254279007503, 739.1254279007503, 739.1254279007503, 739.1254279007503, 739.1254279007503, 739.1254279007503, 739.1254279007503, 739.1254279007503, 739.1254279007503, 739.1254279007503, 739.1254279007503, 739.1254279007503, 739.1254279007503, 739.1254279007503, 739.1254279007503, 739.1254279007503, 739.1254279007503, 739.1254279007503, 739.1254279007503, 739.1254279007503, 739.1254279007503, 739.1254279007503, 739.1254279007503, 739.1254279007503, 739.1254279007503, 739.1254279007503, 739.1254279007503, 739.1254279007503, 739.1254279007503, 739.1254279007503, 739.1254279007503, 739.1254279007503, 739.1254279007503, 739.1254279007503, 739.1254279007503, 739.1254279007503, 739.1254279007503, 739.1254279007503, 739.1254279007503, 739.1254279007503, 739.1254279007503, 739.1254279007503, 739.1254279007503, 739.1254279007503, 739.1254279007503, 739.1254279007503, 739.1254279007503, 739.1254279007503, 739.1254279007503, 739.1254279007503, 739.1254279007503, 739.1254279007503, 739.1254279007503, 739.1254279007503, 739.1254279007503, 739.1254279007503, 739.1254279007503, 739.1254279007503, 739.1254279007503, 739.1254279007503, 739.1254279007503, 739.1254279007503, 739.1254279007503, 739.1254279007503, 739.1254279007503, 739.1254279007503, 739.1254279007503, 739.1254279007503, 739.1254279007503, 739.1254279007503, 739.1254279007503, 739.1254279007503, 739.1254279007503, 739.1254279007503, 739.1254279007503, 739.1254279007503, 739.1254279007503, 739.1254279007503, 739.1254279007503, 739.1254279007503, 739.1254279007503, 739.1254279007503, 739.1254279007503, 739.1254279007503, 739.1254279007503, 739.1254279007503, 739.1254279007503, 739.1254279007503, 739.1254279007503, 739.1254279007503, 739.1254279007503, 739.1254279007503, 739.1254279007503, 739.1254279007503, 739.1254279007503, 739.1254279007503, 739.1254279007503, 739.1254279007503, 739.1254279007503, 739.1254279007503, 739.1254279007503, 739.1254279007503, 739.1254279007503, 739.1254279007503, 739.1254279007503, 739.1254279007503, 739.1254279007503, 739.1254279007503, 739.1254279007503, 739.1254279007503, 739.1254279007503, 739.1254279007503, 739.1254279007503, 739.1254279007503, 739.1254279007503, 739.1254279007503, 739.1254279007503, 739.1254279007503, 739.1254279007503, 739.1254279007503, 739.1254279007503, 739.1254279007503, 739.1254279007503, 739.1254279007503, 739.1254279007503, 739.1254279007503, 739.1254279007503, 739.1254279007503, 739.1254279007503, 739.1254279007503, 739.1254279007503, 739.1254279007503, 739.1254279007503, 739.1254279007503, 739.1254279007503, 739.1254279007503, 739.1254279007503, 739.1254279007503, 739.1254279007503, 739.1254279007503, 739.1254279007503, 739.1254279007503, 739.1254279007503, 739.1254279007503, 739.1254279007503, 739.1254279007503, 739.1254279007503, 739.1254279007503, 739.1254279007503, 739.1254279007503, 739.1254279007503, 739.1254279007503, 739.1254279007503, 739.1254279007503, 739.1254279007503, 739.1254279007503, 739.1254279007503, 739.1254279007503, 739.1254279007503, 739.1254279007503, 739.1254279007503, 739.1254279007503, 739.1254279007503, 739.1254279007503, 739.1254279007503, 739.1254279007503, 739.1254279007503, 739.1254279007503, 739.1254279007503, 739.1254279007503, 739.1254279007503, 739.1254279007503, 739.1254279007503, 739.1254279007503, 739.1254279007503, 739.1254279007503, 739.1254279007503, 739.1254279007503, 739.1254279007503, 739.1254279007503, 739.1254279007503, 739.1254279007503, 739.1254279007503, 739.1254279007503, 739.1254279007503, 739.1254279007503, 739.1254279007503, 739.1254279007503, 739.1254279007503, 739.1254279007503, 739.1254279007503, 739.1254279007503, 739.1254279007503, 739.1254279007503, 739.1254279007503, 739.1254279007503, 739.1254279007503, 739.1254279007503, 739.1254279007503, 739.1254279007503, 739.1254279007503, 739.1254279007503, 739.1254279007503, 739.1254279007503, 739.1254279007503, 739.1254279007503, 739.1254279007503, 739.1254279007503, 739.1254279007503, 739.1254279007503, 739.1254279007503, 739.1254279007503, 739.1254279007503, 739.1254279007503, 739.1254279007503, 739.1254279007503, 739.1254279007503, 739.1254279007503, 739.1254279007503, 739.1254279007503, 739.1254279007503, 739.1254279007503, 739.1254279007503, 739.1254279007503, 739.1254279007503, 739.1254279007503, 739.1254279007503, 739.1254279007503, 739.1254279007503, 739.1254279007503, 739.1254279007503, 739.1254279007503, 739.1254279007503, 739.1254279007503, 739.1254279007503, 739.1254279007503, 739.1254279007503, 739.1254279007503, 739.1254279007503, 739.1254279007503, 739.1254279007503, 739.1254279007503, 739.1254279007503, 739.1254279007503, 739.1254279007503, 739.1254279007503, 739.1254279007503, 739.1254279007503, 739.1254279007503, 739.1254279007503, 739.1254279007503, 739.1254279007503, 739.1254279007503, 739.1254279007503, 739.1254279007503, 739.1254279007503, 739.1254279007503, 739.1254279007503, 739.1254279007503, 739.1254279007503, 739.1254279007503, 739.1254279007503, 739.1254279007503, 739.1254279007503, 739.1254279007503, 739.1254279007503, 739.1254279007503, 739.1254279007503, 739.1254279007503, 739.1254279007503, 739.1254279007503, 739.1254279007503, 739.1254279007503, 739.1254279007503, 739.1254279007503, 739.1254279007503, 739.1254279007503, 739.1254279007503, 739.1254279007503, 739.1254279007503, 739.1254279007503, 739.1254279007503, 739.1254279007503, 739.1254279007503, 739.1254279007503, 739.1254279007503, 739.1254279007503, 739.1254279007503, 739.1254279007503, 739.1254279007503, 739.1254279007503, 739.1254279007503, 739.1254279007503, 739.1254279007503, 739.1254279007503, 739.1254279007503, 739.1254279007503, 739.1254279007503, 739.1254279007503, 739.1254279007503, 739.1254279007503, 739.1254279007503, 739.1254279007503, 739.1254279007503, 739.1254279007503, 739.1254279007503, 739.1254279007503, 739.1254279007503, 739.1254279007503, 739.1254279007503, 739.1254279007503, 739.1254279007503, 739.1254279007503, 739.1254279007503, 739.1254279007503, 739.1254279007503, 739.1254279007503, 739.1254279007503, 739.1254279007503, 739.1254279007503, 739.1254279007503, 739.1254279007503, 739.1254279007503, 739.1254279007503, 739.1254279007503, 739.1254279007503, 739.1254279007503, 739.1254279007503, 739.1254279007503, 739.1254279007503, 739.1254279007503, 739.1254279007503, 739.1254279007503, 739.1254279007503, 739.1254279007503, 739.1254279007503, 739.1254279007503, 739.1254279007503, 739.1254279007503, 739.1254279007503, 739.1254279007503, 739.1254279007503, 739.1254279007503, 739.1254279007503, 739.1254279007503, 739.1254279007503, 739.1254279007503, 739.1254279007503, 739.1254279007503, 739.1254279007503, 739.1254279007503, 739.1254279007503, 739.1254279007503, 739.1254279007503, 739.1254279007503, 739.1254279007503, 739.0525901261884, 739.0525901261884, 739.0525901261884, 739.0525901261884, 739.0525901261884, 739.0525901261884, 739.0525901261884, 739.0525901261884, 739.0525901261884, 739.0525901261884, 739.0525901261884, 739.0525901261884, 739.0525901261884, 739.0525901261884, 739.0525901261884, 739.0525901261884, 739.0525901261884, 739.0525901261884, 739.0525901261884, 739.0525901261884, 739.0525901261884, 739.0525901261884, 739.0525901261884, 739.0525901261884, 739.0525901261884, 739.0525901261884, 739.0525901261884, 739.0525901261884, 739.0525901261884, 739.0525901261884, 739.0525901261884, 739.0525901261884, 739.0525901261884, 739.0525901261884, 739.0525901261884, 739.0525901261884, 739.0525901261884, 739.0525901261884, 739.0525901261884, 739.0525901261884, 739.0525901261884, 739.0525901261884, 739.0525901261884, 739.0525901261884, 739.0525901261884, 739.0525901261884, 739.0525901261884, 739.0525901261884, 739.0525901261884, 739.0525901261884, 739.0525901261884, 739.0525901261884, 739.0525901261884, 739.0525901261884, 739.0525901261884, 739.0525901261884, 739.0525901261884, 739.0525901261884, 739.0525901261884, 739.0525901261884, 739.0525901261884, 739.0525901261884, 739.0525901261884, 739.0525901261884, 739.0525901261884, 739.0525901261884, 739.0525901261884, 739.0525901261884, 739.0525901261884, 739.0525901261884, 739.0525901261884, 739.0525901261884, 739.0525901261884, 739.0525901261884, 739.0525901261884, 739.0525901261884, 739.0525901261884, 739.0525901261884, 739.0525901261884, 739.0525901261884, 739.0525901261884, 739.0525901261884, 739.0525901261884, 739.0525901261884, 739.0525901261884, 739.0525901261884, 739.0525901261884, 739.0525901261884, 739.0525901261884, 739.0525901261884, 739.0525901261884, 739.0525901261884, 739.0525901261884, 739.0525901261884, 739.0525901261884, 739.0525901261884, 739.0525901261884, 739.0525901261884, 739.0525901261884, 739.0525901261884, 739.0525901261884, 739.0525901261884, 739.0525901261884, 739.0525901261884, 739.0525901261884, 739.0525901261884, 739.0525901261884, 739.0525901261884, 739.0525901261884, 739.0525901261884, 739.0525901261884, 739.0525901261884, 739.0525901261884, 739.0525901261884, 739.0525901261884, 739.0525901261884, 739.0525901261884, 739.0525901261884, 739.0525901261884, 739.0525901261884, 739.0525901261884, 739.0525901261884, 739.0525901261884, 739.0525901261884, 739.0525901261884, 739.0525901261884, 739.0525901261884, 739.0525901261884, 739.0525901261884, 739.0525901261884, 739.0525901261884, 739.0525901261884, 739.0525901261884, 739.0525901261884, 739.0525901261884, 739.0525901261884, 739.0525901261884, 739.0525901261884, 739.0525901261884, 739.0525901261884, 739.0525901261884, 739.0525901261884, 739.0525901261884, 739.0525901261884, 739.0525901261884, 739.0525901261884, 739.0525901261884, 739.0525901261884, 739.0525901261884, 739.0525901261884, 739.0525901261884, 739.0525901261884, 739.0525901261884, 739.0525901261884, 739.0525901261884, 739.0525901261884, 739.0525901261884, 739.0525901261884, 739.0525901261884, 739.0525901261884, 739.0525901261884, 739.0525901261884, 739.0525901261884, 739.0525901261884, 739.0525901261884, 739.0525901261884, 739.0525901261884, 739.0525901261884, 739.0525901261884, 739.0525901261884, 739.0525901261884, 739.0525901261884, 739.0525901261884, 739.0525901261884, 739.0525901261884, 739.0525901261884, 739.0525901261884, 739.0525901261884, 739.0525901261884, 739.0525901261884, 739.0525901261884, 739.0525901261884, 739.0525901261884, 739.0525901261884, 739.0525901261884, 739.0525901261884, 739.0525901261884, 739.0525901261884, 739.0525901261884, 739.0525901261884, 739.0525901261884, 739.0525901261884, 739.0525901261884, 739.0525901261884, 739.0525901261884, 739.0525901261884, 739.0525901261884, 739.0525901261884, 739.0525901261884, 739.0525901261884, 739.0525901261884, 739.0525901261884, 739.0525901261884, 739.0525901261884, 739.0525901261884, 739.0525901261884, 739.0525901261884, 739.0525901261884, 739.0525901261884, 739.0525901261884, 739.0525901261884, 739.0525901261884, 739.0525901261884, 739.0525901261884, 739.0525901261884, 739.0525901261884, 739.0525901261884, 739.0525901261884, 739.0525901261884, 739.0525901261884, 739.0525901261884, 739.0525901261884, 739.0525901261884, 739.0525901261884, 739.0525901261884, 739.0525901261884, 739.0525901261884, 739.0525901261884, 739.0525901261884, 739.0525901261884, 739.0525901261884, 739.0525901261884, 739.0525901261884, 739.0525901261884, 739.0525901261884, 739.0525901261884, 739.0525901261884, 739.0525901261884, 739.0525901261884, 739.0525901261884, 739.0525901261884, 739.0525901261884, 739.0525901261884, 739.0525901261884, 739.0525901261884, 739.0525901261884, 739.0525901261884, 739.0525901261884, 739.0525901261884, 739.0525901261884, 739.0525901261884, 739.0525901261884, 739.0525901261884, 739.0525901261884, 739.0525901261884, 739.0525901261884, 739.0525901261884, 739.0525901261884, 739.0525901261884, 739.0525901261884, 739.0525901261884, 739.0525901261884, 739.0525901261884, 739.0525901261884, 739.0525901261884, 739.0525901261884, 739.0525901261884, 739.0525901261884, 739.0525901261884, 739.0525901261884, 739.0525901261884, 739.0525901261884, 739.0525901261884, 739.0525901261884, 739.0525901261884, 739.0525901261884, 739.0525901261884, 739.0525901261884, 739.0525901261884, 739.0525901261884, 739.0525901261884, 739.0525901261884, 739.0525901261884, 739.0525901261884, 739.0525901261884, 739.0525901261884, 739.0525901261884, 739.0525901261884, 739.0525901261884, 739.0525901261884, 739.0525901261884, 739.0525901261884, 739.0525901261884, 739.0525901261884, 739.0525901261884, 739.0525901261884, 739.0525901261884, 739.0525901261884, 739.0525901261884, 739.0525901261884, 739.0525901261884, 739.0525901261884, 739.0525901261884, 739.0525901261884, 739.0525901261884, 739.0525901261884, 739.0525901261884, 739.0525901261884, 739.0525901261884, 739.0525901261884, 739.0525901261884, 739.0525901261884, 739.0525901261884, 739.0525901261884, 739.0525901261884, 739.0525901261884, 739.0525901261884, 739.0525901261884, 739.0525901261884, 739.0525901261884, 739.0525901261884, 739.0525901261884, 739.0525901261884, 739.0525901261884, 739.0525901261884, 739.0525901261884, 739.0525901261884, 739.0525901261884, 739.0525901261884, 739.0525901261884, 739.0525901261884, 739.0525901261884, 739.0525901261884, 739.0525901261884, 739.0525901261884, 739.0525901261884, 739.0525901261884, 739.0525901261884, 739.0525901261884, 739.0525901261884, 739.0525901261884, 739.0525901261884, 739.0525901261884, 739.0525901261884, 739.0525901261884, 739.0525901261884, 739.0525901261884, 739.0525901261884, 739.0525901261884, 739.0525901261884, 739.0525901261884, 739.0525901261884, 739.0525901261884, 739.0525901261884, 739.0525901261884, 739.0525901261884, 739.0525901261884, 739.0525901261884, 739.0525901261884, 739.0525901261884, 739.0525901261884, 739.0525901261884, 739.0525901261884, 739.0525901261884, 739.0525901261884, 739.0525901261884, 739.0525901261884, 739.0525901261884, 739.0525901261884, 739.0525901261884, 739.0525901261884, 739.0525901261884, 739.0525901261884, 739.0525901261884, 739.0525901261884, 739.0525901261884, 739.0525901261884, 739.0525901261884, 739.0525901261884, 739.0525901261884, 739.0525901261884, 739.0525901261884, 739.0525901261884, 739.0525901261884, 739.0525901261884, 739.0525901261884, 739.0525901261884, 739.0525901261884, 739.0525901261884, 739.0525901261884, 739.0525901261884, 739.0525901261884, 739.0525901261884, 739.0525901261884, 739.0525901261884, 739.0525901261884, 739.0525901261884, 739.0525901261884, 739.0525901261884, 739.0525901261884, 739.0525901261884, 739.0525901261884, 739.0525901261884, 739.0525901261884, 739.0525901261884, 739.0525901261884, 739.0525901261884, 739.0525901261884, 739.0525901261884, 739.0525901261884, 739.0525901261884, 739.0525901261884, 739.0525901261884, 739.0525901261884, 739.0525901261884, 739.0525901261884, 739.0525901261884, 739.0525901261884, 739.0525901261884, 739.0525901261884, 739.0525901261884, 739.0525901261884, 739.0525901261884, 739.0525901261884, 739.0525901261884, 739.0525901261884, 739.0525901261884, 739.0525901261884, 739.0525901261884, 739.0525901261884, 739.0525901261884, 739.0525901261884, 739.0525901261884, 739.0525901261884, 739.0525901261884, 739.0525901261884, 739.0525901261884, 739.0525901261884, 739.0525901261884, 739.0525901261884, 739.0525901261884, 739.0525901261884, 739.0525901261884, 739.0525901261884, 739.0525901261884, 739.0525901261884, 739.0525901261884, 739.0525901261884, 739.0525901261884, 739.0525901261884, 739.0525901261884, 739.0525901261884, 739.0525901261884, 739.0525901261884, 739.0525901261884, 739.0525901261884, 739.0525901261884, 739.0525901261884, 739.0525901261884, 739.0525901261884, 739.0525901261884, 739.0525901261884, 739.0525901261884, 739.0525901261884, 739.0525901261884, 739.0525901261884, 739.0525901261884, 739.0525901261884, 739.0525901261884, 739.0525901261884, 739.0525901261884, 739.0525901261884, 739.0525901261884, 739.0525901261884, 739.0525901261884, 739.0525901261884, 739.0525901261884, 739.0525901261884, 739.0525901261884, 739.0525901261884, 739.0525901261884, 739.0525901261884, 739.0525901261884, 739.0525901261884, 739.0525901261884, 739.0525901261884, 739.0525901261884, 739.0525901261884, 739.0525901261884, 739.0525901261884, 739.0525901261884, 739.0525901261884, 739.0525901261884, 739.0525901261884, 739.0525901261884, 739.0525901261884, 739.0525901261884, 739.0525901261884, 739.0525901261884, 739.0525901261884, 739.0525901261884, 739.0525901261884, 739.0525901261884, 739.0525901261884, 739.0525901261884, 739.0525901261884, 739.0525901261884, 739.0525901261884, 739.0525901261884, 739.0525901261884, 739.0525901261884, 739.0525901261884, 739.0525901261884, 739.0525901261884, 739.0525901261884, 739.0525901261884, 739.0525901261884, 739.0525901261884, 739.0525901261884, 739.0525901261884, 739.0525901261884, 739.0525901261884, 739.0525901261884, 739.0525901261884, 739.0525901261884, 739.0525901261884, 739.0525901261884, 739.0525901261884, 739.0525901261884, 739.0525901261884, 739.0525901261884, 739.0525901261884, 739.0525901261884, 739.0525901261884, 739.0525901261884, 739.0525901261884, 739.0525901261884, 739.0525901261884, 739.0525901261884, 739.0525901261884, 739.0525901261884, 739.0525901261884, 739.0525901261884, 739.0525901261884, 739.0525901261884, 739.0525901261884, 739.0525901261884, 739.0525901261884, 739.0525901261884, 739.0525901261884, 739.0525901261884, 739.0525901261884, 739.0525901261884, 739.0525901261884, 739.0525901261884, 739.0525901261884, 739.0525901261884, 739.0525901261884, 739.0525901261884, 739.0525901261884, 739.0525901261884, 739.0525901261884, 739.0525901261884, 739.0525901261884, 739.0525901261884, 739.0525901261884, 739.0525901261884, 739.0525901261884, 739.0525901261884, 739.0525901261884, 739.0525901261884, 739.0525901261884, 739.0525901261884, 739.0525901261884, 739.0525901261884, 739.0525901261884, 739.0525901261884, 739.0525901261884, 739.0525901261884, 739.0525901261884, 739.0525901261884, 739.0525901261884, 739.0525901261884, 739.0525901261884, 739.0525901261884, 739.0525901261884, 739.0525901261884, 739.0525901261884, 739.0525901261884, 739.0525901261884, 739.0525901261884, 739.0525901261884, 739.0525901261884, 739.0525901261884, 739.0525901261884, 739.0525901261884, 739.0525901261884, 739.0525901261884, 739.0525901261884, 739.0525901261884, 739.0525901261884, 739.0525901261884, 739.0525901261884, 739.0525901261884, 739.0525901261884, 739.0525901261884, 739.0525901261884, 739.0525901261884, 739.0525901261884, 739.0525901261884, 739.0525901261884, 739.0525901261884, 739.0525901261884, 739.0525901261884, 739.0525901261884, 739.0525901261884, 739.0525901261884, 739.0525901261884, 739.0525901261884, 739.0525901261884, 739.0525901261884, 739.0525901261884, 739.0525901261884, 739.0525901261884, 739.0525901261884, 739.0525901261884, 739.0525901261884, 739.0525901261884, 739.0525901261884, 739.0525901261884, 739.0525901261884, 739.0525901261884, 739.0525901261884, 739.0525901261884, 739.0525901261884, 739.0525901261884, 739.0525901261884, 739.0525901261884, 739.0525901261884, 739.0525901261884, 739.0525901261884, 739.0525901261884, 739.0525901261884, 739.0525901261884, 739.0525901261884, 739.0525901261884, 739.0525901261884, 739.0525901261884, 739.0525901261884, 739.0525901261884, 739.0525901261884, 739.0525901261884, 739.0525901261884, 739.0525901261884, 739.0525901261884, 739.0525901261884, 739.0525901261884, 739.0525901261884, 739.0525901261884, 739.0525901261884, 739.0525901261884, 739.0525901261884, 739.0525901261884, 739.0525901261884, 739.0525901261884, 739.0525901261884, 739.0525901261884, 739.0525901261884, 739.0525901261884, 739.0525901261884, 739.0525901261884, 739.0525901261884, 739.0525901261884, 739.0525901261884, 739.0525901261884, 739.0525901261884, 739.0525901261884, 739.0525901261884, 739.0525901261884, 739.0525901261884, 739.0525901261884, 739.0525901261884, 739.0525901261884, 739.0525901261884, 739.0525901261884, 739.0525901261884, 739.0525901261884, 739.0525901261884, 739.0525901261884, 739.0525901261884, 739.0525901261884, 739.0525901261884, 739.0525901261884, 739.0525901261884, 739.0525901261884, 739.0525901261884, 739.0525901261884, 739.0525901261884, 739.0525901261884, 739.0525901261884, 739.0525901261884, 739.0525901261884, 739.0525901261884, 739.0525901261884, 739.0525901261884, 739.0525901261884, 739.0525901261884, 739.0525901261884, 739.0525901261884, 739.0525901261884, 739.0525901261884, 739.0525901261884, 739.0525901261884, 739.0525901261884, 739.0525901261884, 739.0525901261884, 739.0525901261884, 739.0525901261884, 739.0525901261884, 739.0525901261884, 739.0525901261884, 739.0525901261884, 739.0525901261884, 739.0525901261884, 739.0525901261884, 739.0525901261884, 739.0525901261884, 739.0525901261884, 739.0525901261884, 739.0525901261884, 739.0525901261884, 739.0525901261884, 739.0525901261884, 739.0525901261884, 739.0525901261884, 739.0525901261884, 739.0525901261884, 739.0525901261884, 739.0525901261884, 739.0525901261884, 739.0525901261884, 739.0525901261884, 739.0525901261884, 739.0525901261884, 739.0525901261884, 739.0525901261884, 739.0525901261884, 739.0525901261884, 739.0525901261884, 739.0525901261884, 739.0525901261884, 739.0525901261884, 739.0525901261884, 739.0525901261884, 739.0525901261884, 739.0525901261884, 739.0525901261884, 739.0525901261884, 739.0525901261884, 739.0525901261884, 739.0525901261884, 739.0525901261884, 739.0525901261884, 739.0525901261884, 739.0525901261884, 739.0525901261884, 739.0525901261884, 739.0525901261884, 739.0525901261884, 739.0525901261884, 739.0525901261884, 739.0525901261884, 739.0525901261884, 739.0525901261884, 739.0525901261884, 739.0525901261884, 739.0525901261884, 739.0525901261884, 739.0525901261884, 739.0525901261884, 739.0525901261884, 739.0525901261884, 739.0525901261884, 739.0525901261884, 739.0525901261884, 739.0525901261884, 739.0525901261884, 739.0525901261884, 739.0525901261884, 739.0525901261884, 739.0525901261884, 739.0525901261884, 739.0525901261884, 739.0525901261884, 739.0525901261884, 739.0525901261884, 739.0525901261884, 739.0525901261884, 739.0525901261884, 739.0525901261884, 739.0525901261884, 739.0525901261884, 739.0525901261884, 739.0525901261884, 739.0525901261884, 739.0525901261884, 739.0525901261884, 739.0525901261884, 739.0525901261884, 739.0525901261884, 739.0525901261884, 739.0525901261884, 739.0525901261884, 739.0525901261884, 739.0525901261884, 739.0525901261884, 739.0525901261884, 739.0525901261884, 739.0525901261884, 739.0525901261884, 739.0525901261884, 739.0525901261884, 739.0525901261884, 739.0525901261884, 739.0525901261884, 739.0525901261884, 739.0525901261884, 739.0525901261884, 739.0525901261884, 739.0525901261884, 739.0525901261884, 739.0525901261884, 739.0525901261884, 739.0525901261884, 739.0525901261884, 739.0525901261884, 739.0525901261884, 739.0525901261884, 739.0525901261884, 739.0525901261884, 739.0525901261884, 739.0525901261884, 739.0525901261884, 739.0525901261884, 739.0525901261884, 739.0525901261884, 739.0525901261884, 739.0525901261884, 739.0525901261884, 739.0525901261884, 739.0525901261884, 739.0525901261884, 739.0525901261884, 739.0525901261884, 739.0525901261884, 739.0525901261884, 739.0525901261884, 739.0525901261884, 739.0525901261884, 739.0525901261884, 739.0525901261884, 739.0525901261884, 739.0525901261884, 739.0525901261884, 739.0525901261884, 739.0525901261884, 739.0525901261884, 739.0525901261884, 739.0525901261884, 739.0525901261884, 739.0525901261884, 739.0525901261884, 739.0525901261884, 739.0525901261884, 739.0525901261884, 739.0525901261884, 739.0525901261884, 739.0525901261884, 739.0525901261884, 739.0525901261884, 739.0525901261884, 739.0525901261884, 739.0525901261884, 739.0525901261884, 739.0525901261884, 739.0525901261884, 739.0525901261884, 739.0525901261884, 739.0525901261884, 739.0525901261884, 739.0525901261884, 739.0525901261884, 739.0525901261884, 739.0525901261884, 739.0525901261884, 739.0525901261884, 739.0525901261884, 739.0525901261884, 739.0525901261884, 739.0525901261884, 739.0525901261884, 739.0525901261884, 739.0525901261884, 739.0525901261884, 739.0525901261884, 739.0525901261884, 739.0525901261884, 739.0525901261884, 739.0525901261884, 739.0525901261884, 739.0525901261884, 739.0525901261884, 739.0525901261884, 739.0525901261884, 739.0525901261884, 739.0525901261884, 739.0525901261884, 739.0525901261884, 739.0525901261884, 739.0525901261884, 739.0525901261884, 739.0525901261884, 739.0525901261884, 739.0525901261884, 739.0525901261884, 739.0525901261884, 739.0525901261884, 739.0525901261884, 739.0525901261884, 739.0525901261884, 739.0525901261884, 739.0525901261884, 739.0525901261884, 739.0525901261884, 739.0525901261884, 739.0525901261884, 739.0525901261884, 739.0525901261884, 739.0525901261884, 739.0525901261884, 739.0525901261884, 739.0525901261884, 739.0525901261884, 739.0525901261884, 739.0525901261884, 739.0525901261884, 739.0525901261884, 739.0525901261884, 739.0525901261884, 739.0525901261884, 739.0525901261884, 739.0525901261884, 739.0525901261884, 739.0525901261884, 739.0525901261884, 739.0525901261884, 739.0525901261884, 739.0525901261884, 739.0525901261884, 739.0525901261884, 739.0525901261884, 739.0525901261884, 739.0525901261884, 739.0525901261884, 739.0525901261884, 739.0525901261884, 739.0525901261884, 739.0525901261884, 739.0525901261884, 739.0525901261884, 739.0525901261884, 739.0525901261884, 739.0525901261884, 739.0525901261884, 739.0525901261884, 739.0525901261884, 739.0525901261884, 739.0525901261884, 739.0525901261884, 739.0525901261884, 739.0525901261884, 739.0525901261884, 739.0525901261884, 739.0525901261884, 739.0525901261884, 739.0525901261884, 739.0525901261884, 739.0525901261884, 739.0525901261884, 739.0525901261884, 739.0525901261884, 739.0525901261884, 739.0525901261884, 739.0525901261884, 739.0525901261884, 739.0525901261884, 739.0525901261884, 739.0525901261884, 739.0525901261884, 739.0525901261884, 739.0525901261884, 739.0525901261884, 739.0525901261884, 739.0525901261884, 739.0525901261884, 739.0525901261884, 739.0525901261884, 739.0525901261884, 739.0525901261884, 739.0525901261884, 739.0525901261884, 739.0525901261884, 739.0525901261884, 739.0525901261884, 739.0525901261884, 739.0525901261884, 739.0525901261884, 739.0525901261884, 739.0525901261884, 739.0525901261884, 739.0525901261884, 739.0525901261884, 739.0525901261884, 739.0525901261884, 739.0525901261884, 739.0525901261884, 739.0525901261884, 739.0525901261884, 739.0525901261884, 739.0525901261884, 739.0525901261884, 739.0525901261884, 739.0525901261884, 739.0525901261884, 739.0525901261884, 739.0525901261884, 739.0525901261884, 739.0525901261884, 739.0525901261884, 739.0525901261884, 739.0525901261884, 739.0525901261884, 739.0525901261884, 739.0525901261884, 739.0525901261884, 739.0525901261884, 739.0525901261884, 739.0525901261884, 739.0525901261884, 739.0525901261884, 739.0525901261884, 739.0525901261884, 739.0525901261884, 739.0525901261884, 739.0525901261884, 739.0525901261884, 739.0525901261884, 739.0525901261884, 739.0525901261884, 739.0525901261884, 739.0525901261884, 739.0525901261884, 739.0525901261884, 739.0525901261884, 739.0525901261884, 739.0525901261884, 739.0525901261884, 739.0525901261884, 739.0525901261884, 739.0525901261884, 739.0525901261884, 739.0525901261884, 739.0525901261884, 739.0525901261884, 739.0525901261884, 739.0525901261884, 739.0525901261884, 739.0525901261884, 739.0525901261884, 739.0525901261884, 739.0525901261884, 739.0525901261884, 739.0525901261884, 739.0525901261884, 739.0525901261884, 739.0525901261884, 739.0525901261884, 739.0525901261884, 739.0525901261884, 739.0525901261884, 739.0525901261884, 739.0525901261884, 739.0525901261884, 739.0525901261884, 739.0525901261884, 739.0525901261884, 739.0525901261884, 739.0525901261884, 739.0525901261884, 739.0525901261884, 739.0525901261884, 739.0525901261884, 739.0525901261884, 739.0525901261884, 739.0525901261884, 739.0525901261884, 739.0525901261884, 739.0525901261884, 739.0525901261884, 739.0525901261884, 739.0525901261884, 739.0525901261884, 739.0525901261884, 739.0525901261884, 739.0525901261884, 739.0525901261884, 739.0525901261884, 739.0525901261884, 739.0525901261884, 739.0525901261884, 739.0525901261884, 739.0525901261884, 739.0525901261884, 739.0525901261884, 739.0525901261884, 739.0525901261884, 739.0525901261884, 739.0525901261884, 739.0525901261884, 739.0525901261884, 739.0525901261884, 739.0525901261884, 739.0525901261884, 739.0525901261884, 739.0525901261884, 739.0525901261884, 739.0525901261884, 739.0525901261884, 739.0525901261884, 739.0525901261884, 739.0525901261884, 739.0525901261884, 739.0525901261884, 739.0525901261884, 739.0525901261884, 739.0525901261884, 739.0525901261884, 739.0525901261884, 739.0525901261884, 739.0525901261884, 739.0525901261884, 739.0525901261884, 739.0525901261884, 739.0525901261884, 739.0525901261884, 739.0525901261884, 739.0525901261884, 739.0525901261884, 739.0525901261884, 739.0525901261884, 739.0525901261884, 739.0525901261884, 739.0525901261884, 739.0525901261884, 739.0525901261884, 739.0525901261884, 739.0525901261884, 739.0525901261884, 739.0525901261884, 739.0525901261884, 739.0525901261884, 739.0525901261884, 739.0525901261884, 739.0525901261884, 739.0525901261884, 739.0525901261884, 739.0525901261884, 739.0525901261884, 739.0525901261884]
Computational time : 104.427999973