Name : Ahmed ElMousel
Problem : X-n115-k10 
Whale Algorithm 
cost : 17882.7506938
Routes : 
1->1
1->1
1->1
1->1
1->1
1->131->5->116->125->71->41->60->136->59->88->61->73->112->2->108->6->87->94->3->18->117->137->1
1->1
1->69->55->66->91->134->19->48->97->63->34->126->124->83->138->56->143->29->20->26->1
1->85->129->119->13->90->46->62->65->45->75->82->12->101->105->133->24->22->140->96->58->110->1
1->128->37->17->33->8->98->121->86->36->92->57->84->89->21->53->10->14->1
1->49->31->35->4->77->130->106->139->122->99->80->32->7->103->54->111->115->44->9->42->79->127->1
1->102->118->109->93->135->39->104->64->11->114->95->76->27->113->141->142->16->28->107->25->67->1
1->72->100->68->47->70->132->43->30->40->81->120->23->78->123->38->15->74->52->50->51->1
best solutions : 
[26714.341033506495, 25560.982554997467, 25222.406407908402, 23579.1426021029, 23111.76006219993, 22404.074516589793, 22080.284720456293, 21942.356726835067, 21502.79817869929, 21285.10526305483, 21209.900529164977, 21007.485215149878, 20896.75378712127, 20891.62695128388, 20769.499300401632, 20308.046729451176, 20308.046729451176, 20308.046729451176, 20308.046729451176, 20308.046729451176, 20247.87119723287, 20193.830932709232, 20193.830932709232, 20193.830932709232, 20181.60687911337, 20150.212805198837, 20046.96270103281, 20046.96270103281, 20046.96270103281, 20046.96270103281, 20016.55133225036, 20016.55133225036, 20016.55133225036, 19854.896127622393, 19854.896127622393, 19854.896127622393, 19854.896127622393, 19784.75745326348, 19784.75745326348, 19784.75745326348, 19784.75745326348, 19784.75745326348, 19784.75745326348, 19784.75745326348, 19784.75745326348, 19784.75745326348, 19784.75745326348, 19784.75745326348, 19784.75745326348, 19784.75745326348, 19784.75745326348, 19784.75745326348, 19784.75745326348, 19747.89830020783, 19747.89830020783, 19737.67312066719, 19737.67312066719, 19737.67312066719, 19737.67312066719, 19737.67312066719, 19737.67312066719, 19737.67312066719, 19737.67312066719, 19737.67312066719, 19737.67312066719, 19737.67312066719, 19737.67312066719, 19737.67312066719, 19737.67312066719, 19737.67312066719, 19737.67312066719, 19737.67312066719, 19737.67312066719, 19737.67312066719, 19616.844873819762, 19616.844873819762, 19616.844873819762, 19616.844873819762, 19616.844873819762, 19595.98077583281, 19595.98077583281, 19595.98077583281, 19595.98077583281, 19595.98077583281, 19595.98077583281, 19595.98077583281, 19595.98077583281, 19595.98077583281, 19595.98077583281, 19595.98077583281, 19595.98077583281, 19595.98077583281, 19595.98077583281, 19595.98077583281, 19595.98077583281, 19595.98077583281, 19595.98077583281, 19595.98077583281, 19595.98077583281, 19595.98077583281, 19595.98077583281, 19595.98077583281, 19595.98077583281, 19595.98077583281, 19595.98077583281, 19595.98077583281, 19595.98077583281, 19595.98077583281, 19595.98077583281, 19595.98077583281, 19590.915102465184, 19590.915102465184, 19590.915102465184, 19590.915102465184, 19590.915102465184, 19590.915102465184, 19590.915102465184, 19590.915102465184, 19590.915102465184, 19590.915102465184, 19590.915102465184, 19590.915102465184, 19590.915102465184, 19590.915102465184, 19590.915102465184, 19590.915102465184, 19590.915102465184, 19590.915102465184, 19590.915102465184, 19590.915102465184, 19590.915102465184, 19590.915102465184, 19590.915102465184, 19590.915102465184, 19590.915102465184, 19590.915102465184, 19590.915102465184, 19590.915102465184, 19462.573702222307, 19462.570629668826, 19462.570629668826, 19427.134076077436, 19427.134076077436, 19427.134076077436, 19427.134076077436, 19427.134076077436, 19427.134076077436, 19427.134076077436, 19427.134076077436, 19427.134076077436, 19427.134076077436, 19427.134076077436, 19427.134076077436, 19427.134076077436, 19427.134076077436, 19315.8119205063, 19284.93980235014, 19284.93980235014, 19284.93980235014, 19284.93980235014, 19284.93980235014, 19284.93980235014, 19284.93980235014, 19284.93980235014, 19253.313826815356, 19253.313826815356, 19253.313826815356, 19253.313826815356, 19253.313826815356, 19253.313826815356, 19253.313826815356, 19253.313826815356, 19253.313826815356, 19253.313826815356, 19253.313826815356, 19253.313826815356, 19253.313826815356, 19253.313826815356, 19253.313826815356, 19253.313826815356, 19253.313826815356, 19250.052712719767, 19250.052712719767, 19250.052712719767, 19250.052712719767, 19250.052712719767, 19250.052712719767, 19250.052712719767, 19250.052712719767, 19250.052712719767, 19250.052712719767, 19250.052712719767, 19250.052712719767, 19250.052712719767, 19250.052712719767, 19250.052712719767, 19250.052712719767, 19250.052712719767, 19250.052712719767, 19239.73753874231, 19239.73753874231, 19239.73753874231, 19239.73753874231, 19239.73753874231, 19239.73753874231, 19239.73753874231, 19239.73753874231, 19239.73753874231, 19239.73753874231, 19239.73753874231, 19239.73753874231, 19229.39509710087, 19229.39509710087, 19229.39509710087, 19229.39509710087, 19163.191658079693, 19163.191658079693, 19163.191658079693, 19163.191658079693, 19163.191658079693, 19163.191658079693, 19163.191658079693, 19163.191658079693, 19163.191658079693, 19163.191658079693, 19163.191658079693, 19163.191658079693, 19163.191658079693, 19163.191658079693, 19163.191658079693, 19163.191658079693, 19163.191658079693, 19163.191658079693, 19163.191658079693, 19163.191658079693, 19163.191658079693, 19163.191658079693, 19163.191658079693, 19163.191658079693, 19163.191658079693, 19163.191658079693, 19163.191658079693, 19163.191658079693, 19163.191658079693, 19163.191658079693, 19163.191658079693, 19163.191658079693, 19163.191658079693, 19163.191658079693, 19163.191658079693, 19149.61220000636, 19149.61220000636, 19149.61220000636, 19089.488955264238, 19073.111993687133, 19073.111993687133, 19073.111993687133, 19073.111993687133, 19073.111993687133, 19073.111993687133, 19073.111993687133, 19073.111993687133, 19073.111993687133, 19073.111993687133, 19073.111993687133, 19073.111993687133, 19073.111993687133, 19073.111993687133, 19073.111993687133, 19073.111993687133, 19073.111993687133, 19073.111993687133, 19073.111993687133, 19073.111993687133, 19073.111993687133, 19073.111993687133, 19073.111993687133, 19073.111993687133, 19073.111993687133, 19073.111993687133, 19072.346539408292, 19072.346539408292, 19072.346539408292, 19072.346539408292, 19072.346539408292, 19072.346539408292, 19072.346539408292, 19072.346539408292, 19072.346539408292, 19072.346539408292, 19072.346539408292, 19072.346539408292, 19065.732047273603, 19065.732047273603, 19065.732047273603, 19065.732047273603, 19065.732047273603, 19065.732047273603, 19065.732047273603, 19065.732047273603, 19065.732047273603, 19065.732047273603, 19065.732047273603, 19065.732047273603, 19065.732047273603, 19065.732047273603, 19065.732047273603, 19065.732047273603, 19065.732047273603, 19065.732047273603, 18981.24293171181, 18981.24293171181, 18981.24293171181, 18981.24293171181, 18981.24293171181, 18981.24293171181, 18981.24293171181, 18981.24293171181, 18981.24293171181, 18981.24293171181, 18981.24293171181, 18981.24293171181, 18981.24293171181, 18981.24293171181, 18981.24293171181, 18981.24293171181, 18981.24293171181, 18981.24293171181, 18981.24293171181, 18981.24293171181, 18981.24293171181, 18981.24293171181, 18981.24293171181, 18981.24293171181, 18981.24293171181, 18981.24293171181, 18981.24293171181, 18981.24293171181, 18981.24293171181, 18981.24293171181, 18981.24293171181, 18981.24293171181, 18981.24293171181, 18981.24293171181, 18981.24293171181, 18981.24293171181, 18981.24293171181, 18981.24293171181, 18890.348166901967, 18890.348166901967, 18890.348166901967, 18890.348166901967, 18890.348166901967, 18890.348166901967, 18890.348166901967, 18846.46081573177, 18846.46081573177, 18846.46081573177, 18846.46081573177, 18846.46081573177, 18846.46081573177, 18846.46081573177, 18846.46081573177, 18846.46081573177, 18846.46081573177, 18846.46081573177, 18846.46081573177, 18846.46081573177, 18846.46081573177, 18846.46081573177, 18846.46081573177, 18846.46081573177, 18846.46081573177, 18846.46081573177, 18846.46081573177, 18846.46081573177, 18846.46081573177, 18846.46081573177, 18846.46081573177, 18846.46081573177, 18846.46081573177, 18846.46081573177, 18846.46081573177, 18844.833555760513, 18844.833555760513, 18844.833555760513, 18844.833555760513, 18844.833555760513, 18844.833555760513, 18844.833555760513, 18844.833555760513, 18844.833555760513, 18844.833555760513, 18844.833555760513, 18844.833555760513, 18844.833555760513, 18844.833555760513, 18844.833555760513, 18844.833555760513, 18844.833555760513, 18844.833555760513, 18844.833555760513, 18844.833555760513, 18844.833555760513, 18844.833555760513, 18844.833555760513, 18844.833555760513, 18844.833555760513, 18844.833555760513, 18844.833555760513, 18844.833555760513, 18844.833555760513, 18821.464370475907, 18821.464370475907, 18821.464370475907, 18821.464370475907, 18821.464370475907, 18821.464370475907, 18821.464370475907, 18821.464370475907, 18821.464370475907, 18821.464370475907, 18821.464370475907, 18821.464370475907, 18821.464370475907, 18821.464370475907, 18821.464370475907, 18821.464370475907, 18821.464370475907, 18821.464370475907, 18821.464370475907, 18821.464370475907, 18821.464370475907, 18821.464370475907, 18821.464370475907, 18821.464370475907, 18821.464370475907, 18821.464370475907, 18821.464370475907, 18774.96512466614, 18774.96512466614, 18774.96512466614, 18774.96512466614, 18774.96512466614, 18774.96512466614, 18774.96512466614, 18774.96512466614, 18774.96512466614, 18774.96512466614, 18774.96512466614, 18774.96512466614, 18774.96512466614, 18774.96512466614, 18774.96512466614, 18766.978374825198, 18766.978374825198, 18766.978374825198, 18766.978374825198, 18766.978374825198, 18766.978374825198, 18766.978374825198, 18766.978374825198, 18766.978374825198, 18766.978374825198, 18766.978374825198, 18766.978374825198, 18766.978374825198, 18766.978374825198, 18766.978374825198, 18766.978374825198, 18766.978374825198, 18766.978374825198, 18766.978374825198, 18766.978374825198, 18766.978374825198, 18766.978374825198, 18766.978374825198, 18766.978374825198, 18766.978374825198, 18766.978374825198, 18766.978374825198, 18766.978374825198, 18766.978374825198, 18766.978374825198, 18766.978374825198, 18766.978374825198, 18766.978374825198, 18766.978374825198, 18766.978374825198, 18766.978374825198, 18766.978374825198, 18766.978374825198, 18756.75758913526, 18756.75758913526, 18756.75758913526, 18756.75758913526, 18756.75758913526, 18756.75758913526, 18756.75758913526, 18756.75758913526, 18756.75758913526, 18756.75758913526, 18756.75758913526, 18756.75758913526, 18756.75758913526, 18756.75758913526, 18756.75758913526, 18756.75758913526, 18756.75758913526, 18756.75758913526, 18756.75758913526, 18756.75758913526, 18756.75758913526, 18756.75758913526, 18756.75758913526, 18756.75758913526, 18756.75758913526, 18756.75758913526, 18756.75758913526, 18756.75758913526, 18756.75758913526, 18756.75758913526, 18756.75758913526, 18756.75758913526, 18756.75758913526, 18756.75758913526, 18756.75758913526, 18756.75758913526, 18756.75758913526, 18756.75758913526, 18756.75758913526, 18756.75758913526, 18756.75758913526, 18756.75758913526, 18756.75758913526, 18756.75758913526, 18756.75758913526, 18756.75758913526, 18756.75758913526, 18756.75758913526, 18756.75758913526, 18756.75758913526, 18756.75758913526, 18756.75758913526, 18756.75758913526, 18756.75758913526, 18756.75758913526, 18756.75758913526, 18756.75758913526, 18756.75758913526, 18756.75758913526, 18756.75758913526, 18756.75758913526, 18756.75758913526, 18756.75758913526, 18756.75758913526, 18756.75758913526, 18756.75758913526, 18756.75758913526, 18756.75758913526, 18756.75758913526, 18756.75758913526, 18756.75758913526, 18756.75758913526, 18756.75758913526, 18756.75758913526, 18756.75758913526, 18756.75758913526, 18756.75758913526, 18756.75758913526, 18756.75758913526, 18756.75758913526, 18756.75758913526, 18756.75758913526, 18756.75758913526, 18756.75758913526, 18756.75758913526, 18756.75758913526, 18756.75758913526, 18756.75758913526, 18756.75758913526, 18756.75758913526, 18756.75758913526, 18756.75758913526, 18756.75758913526, 18754.304516833752, 18754.304516833752, 18754.304516833752, 18754.304516833752, 18754.304516833752, 18754.304516833752, 18754.304516833752, 18754.304516833752, 18754.304516833752, 18754.304516833752, 18754.304516833752, 18754.304516833752, 18754.304516833752, 18754.304516833752, 18754.304516833752, 18754.304516833752, 18754.304516833752, 18754.304516833752, 18754.304516833752, 18754.304516833752, 18754.304516833752, 18754.304516833752, 18754.304516833752, 18754.304516833752, 18754.304516833752, 18754.304516833752, 18754.304516833752, 18754.304516833752, 18754.304516833752, 18754.304516833752, 18754.304516833752, 18754.304516833752, 18754.304516833752, 18754.304516833752, 18754.304516833752, 18754.304516833752, 18754.304516833752, 18754.304516833752, 18754.304516833752, 18753.489663849305, 18753.489663849305, 18753.489663849305, 18753.489663849305, 18753.489663849305, 18753.489663849305, 18753.489663849305, 18753.489663849305, 18753.489663849305, 18753.489663849305, 18753.489663849305, 18753.489663849305, 18753.489663849305, 18753.489663849305, 18753.489663849305, 18753.489663849305, 18753.489663849305, 18753.489663849305, 18753.489663849305, 18753.489663849305, 18753.489663849305, 18753.489663849305, 18753.489663849305, 18753.489663849305, 18753.489663849305, 18753.489663849305, 18753.489663849305, 18753.489663849305, 18753.489663849305, 18753.489663849305, 18753.489663849305, 18753.489663849305, 18753.489663849305, 18753.489663849305, 18753.489663849305, 18753.489663849305, 18753.489663849305, 18753.489663849305, 18753.489663849305, 18753.489663849305, 18753.489663849305, 18753.489663849305, 18753.489663849305, 18753.489663849305, 18753.489663849305, 18753.489663849305, 18753.489663849305, 18753.489663849305, 18753.489663849305, 18753.489663849305, 18753.489663849305, 18753.489663849305, 18753.489663849305, 18753.489663849305, 18753.489663849305, 18753.489663849305, 18753.489663849305, 18753.489663849305, 18753.489663849305, 18753.489663849305, 18753.489663849305, 18753.489663849305, 18753.489663849305, 18753.489663849305, 18753.489663849305, 18753.489663849305, 18753.489663849305, 18753.489663849305, 18753.489663849305, 18753.489663849305, 18753.489663849305, 18753.489663849305, 18753.489663849305, 18753.489663849305, 18753.489663849305, 18753.489663849305, 18753.489663849305, 18753.489663849305, 18753.489663849305, 18753.489663849305, 18753.489663849305, 18753.489663849305, 18753.489663849305, 18753.489663849305, 18753.489663849305, 18753.489663849305, 18753.489663849305, 18753.489663849305, 18753.489663849305, 18753.489663849305, 18753.489663849305, 18753.489663849305, 18753.489663849305, 18753.489663849305, 18753.489663849305, 18753.489663849305, 18753.489663849305, 18753.489663849305, 18745.61566026026, 18745.61566026026, 18745.61566026026, 18745.61566026026, 18745.61566026026, 18745.61566026026, 18745.61566026026, 18745.61566026026, 18745.61566026026, 18745.61566026026, 18745.61566026026, 18745.61566026026, 18745.61566026026, 18745.61566026026, 18745.61566026026, 18745.61566026026, 18745.61566026026, 18745.61566026026, 18745.61566026026, 18745.61566026026, 18745.61566026026, 18745.61566026026, 18745.61566026026, 18745.61566026026, 18745.61566026026, 18745.61566026026, 18745.61566026026, 18745.61566026026, 18745.61566026026, 18745.61566026026, 18745.61566026026, 18745.61566026026, 18745.61566026026, 18745.61566026026, 18745.61566026026, 18667.259716980556, 18667.259716980556, 18667.259716980556, 18667.259716980556, 18667.259716980556, 18667.259716980556, 18667.259716980556, 18667.259716980556, 18667.259716980556, 18667.259716980556, 18667.259716980556, 18667.259716980556, 18667.259716980556, 18667.259716980556, 18667.259716980556, 18667.259716980556, 18667.259716980556, 18667.259716980556, 18667.259716980556, 18667.259716980556, 18667.259716980556, 18667.259716980556, 18667.259716980556, 18667.259716980556, 18667.259716980556, 18667.259716980556, 18667.259716980556, 18667.259716980556, 18667.259716980556, 18667.259716980556, 18667.259716980556, 18667.259716980556, 18667.259716980556, 18667.259716980556, 18667.259716980556, 18667.259716980556, 18667.259716980556, 18667.259716980556, 18667.259716980556, 18667.259716980556, 18667.259716980556, 18667.259716980556, 18667.259716980556, 18667.259716980556, 18667.259716980556, 18667.259716980556, 18667.259716980556, 18667.259716980556, 18667.259716980556, 18667.259716980556, 18667.259716980556, 18667.259716980556, 18667.259716980556, 18667.259716980556, 18667.259716980556, 18667.259716980556, 18667.259716980556, 18667.259716980556, 18667.259716980556, 18659.091169392796, 18659.091169392796, 18659.091169392796, 18659.091169392796, 18659.091169392796, 18659.091169392796, 18659.091169392796, 18659.091169392796, 18659.091169392796, 18659.091169392796, 18659.091169392796, 18659.091169392796, 18659.091169392796, 18659.091169392796, 18659.091169392796, 18659.091169392796, 18657.602681080145, 18657.602681080145, 18657.602681080145, 18657.602681080145, 18657.602681080145, 18657.602681080145, 18657.602681080145, 18657.602681080145, 18657.602681080145, 18657.602681080145, 18657.602681080145, 18657.602681080145, 18657.602681080145, 18657.602681080145, 18657.602681080145, 18657.602681080145, 18657.602681080145, 18657.602681080145, 18657.602681080145, 18657.602681080145, 18657.602681080145, 18657.602681080145, 18657.602681080145, 18657.602681080145, 18657.602681080145, 18657.602681080145, 18657.602681080145, 18657.602681080145, 18657.602681080145, 18657.602681080145, 18657.602681080145, 18657.602681080145, 18657.602681080145, 18657.602681080145, 18657.602681080145, 18657.602681080145, 18657.602681080145, 18657.602681080145, 18657.602681080145, 18657.602681080145, 18657.602681080145, 18657.602681080145, 18657.602681080145, 18657.602681080145, 18657.602681080145, 18657.602681080145, 18657.602681080145, 18657.602681080145, 18657.602681080145, 18657.602681080145, 18657.602681080145, 18657.602681080145, 18657.602681080145, 18657.602681080145, 18657.602681080145, 18657.602681080145, 18657.602681080145, 18657.602681080145, 18657.602681080145, 18657.602681080145, 18657.602681080145, 18657.602681080145, 18657.602681080145, 18657.602681080145, 18657.602681080145, 18657.602681080145, 18657.602681080145, 18657.602681080145, 18657.602681080145, 18657.602681080145, 18657.602681080145, 18657.602681080145, 18657.602681080145, 18657.602681080145, 18657.602681080145, 18657.602681080145, 18657.602681080145, 18657.602681080145, 18657.602681080145, 18657.602681080145, 18657.602681080145, 18657.602681080145, 18657.602681080145, 18657.602681080145, 18657.602681080145, 18657.602681080145, 18657.602681080145, 18657.602681080145, 18657.602681080145, 18657.602681080145, 18657.602681080145, 18657.602681080145, 18657.602681080145, 18657.602681080145, 18657.602681080145, 18657.602681080145, 18657.602681080145, 18657.602681080145, 18657.602681080145, 18657.602681080145, 18657.602681080145, 18657.602681080145, 18657.602681080145, 18657.602681080145, 18657.602681080145, 18657.602681080145, 18657.602681080145, 18657.602681080145, 18657.602681080145, 18657.602681080145, 18657.602681080145, 18657.602681080145, 18657.602681080145, 18657.602681080145, 18657.602681080145, 18657.602681080145, 18657.602681080145, 18657.602681080145, 18657.602681080145, 18657.602681080145, 18657.602681080145, 18657.602681080145, 18657.602681080145, 18657.602681080145, 18657.602681080145, 18657.602681080145, 18657.602681080145, 18657.602681080145, 18657.602681080145, 18657.602681080145, 18657.602681080145, 18657.602681080145, 18657.602681080145, 18657.602681080145, 18657.602681080145, 18657.602681080145, 18657.602681080145, 18651.566035618947, 18651.566035618947, 18651.566035618947, 18651.566035618947, 18651.566035618947, 18651.566035618947, 18651.566035618947, 18651.566035618947, 18651.566035618947, 18651.566035618947, 18651.566035618947, 18651.566035618947, 18651.566035618947, 18651.566035618947, 18651.566035618947, 18651.566035618947, 18651.566035618947, 18651.566035618947, 18651.566035618947, 18651.566035618947, 18651.566035618947, 18651.566035618947, 18651.566035618947, 18651.566035618947, 18651.566035618947, 18651.566035618947, 18651.566035618947, 18651.566035618947, 18651.566035618947, 18651.566035618947, 18651.566035618947, 18651.566035618947, 18651.566035618947, 18651.566035618947, 18651.566035618947, 18651.566035618947, 18651.566035618947, 18651.566035618947, 18651.566035618947, 18517.56709130225, 18517.56709130225, 18517.56709130225, 18517.56709130225, 18517.56709130225, 18517.56709130225, 18517.56709130225, 18517.56709130225, 18517.56709130225, 18517.56709130225, 18517.56709130225, 18517.56709130225, 18517.56709130225, 18517.56709130225, 18517.56709130225, 18517.56709130225, 18517.56709130225, 18517.56709130225, 18517.56709130225, 18517.56709130225, 18517.56709130225, 18517.56709130225, 18517.56709130225, 18517.56709130225, 18517.56709130225, 18517.56709130225, 18517.56709130225, 18517.56709130225, 18517.56709130225, 18517.56709130225, 18517.56709130225, 18517.56709130225, 18517.56709130225, 18517.56709130225, 18517.56709130225, 18517.56709130225, 18517.56709130225, 18517.56709130225, 18517.56709130225, 18517.56709130225, 18517.56709130225, 18517.56709130225, 18517.56709130225, 18517.56709130225, 18517.56709130225, 18517.56709130225, 18517.56709130225, 18517.56709130225, 18517.56709130225, 18517.56709130225, 18517.56709130225, 18517.56709130225, 18517.56709130225, 18517.56709130225, 18517.56709130225, 18517.56709130225, 18517.56709130225, 18517.56709130225, 18517.56709130225, 18517.56709130225, 18517.56709130225, 18517.56709130225, 18517.56709130225, 18517.56709130225, 18517.56709130225, 18517.56709130225, 18517.56709130225, 18517.56709130225, 18517.56709130225, 18517.56709130225, 18517.56709130225, 18517.56709130225, 18517.56709130225, 18517.56709130225, 18517.56709130225, 18517.56709130225, 18517.56709130225, 18517.56709130225, 18517.56709130225, 18517.56709130225, 18517.56709130225, 18517.56709130225, 18517.56709130225, 18517.56709130225, 18517.56709130225, 18517.56709130225, 18517.56709130225, 18517.56709130225, 18517.56709130225, 18517.56709130225, 18517.56709130225, 18517.56709130225, 18517.56709130225, 18517.56709130225, 18517.56709130225, 18517.56709130225, 18517.56709130225, 18517.56709130225, 18517.56709130225, 18517.56709130225, 18517.56709130225, 18517.56709130225, 18517.56709130225, 18517.56709130225, 18517.56709130225, 18517.56709130225, 18517.56709130225, 18517.56709130225, 18517.56709130225, 18517.56709130225, 18517.56709130225, 18517.56709130225, 18517.56709130225, 18517.56709130225, 18517.56709130225, 18517.56709130225, 18517.56709130225, 18517.56709130225, 18517.56709130225, 18517.56709130225, 18517.56709130225, 18517.56709130225, 18517.56709130225, 18503.268861836063, 18503.268861836063, 18503.268861836063, 18503.268861836063, 18503.268861836063, 18503.268861836063, 18503.268861836063, 18503.268861836063, 18503.268861836063, 18503.268861836063, 18503.268861836063, 18503.268861836063, 18503.268861836063, 18463.838596519792, 18463.838596519792, 18463.838596519792, 18463.838596519792, 18463.838596519792, 18463.838596519792, 18463.838596519792, 18463.838596519792, 18463.838596519792, 18463.838596519792, 18463.838596519792, 18463.838596519792, 18463.838596519792, 18463.838596519792, 18463.838596519792, 18463.838596519792, 18463.838596519792, 18463.838596519792, 18463.838596519792, 18463.838596519792, 18463.838596519792, 18463.838596519792, 18463.838596519792, 18463.838596519792, 18463.838596519792, 18463.838596519792, 18463.838596519792, 18463.838596519792, 18463.838596519792, 18463.838596519792, 18463.838596519792, 18463.838596519792, 18463.838596519792, 18463.838596519792, 18463.838596519792, 18463.838596519792, 18463.838596519792, 18463.838596519792, 18463.838596519792, 18463.838596519792, 18463.838596519792, 18463.838596519792, 18463.838596519792, 18463.838596519792, 18463.838596519792, 18463.838596519792, 18463.838596519792, 18463.838596519792, 18463.838596519792, 18463.838596519792, 18463.838596519792, 18463.838596519792, 18463.838596519792, 18463.838596519792, 18463.838596519792, 18463.838596519792, 18463.838596519792, 18463.838596519792, 18463.838596519792, 18463.838596519792, 18463.838596519792, 18463.838596519792, 18463.838596519792, 18463.838596519792, 18463.838596519792, 18463.838596519792, 18463.838596519792, 18463.838596519792, 18463.838596519792, 18463.838596519792, 18463.838596519792, 18463.838596519792, 18463.838596519792, 18463.838596519792, 18463.838596519792, 18463.838596519792, 18463.838596519792, 18463.838596519792, 18463.838596519792, 18463.838596519792, 18463.838596519792, 18463.838596519792, 18463.838596519792, 18463.838596519792, 18463.838596519792, 18463.838596519792, 18463.838596519792, 18463.838596519792, 18463.838596519792, 18463.838596519792, 18463.838596519792, 18463.838596519792, 18463.838596519792, 18463.838596519792, 18463.838596519792, 18463.838596519792, 18463.838596519792, 18463.838596519792, 18463.838596519792, 18463.838596519792, 18463.838596519792, 18463.838596519792, 18463.838596519792, 18463.838596519792, 18463.838596519792, 18463.838596519792, 18463.838596519792, 18463.838596519792, 18463.838596519792, 18463.838596519792, 18463.838596519792, 18463.838596519792, 18463.838596519792, 18463.838596519792, 18463.838596519792, 18463.838596519792, 18463.838596519792, 18463.838596519792, 18463.838596519792, 18463.838596519792, 18463.838596519792, 18463.838596519792, 18463.838596519792, 18463.838596519792, 18463.838596519792, 18463.838596519792, 18463.838596519792, 18463.838596519792, 18463.838596519792, 18463.838596519792, 18463.838596519792, 18463.838596519792, 18463.838596519792, 18463.838596519792, 18463.838596519792, 18463.838596519792, 18463.838596519792, 18463.838596519792, 18463.838596519792, 18463.838596519792, 18463.838596519792, 18463.838596519792, 18463.838596519792, 18463.838596519792, 18447.660106487125, 18447.660106487125, 18447.660106487125, 18447.660106487125, 18447.660106487125, 18447.660106487125, 18447.660106487125, 18447.660106487125, 18447.660106487125, 18447.660106487125, 18447.660106487125, 18447.660106487125, 18447.660106487125, 18447.660106487125, 18447.660106487125, 18447.660106487125, 18447.660106487125, 18447.660106487125, 18447.660106487125, 18447.660106487125, 18447.660106487125, 18447.660106487125, 18447.660106487125, 18447.660106487125, 18447.660106487125, 18447.660106487125, 18447.660106487125, 18447.660106487125, 18447.660106487125, 18447.660106487125, 18447.660106487125, 18447.660106487125, 18447.660106487125, 18447.660106487125, 18447.660106487125, 18447.660106487125, 18447.660106487125, 18447.660106487125, 18447.660106487125, 18447.660106487125, 18447.660106487125, 18447.660106487125, 18447.660106487125, 18447.660106487125, 18447.660106487125, 18447.660106487125, 18447.660106487125, 18447.660106487125, 18447.660106487125, 18447.660106487125, 18447.660106487125, 18447.660106487125, 18447.660106487125, 18447.660106487125, 18447.660106487125, 18447.660106487125, 18447.660106487125, 18447.660106487125, 18447.660106487125, 18447.660106487125, 18447.660106487125, 18447.660106487125, 18447.660106487125, 18447.660106487125, 18447.660106487125, 18447.660106487125, 18447.660106487125, 18447.660106487125, 18447.660106487125, 18447.660106487125, 18447.660106487125, 18447.660106487125, 18447.660106487125, 18447.660106487125, 18447.660106487125, 18447.660106487125, 18447.660106487125, 18447.660106487125, 18447.660106487125, 18447.660106487125, 18447.660106487125, 18447.660106487125, 18447.660106487125, 18447.660106487125, 18447.660106487125, 18447.660106487125, 18447.660106487125, 18447.660106487125, 18447.660106487125, 18447.660106487125, 18447.660106487125, 18447.660106487125, 18447.660106487125, 18447.660106487125, 18447.660106487125, 18447.660106487125, 18447.660106487125, 18447.660106487125, 18447.660106487125, 18447.660106487125, 18447.660106487125, 18447.660106487125, 18447.660106487125, 18447.660106487125, 18447.660106487125, 18447.660106487125, 18447.660106487125, 18447.660106487125, 18447.660106487125, 18447.660106487125, 18447.660106487125, 18447.660106487125, 18447.660106487125, 18447.660106487125, 18447.660106487125, 18447.660106487125, 18447.660106487125, 18447.660106487125, 18447.660106487125, 18447.660106487125, 18447.660106487125, 18447.660106487125, 18447.660106487125, 18447.660106487125, 18447.660106487125, 18447.660106487125, 18447.660106487125, 18447.660106487125, 18447.660106487125, 18447.660106487125, 18447.660106487125, 18447.660106487125, 18447.660106487125, 18447.660106487125, 18447.660106487125, 18447.660106487125, 18447.660106487125, 18447.660106487125, 18447.660106487125, 18447.660106487125, 18447.660106487125, 18447.660106487125, 18447.660106487125, 18447.660106487125, 18447.660106487125, 18447.660106487125, 18447.660106487125, 18447.660106487125, 18447.660106487125, 18447.660106487125, 18447.660106487125, 18447.660106487125, 18447.660106487125, 18447.660106487125, 18447.660106487125, 18447.660106487125, 18447.660106487125, 18447.660106487125, 18447.660106487125, 18447.660106487125, 18447.660106487125, 18447.660106487125, 18447.660106487125, 18447.660106487125, 18447.660106487125, 18447.660106487125, 18447.660106487125, 18447.660106487125, 18447.660106487125, 18447.660106487125, 18447.660106487125, 18447.660106487125, 18447.660106487125, 18447.660106487125, 18447.660106487125, 18447.660106487125, 18447.660106487125, 18447.660106487125, 18447.660106487125, 18447.660106487125, 18447.660106487125, 18447.660106487125, 18447.660106487125, 18447.660106487125, 18447.660106487125, 18447.660106487125, 18447.660106487125, 18447.660106487125, 18447.660106487125, 18447.660106487125, 18447.660106487125, 18447.660106487125, 18447.660106487125, 18447.660106487125, 18447.660106487125, 18447.660106487125, 18447.660106487125, 18447.660106487125, 18447.660106487125, 18447.660106487125, 18447.660106487125, 18447.660106487125, 18447.660106487125, 18447.660106487125, 18447.660106487125, 18447.660106487125, 18447.660106487125, 18447.660106487125, 18447.660106487125, 18447.660106487125, 18447.660106487125, 18447.660106487125, 18447.660106487125, 18447.660106487125, 18447.660106487125, 18447.660106487125, 18447.660106487125, 18447.660106487125, 18447.660106487125, 18447.660106487125, 18447.660106487125, 18447.660106487125, 18447.660106487125, 18447.660106487125, 18447.660106487125, 18447.660106487125, 18447.660106487125, 18447.660106487125, 18447.660106487125, 18447.660106487125, 18447.660106487125, 18447.660106487125, 18447.660106487125, 18447.660106487125, 18447.660106487125, 18447.660106487125, 18447.660106487125, 18447.660106487125, 18447.660106487125, 18447.660106487125, 18447.660106487125, 18447.660106487125, 18447.660106487125, 18447.660106487125, 18447.660106487125, 18447.660106487125, 18447.660106487125, 18447.660106487125, 18447.660106487125, 18447.660106487125, 18447.660106487125, 18447.660106487125, 18447.660106487125, 18447.660106487125, 18447.660106487125, 18447.660106487125, 18447.660106487125, 18447.660106487125, 18447.660106487125, 18447.660106487125, 18447.660106487125, 18447.660106487125, 18447.660106487125, 18447.660106487125, 18447.660106487125, 18447.660106487125, 18447.660106487125, 18447.660106487125, 18447.660106487125, 18447.660106487125, 18447.660106487125, 18447.660106487125, 18447.660106487125, 18447.660106487125, 18447.660106487125, 18447.660106487125, 18447.660106487125, 18447.660106487125, 18447.660106487125, 18447.660106487125, 18447.660106487125, 18447.660106487125, 18447.660106487125, 18447.660106487125, 18447.660106487125, 18447.660106487125, 18447.660106487125, 18447.660106487125, 18447.660106487125, 18447.660106487125, 18447.660106487125, 18447.660106487125, 18447.660106487125, 18447.660106487125, 18447.660106487125, 18447.660106487125, 18447.660106487125, 18447.660106487125, 18447.660106487125, 18447.660106487125, 18447.660106487125, 18447.660106487125, 18447.660106487125, 18447.660106487125, 18447.660106487125, 18447.660106487125, 18447.660106487125, 18447.660106487125, 18447.660106487125, 18447.660106487125, 18447.660106487125, 18447.660106487125, 18447.660106487125, 18447.660106487125, 18447.660106487125, 18447.660106487125, 18447.660106487125, 18447.660106487125, 18447.660106487125, 18447.660106487125, 18447.660106487125, 18447.660106487125, 18447.660106487125, 18447.660106487125, 18447.660106487125, 18447.660106487125, 18447.660106487125, 18447.660106487125, 18447.660106487125, 18447.660106487125, 18447.660106487125, 18447.660106487125, 18447.660106487125, 18447.660106487125, 18447.660106487125, 18447.660106487125, 18447.660106487125, 18447.660106487125, 18447.660106487125, 18447.660106487125, 18447.660106487125, 18447.660106487125, 18447.660106487125, 18447.660106487125, 18447.660106487125, 18447.660106487125, 18447.660106487125, 18447.660106487125, 18447.660106487125, 18447.660106487125, 18447.660106487125, 18447.660106487125, 18447.660106487125, 18447.660106487125, 18447.660106487125, 18447.660106487125, 18447.660106487125, 18447.660106487125, 18447.660106487125, 18447.660106487125, 18447.660106487125, 18447.660106487125, 18447.660106487125, 18447.660106487125, 18447.660106487125, 18447.660106487125, 18447.660106487125, 18447.660106487125, 18447.660106487125, 18447.660106487125, 18447.660106487125, 18447.660106487125, 18447.660106487125, 18447.660106487125, 18447.660106487125, 18447.660106487125, 18447.660106487125, 18447.660106487125, 18447.660106487125, 18447.660106487125, 18447.660106487125, 18447.660106487125, 18447.660106487125, 18447.660106487125, 18447.660106487125, 18447.660106487125, 18447.660106487125, 18447.660106487125, 18447.660106487125, 18447.660106487125, 18447.660106487125, 18447.660106487125, 18447.660106487125, 18447.660106487125, 18447.660106487125, 18447.660106487125, 18447.660106487125, 18447.660106487125, 18439.904772142265, 18439.904772142265, 18439.904772142265, 18439.904772142265, 18439.904772142265, 18439.904772142265, 18439.904772142265, 18439.904772142265, 18439.904772142265, 18439.904772142265, 18439.904772142265, 18439.904772142265, 18439.904772142265, 18439.904772142265, 18439.904772142265, 18439.904772142265, 18439.904772142265, 18439.904772142265, 18439.904772142265, 18439.904772142265, 18439.904772142265, 18439.904772142265, 18439.904772142265, 18439.904772142265, 18439.904772142265, 18439.904772142265, 18439.904772142265, 18439.904772142265, 18439.904772142265, 18439.904772142265, 18439.904772142265, 18439.904772142265, 18439.904772142265, 18439.904772142265, 18439.904772142265, 18439.904772142265, 18439.904772142265, 18439.904772142265, 18439.904772142265, 18439.904772142265, 18439.904772142265, 18439.904772142265, 18439.904772142265, 18439.904772142265, 18439.904772142265, 18439.904772142265, 18439.904772142265, 18439.904772142265, 18439.904772142265, 18439.904772142265, 18439.904772142265, 18439.904772142265, 18439.904772142265, 18439.904772142265, 18439.904772142265, 18439.904772142265, 18439.904772142265, 18439.904772142265, 18439.904772142265, 18439.904772142265, 18439.904772142265, 18439.904772142265, 18439.904772142265, 18439.904772142265, 18439.904772142265, 18439.904772142265, 18439.904772142265, 18439.904772142265, 18437.29942573538, 18437.29942573538, 18437.29942573538, 18403.147397424564, 18403.147397424564, 18403.147397424564, 18403.147397424564, 18403.147397424564, 18403.147397424564, 18403.147397424564, 18403.147397424564, 18403.147397424564, 18403.147397424564, 18403.147397424564, 18403.147397424564, 18403.147397424564, 18373.277894852323, 18373.277894852323, 18373.277894852323, 18373.277894852323, 18373.277894852323, 18373.277894852323, 18373.277894852323, 18373.277894852323, 18373.277894852323, 18373.277894852323, 18373.277894852323, 18373.277894852323, 18373.277894852323, 18373.277894852323, 18373.277894852323, 18373.277894852323, 18373.277894852323, 18373.277894852323, 18373.277894852323, 18373.277894852323, 18373.277894852323, 18373.277894852323, 18373.277894852323, 18370.363486511687, 18360.069121834775, 18360.069121834775, 18360.069121834775, 18360.069121834775, 18360.069121834775, 18350.955265152377, 18350.955265152377, 18350.955265152377, 18350.955265152377, 18350.955265152377, 18350.955265152377, 18350.955265152377, 18350.955265152377, 18350.955265152377, 18350.955265152377, 18350.955265152377, 18350.955265152377, 18350.955265152377, 18350.955265152377, 18350.955265152377, 18350.955265152377, 18350.955265152377, 18350.955265152377, 18344.70900792195, 18344.70900792195, 18344.70900792195, 18344.70900792195, 18344.70900792195, 18344.70900792195, 18344.70900792195, 18344.70900792195, 18344.70900792195, 18344.70900792195, 18344.70900792195, 18344.70900792195, 18344.70900792195, 18344.70900792195, 18344.70900792195, 18344.70900792195, 18344.70900792195, 18344.70900792195, 18344.70900792195, 18344.70900792195, 18344.70900792195, 18344.70900792195, 18344.70900792195, 18344.70900792195, 18344.70900792195, 18344.70900792195, 18344.70900792195, 18344.70900792195, 18344.70900792195, 18344.70900792195, 18344.70900792195, 18344.70900792195, 18344.70900792195, 18344.70900792195, 18344.70900792195, 18344.70900792195, 18344.70900792195, 18344.70900792195, 18344.70900792195, 18344.70900792195, 18344.70900792195, 18344.70900792195, 18344.70900792195, 18344.70900792195, 18344.70900792195, 18268.113978150297, 18268.113978150297, 18268.113978150297, 18268.113978150297, 18268.113978150297, 18268.113978150297, 18268.113978150297, 18268.113978150297, 18268.113978150297, 18268.113978150297, 18268.113978150297, 18268.113978150297, 18268.113978150297, 18268.113978150297, 18268.113978150297, 18268.113978150297, 18268.113978150297, 18268.113978150297, 18268.113978150297, 18268.113978150297, 18268.113978150297, 18268.113978150297, 18268.113978150297, 18268.113978150297, 18268.113978150297, 18268.113978150297, 18268.113978150297, 18268.113978150297, 18268.113978150297, 18268.113978150297, 18268.113978150297, 18268.113978150297, 18268.113978150297, 18268.113978150297, 18268.113978150297, 18268.113978150297, 18268.113978150297, 18268.113978150297, 18268.113978150297, 18268.113978150297, 18268.113978150297, 18268.113978150297, 18268.113978150297, 18268.113978150297, 18268.113978150297, 18268.113978150297, 18268.113978150297, 18268.113978150297, 18268.113978150297, 18268.113978150297, 18268.113978150297, 18268.113978150297, 18268.113978150297, 18268.113978150297, 18268.113978150297, 18268.113978150297, 18268.113978150297, 18268.113978150297, 18268.113978150297, 18268.113978150297, 18268.113978150297, 18268.113978150297, 18268.113978150297, 18268.113978150297, 18268.113978150297, 18268.113978150297, 18268.113978150297, 18268.113978150297, 18268.113978150297, 18268.113978150297, 18268.113978150297, 18268.113978150297, 18268.113978150297, 18268.113978150297, 18268.113978150297, 18268.113978150297, 18268.113978150297, 18268.113978150297, 18268.113978150297, 18268.113978150297, 18268.113978150297, 18268.113978150297, 18268.113978150297, 18268.113978150297, 18268.113978150297, 18268.113978150297, 18268.113978150297, 18268.113978150297, 18268.113978150297, 18268.113978150297, 18268.113978150297, 18251.24478138267, 18251.24478138267, 18251.24478138267, 18251.24478138267, 18251.24478138267, 18251.24478138267, 18251.24478138267, 18251.24478138267, 18251.24478138267, 18251.24478138267, 18251.24478138267, 18251.24478138267, 18251.24478138267, 18251.24478138267, 18251.24478138267, 18251.24478138267, 18251.24478138267, 18251.24478138267, 18251.24478138267, 18251.24478138267, 18251.24478138267, 18251.24478138267, 18251.24478138267, 18251.24478138267, 18251.24478138267, 18251.24478138267, 18251.24478138267, 18251.24478138267, 18251.24478138267, 18251.24478138267, 18251.24478138267, 18251.24478138267, 18251.24478138267, 18251.24478138267, 18251.24478138267, 18251.24478138267, 18251.24478138267, 18251.24478138267, 18251.24478138267, 18251.24478138267, 18251.24478138267, 18251.24478138267, 18251.24478138267, 18251.24478138267, 18251.24478138267, 18251.24478138267, 18251.24478138267, 18251.24478138267, 18251.24478138267, 18251.24478138267, 18251.24478138267, 18251.24478138267, 18251.24478138267, 18251.24478138267, 18251.24478138267, 18251.24478138267, 18251.24478138267, 18251.24478138267, 18251.24478138267, 18251.24478138267, 18251.24478138267, 18251.24478138267, 18251.24478138267, 18251.24478138267, 18251.24478138267, 18251.24478138267, 18251.24478138267, 18251.24478138267, 18251.24478138267, 18251.24478138267, 18251.24478138267, 18251.24478138267, 18251.24478138267, 18251.24478138267, 18251.24478138267, 18251.24478138267, 18251.24478138267, 18251.24478138267, 18251.24478138267, 18251.24478138267, 18251.24478138267, 18251.24478138267, 18251.24478138267, 18251.24478138267, 18251.24478138267, 18251.24478138267, 18251.24478138267, 18251.24478138267, 18251.24478138267, 18251.24478138267, 18251.24478138267, 18251.24478138267, 18251.24478138267, 18251.24478138267, 18251.24478138267, 18251.24478138267, 18251.24478138267, 18251.24478138267, 18251.24478138267, 18251.24478138267, 18251.24478138267, 18251.24478138267, 18251.24478138267, 18251.24478138267, 18251.24478138267, 18251.24478138267, 18251.24478138267, 18251.24478138267, 18251.24478138267, 18251.24478138267, 18251.24478138267, 18251.24478138267, 18251.24478138267, 18251.24478138267, 18251.24478138267, 18251.24478138267, 18251.24478138267, 18251.24478138267, 18251.24478138267, 18251.24478138267, 18251.24478138267, 18251.24478138267, 18251.24478138267, 18251.24478138267, 18251.24478138267, 18251.24478138267, 18251.24478138267, 18251.24478138267, 18251.24478138267, 18251.24478138267, 18251.24478138267, 18251.24478138267, 18251.24478138267, 18251.24478138267, 18251.24478138267, 18251.24478138267, 18251.24478138267, 18251.24478138267, 18251.24478138267, 18251.24478138267, 18251.24478138267, 18251.24478138267, 18251.24478138267, 18251.24478138267, 18251.24478138267, 18251.24478138267, 18251.24478138267, 18251.24478138267, 18251.24478138267, 18251.24478138267, 18251.24478138267, 18251.24478138267, 18251.24478138267, 18251.24478138267, 18251.24478138267, 18251.24478138267, 18245.375794791154, 18245.375794791154, 18245.375794791154, 18245.375794791154, 18245.375794791154, 18245.375794791154, 18245.375794791154, 18245.375794791154, 18245.375794791154, 18245.375794791154, 18245.375794791154, 18245.375794791154, 18245.375794791154, 18245.375794791154, 18245.375794791154, 18245.375794791154, 18245.375794791154, 18245.375794791154, 18245.375794791154, 18245.375794791154, 18245.375794791154, 18245.375794791154, 18245.375794791154, 18245.375794791154, 18245.375794791154, 18245.375794791154, 18245.375794791154, 18245.375794791154, 18245.375794791154, 18245.375794791154, 18245.375794791154, 18245.375794791154, 18245.375794791154, 18245.375794791154, 18245.375794791154, 18245.375794791154, 18245.375794791154, 18245.375794791154, 18245.375794791154, 18244.327684787357, 18244.327684787357, 18132.249179890143, 18132.249179890143, 18132.249179890143, 18132.249179890143, 18132.249179890143, 18132.249179890143, 18132.249179890143, 18132.249179890143, 18132.249179890143, 18132.249179890143, 18132.249179890143, 18132.249179890143, 18130.556598224895, 18130.556598224895, 18130.556598224895, 18130.556598224895, 18130.556598224895, 18130.556598224895, 18130.556598224895, 18130.556598224895, 18130.556598224895, 18130.556598224895, 18130.556598224895, 18130.556598224895, 18130.556598224895, 18130.556598224895, 18130.556598224895, 18130.556598224895, 18130.556598224895, 18130.556598224895, 18130.556598224895, 18130.556598224895, 18130.556598224895, 18130.556598224895, 18130.556598224895, 18130.556598224895, 18130.556598224895, 18130.556598224895, 18130.556598224895, 18130.556598224895, 18130.556598224895, 18130.556598224895, 18130.556598224895, 18130.556598224895, 18130.556598224895, 18130.556598224895, 18130.556598224895, 18130.556598224895, 18130.556598224895, 18130.556598224895, 18130.556598224895, 18130.556598224895, 18130.556598224895, 18130.556598224895, 18130.556598224895, 18130.556598224895, 18130.556598224895, 18130.556598224895, 18130.556598224895, 18130.556598224895, 18130.556598224895, 18130.556598224895, 18130.556598224895, 18130.556598224895, 18130.556598224895, 18130.556598224895, 18130.556598224895, 18130.556598224895, 18130.556598224895, 18130.556598224895, 18130.556598224895, 18130.556598224895, 18130.556598224895, 18130.556598224895, 18130.556598224895, 18119.934431079826, 18119.934431079826, 18119.934431079826, 18119.934431079826, 18119.934431079826, 18119.934431079826, 18119.934431079826, 18119.934431079826, 18119.934431079826, 18119.934431079826, 18119.934431079826, 18119.934431079826, 18119.934431079826, 18119.934431079826, 18119.934431079826, 18119.934431079826, 18119.934431079826, 18119.934431079826, 18119.934431079826, 18119.934431079826, 18119.934431079826, 18119.934431079826, 18119.934431079826, 18119.934431079826, 18119.934431079826, 18119.934431079826, 18119.934431079826, 18119.934431079826, 18119.934431079826, 18119.934431079826, 18119.934431079826, 18119.934431079826, 18119.934431079826, 18119.934431079826, 18119.934431079826, 18119.934431079826, 18116.399115514385, 18116.399115514385, 18116.399115514385, 18116.399115514385, 18116.399115514385, 18116.399115514385, 18116.399115514385, 18116.399115514385, 18116.399115514385, 18116.399115514385, 18116.399115514385, 18116.399115514385, 18116.399115514385, 18116.399115514385, 18116.399115514385, 18116.399115514385, 18116.399115514385, 18116.399115514385, 18116.399115514385, 18116.399115514385, 18116.399115514385, 18116.399115514385, 18116.399115514385, 18116.399115514385, 18116.399115514385, 18116.399115514385, 18116.399115514385, 18116.399115514385, 18116.399115514385, 18116.399115514385, 18116.399115514385, 18116.399115514385, 18116.399115514385, 18116.399115514385, 18116.399115514385, 18116.399115514385, 18116.399115514385, 18116.399115514385, 18116.399115514385, 18116.399115514385, 18116.399115514385, 18116.399115514385, 18116.399115514385, 18116.399115514385, 18116.399115514385, 18116.399115514385, 18116.399115514385, 18116.399115514385, 18116.399115514385, 18116.399115514385, 18116.399115514385, 18116.399115514385, 18116.399115514385, 18116.399115514385, 18116.399115514385, 18116.399115514385, 18116.399115514385, 18116.399115514385, 18116.399115514385, 18116.399115514385, 18116.399115514385, 18116.399115514385, 18116.399115514385, 18116.399115514385, 18116.399115514385, 18116.399115514385, 18116.399115514385, 18116.399115514385, 18116.399115514385, 18116.399115514385, 18116.399115514385, 18116.399115514385, 18116.399115514385, 18116.399115514385, 18116.399115514385, 18116.399115514385, 18116.399115514385, 18080.546685428435, 18080.546685428435, 18080.546685428435, 18080.546685428435, 18080.546685428435, 18080.546685428435, 18080.546685428435, 18080.546685428435, 18080.546685428435, 18080.546685428435, 18080.546685428435, 18080.546685428435, 18080.546685428435, 18080.546685428435, 18080.546685428435, 18080.546685428435, 18080.546685428435, 18080.546685428435, 18080.546685428435, 18080.546685428435, 18080.546685428435, 18080.546685428435, 18080.546685428435, 18080.546685428435, 18080.546685428435, 18080.546685428435, 18080.546685428435, 18080.546685428435, 18080.546685428435, 18080.546685428435, 18080.546685428435, 18080.546685428435, 18080.546685428435, 18080.546685428435, 18080.546685428435, 18080.546685428435, 18080.546685428435, 18080.546685428435, 18080.546685428435, 18080.546685428435, 18080.546685428435, 18080.546685428435, 18080.546685428435, 18080.546685428435, 18080.546685428435, 18080.546685428435, 18080.546685428435, 18080.546685428435, 18080.546685428435, 18080.546685428435, 18080.546685428435, 18080.546685428435, 18080.546685428435, 18080.546685428435, 18080.546685428435, 18080.546685428435, 18080.546685428435, 18080.546685428435, 18080.546685428435, 18080.546685428435, 18080.546685428435, 18080.546685428435, 18080.546685428435, 18080.546685428435, 18080.546685428435, 18080.546685428435, 18080.546685428435, 18080.546685428435, 18080.546685428435, 18080.546685428435, 18080.546685428435, 18080.546685428435, 18080.546685428435, 18080.546685428435, 18080.546685428435, 18080.546685428435, 18080.546685428435, 18080.546685428435, 18080.546685428435, 18080.546685428435, 18080.546685428435, 18080.546685428435, 18080.546685428435, 18080.546685428435, 18080.546685428435, 18080.546685428435, 18080.546685428435, 18080.546685428435, 18080.546685428435, 18080.546685428435, 18080.546685428435, 18080.546685428435, 18080.546685428435, 18080.546685428435, 18080.546685428435, 18080.546685428435, 18061.645042071894, 18061.645042071894, 18061.645042071894, 18061.645042071894, 18061.645042071894, 18061.645042071894, 18061.645042071894, 18061.645042071894, 18061.645042071894, 18061.645042071894, 18061.645042071894, 18061.645042071894, 18061.645042071894, 18061.645042071894, 18061.645042071894, 18061.645042071894, 18061.645042071894, 18061.645042071894, 18061.645042071894, 18061.645042071894, 18061.645042071894, 18061.645042071894, 18061.645042071894, 18061.645042071894, 18061.645042071894, 18061.645042071894, 18061.645042071894, 18061.645042071894, 18061.645042071894, 18061.645042071894, 18061.645042071894, 18061.645042071894, 18061.645042071894, 18061.645042071894, 18061.645042071894, 18061.645042071894, 18061.645042071894, 18061.645042071894, 18061.645042071894, 18061.645042071894, 18061.645042071894, 18061.645042071894, 18061.645042071894, 18061.645042071894, 18061.645042071894, 18061.645042071894, 18061.645042071894, 18061.645042071894, 18061.645042071894, 18061.645042071894, 18061.645042071894, 18061.645042071894, 18061.645042071894, 18061.645042071894, 18061.645042071894, 18061.645042071894, 18061.645042071894, 18061.645042071894, 18061.645042071894, 18061.645042071894, 18061.645042071894, 18061.645042071894, 18061.645042071894, 18061.645042071894, 18061.645042071894, 18061.645042071894, 18061.645042071894, 18061.645042071894, 18061.645042071894, 18061.645042071894, 18061.645042071894, 18061.645042071894, 18061.645042071894, 18061.645042071894, 18061.645042071894, 18061.645042071894, 18061.645042071894, 18061.645042071894, 18061.645042071894, 18061.645042071894, 18061.645042071894, 18061.645042071894, 18061.645042071894, 18061.645042071894, 18061.645042071894, 18061.645042071894, 18061.645042071894, 18061.645042071894, 18061.645042071894, 18061.645042071894, 18061.645042071894, 18061.645042071894, 18061.645042071894, 18061.645042071894, 18061.645042071894, 18061.645042071894, 18061.645042071894, 18061.645042071894, 18061.645042071894, 18061.645042071894, 18045.669812098637, 18045.669812098637, 18045.669812098637, 18045.669812098637, 18045.669812098637, 18045.669812098637, 18045.669812098637, 18045.669812098637, 18045.669812098637, 18045.669812098637, 18045.669812098637, 18045.669812098637, 18045.669812098637, 18045.669812098637, 18045.669812098637, 18045.669812098637, 18045.669812098637, 18045.669812098637, 18045.669812098637, 18045.669812098637, 18045.669812098637, 18045.669812098637, 18045.669812098637, 18045.669812098637, 18045.669812098637, 18045.669812098637, 18045.669812098637, 18045.669812098637, 18045.669812098637, 18045.669812098637, 18045.669812098637, 18045.669812098637, 18044.57595434617, 18044.57595434617, 18044.57595434617, 18044.57595434617, 18044.57595434617, 18044.57595434617, 18044.57595434617, 18044.57595434617, 18044.57595434617, 18044.57595434617, 18044.57595434617, 18044.57595434617, 18044.57595434617, 18044.57595434617, 18044.57595434617, 18044.57595434617, 18044.57595434617, 18044.57595434617, 18044.57595434617, 18044.57595434617, 18044.57595434617, 18044.57595434617, 18044.57595434617, 18044.57595434617, 18044.57595434617, 18044.57595434617, 18044.57595434617, 18044.57595434617, 18044.57595434617, 18044.57595434617, 18044.57595434617, 18044.57595434617, 18044.57595434617, 18044.57595434617, 18044.57595434617, 18044.57595434617, 18044.57595434617, 18044.57595434617, 18044.57595434617, 18044.57595434617, 18040.68434378785, 18040.68434378785, 18040.68434378785, 18040.68434378785, 18040.68434378785, 18040.68434378785, 18040.68434378785, 18040.68434378785, 18040.68434378785, 18040.68434378785, 18040.68434378785, 18040.68434378785, 18040.68434378785, 18040.68434378785, 18040.68434378785, 18040.68434378785, 18040.68434378785, 18040.68434378785, 18040.68434378785, 18040.68434378785, 18040.68434378785, 18040.68434378785, 18040.68434378785, 18040.68434378785, 18040.68434378785, 18040.68434378785, 18040.68434378785, 18040.68434378785, 18040.68434378785, 18040.68434378785, 18040.68434378785, 18040.68434378785, 18040.68434378785, 18040.68434378785, 18040.68434378785, 18040.68434378785, 18040.68434378785, 18040.68434378785, 18040.68434378785, 18040.68434378785, 18040.68434378785, 18040.68434378785, 18040.68434378785, 18040.68434378785, 18040.68434378785, 18040.68434378785, 18040.68434378785, 18040.68434378785, 18040.68434378785, 18040.68434378785, 18040.68434378785, 18040.68434378785, 18040.68434378785, 18040.68434378785, 18040.68434378785, 18040.68434378785, 18040.68434378785, 18040.68434378785, 18040.68434378785, 18040.68434378785, 18040.68434378785, 18040.68434378785, 18040.68434378785, 18040.68434378785, 18040.68434378785, 18040.68434378785, 18040.68434378785, 18040.68434378785, 18040.68434378785, 18040.68434378785, 18040.68434378785, 18040.68434378785, 18040.68434378785, 18040.68434378785, 18040.68434378785, 18040.68434378785, 18040.68434378785, 18040.68434378785, 18040.68434378785, 18040.68434378785, 18040.68434378785, 18040.68434378785, 18040.68434378785, 18040.68434378785, 18040.68434378785, 18040.68434378785, 18040.68434378785, 18040.68434378785, 18040.68434378785, 18040.68434378785, 18040.68434378785, 18040.68434378785, 18040.68434378785, 18040.68434378785, 18040.68434378785, 18040.68434378785, 18040.68434378785, 18040.68434378785, 18040.68434378785, 18040.68434378785, 18040.68434378785, 18040.68434378785, 18040.68434378785, 18040.68434378785, 18040.68434378785, 18040.68434378785, 18040.68434378785, 18040.68434378785, 18040.68434378785, 18040.68434378785, 18040.68434378785, 18040.68434378785, 18040.68434378785, 18040.68434378785, 18040.68434378785, 18040.68434378785, 18040.68434378785, 18040.68434378785, 18040.68434378785, 18040.68434378785, 18040.68434378785, 18040.68434378785, 18040.68434378785, 18040.68434378785, 18040.68434378785, 18040.68434378785, 18040.68434378785, 18040.68434378785, 18040.68434378785, 18040.68434378785, 18040.68434378785, 18040.68434378785, 18040.68434378785, 18040.68434378785, 18040.68434378785, 18040.68434378785, 18040.68434378785, 18040.68434378785, 18040.68434378785, 18040.68434378785, 18040.68434378785, 18040.68434378785, 18040.68434378785, 18040.68434378785, 18040.68434378785, 18040.68434378785, 18040.68434378785, 18040.68434378785, 18040.68434378785, 18040.68434378785, 18040.68434378785, 18040.68434378785, 18040.68434378785, 18040.68434378785, 18040.68434378785, 18040.68434378785, 18040.68434378785, 18040.68434378785, 18040.68434378785, 18040.68434378785, 18040.68434378785, 18040.68434378785, 18040.68434378785, 18040.68434378785, 18040.68434378785, 18040.68434378785, 18040.68434378785, 18040.68434378785, 18040.68434378785, 18040.68434378785, 18040.68434378785, 18040.68434378785, 18040.68434378785, 18040.68434378785, 18040.68434378785, 18040.68434378785, 18040.68434378785, 18040.68434378785, 18040.68434378785, 18040.68434378785, 18040.68434378785, 18040.68434378785, 18040.68434378785, 18040.68434378785, 18040.68434378785, 18040.68434378785, 18040.68434378785, 18040.68434378785, 18040.68434378785, 18040.68434378785, 18040.68434378785, 18040.68434378785, 18040.68434378785, 18040.68434378785, 18040.68434378785, 18040.68434378785, 18040.68434378785, 18040.68434378785, 18040.68434378785, 18040.68434378785, 18040.68434378785, 18040.68434378785, 18040.68434378785, 18040.68434378785, 18040.68434378785, 18040.68434378785, 18040.68434378785, 18040.68434378785, 18040.68434378785, 18040.68434378785, 18040.68434378785, 18040.68434378785, 18040.68434378785, 18040.68434378785, 18040.68434378785, 18040.68434378785, 18040.68434378785, 18040.68434378785, 18040.68434378785, 18040.68434378785, 18040.68434378785, 18040.68434378785, 18040.68434378785, 18040.68434378785, 18040.68434378785, 18040.68434378785, 18040.68434378785, 18040.68434378785, 18040.68434378785, 18040.68434378785, 18040.68434378785, 18040.68434378785, 18040.68434378785, 18040.68434378785, 18040.68434378785, 18040.68434378785, 18040.68434378785, 18040.68434378785, 18040.68434378785, 18040.68434378785, 18040.68434378785, 18040.68434378785, 18040.68434378785, 18040.68434378785, 18040.68434378785, 18040.68434378785, 18040.68434378785, 18040.68434378785, 18040.68434378785, 18040.68434378785, 18040.68434378785, 18040.68434378785, 18040.68434378785, 18040.68434378785, 18040.68434378785, 18040.68434378785, 18040.68434378785, 18040.68434378785, 18040.68434378785, 18040.68434378785, 18040.68434378785, 18040.68434378785, 18040.68434378785, 18040.68434378785, 18040.68434378785, 18040.68434378785, 18040.68434378785, 18040.68434378785, 18040.68434378785, 18040.68434378785, 18040.68434378785, 18040.68434378785, 18040.68434378785, 18040.68434378785, 18040.68434378785, 18040.68434378785, 18040.68434378785, 18040.68434378785, 18040.68434378785, 18040.68434378785, 18040.68434378785, 18040.68434378785, 18040.68434378785, 18040.68434378785, 18040.68434378785, 18040.68434378785, 18040.68434378785, 18040.68434378785, 18040.68434378785, 18040.68434378785, 18040.68434378785, 18040.68434378785, 18040.68434378785, 18040.68434378785, 18040.68434378785, 18040.68434378785, 18040.68434378785, 18040.68434378785, 18040.68434378785, 18040.68434378785, 18040.68434378785, 18034.474472825106, 18034.474472825106, 18034.474472825106, 18034.474472825106, 18034.474472825106, 18034.474472825106, 18034.474472825106, 18034.474472825106, 18034.474472825106, 18034.474472825106, 18034.474472825106, 18034.474472825106, 18034.474472825106, 18034.474472825106, 18034.474472825106, 18034.474472825106, 18034.474472825106, 18034.474472825106, 18034.474472825106, 18034.474472825106, 18034.474472825106, 18034.474472825106, 18034.474472825106, 18034.474472825106, 18034.474472825106, 18034.474472825106, 18034.474472825106, 18034.474472825106, 18034.474472825106, 18034.474472825106, 18034.474472825106, 18034.474472825106, 18034.474472825106, 18034.474472825106, 18034.474472825106, 18034.474472825106, 18034.474472825106, 18034.474472825106, 18034.474472825106, 18034.474472825106, 18034.474472825106, 18034.474472825106, 18034.474472825106, 18034.474472825106, 18034.474472825106, 18034.474472825106, 18034.474472825106, 18034.474472825106, 18034.474472825106, 18034.474472825106, 18034.474472825106, 18034.474472825106, 18034.474472825106, 18034.474472825106, 18034.474472825106, 18034.474472825106, 18034.474472825106, 18034.474472825106, 18034.474472825106, 18034.474472825106, 18034.474472825106, 18034.474472825106, 18034.474472825106, 18034.474472825106, 18034.474472825106, 18034.474472825106, 18034.474472825106, 18028.151990794046, 18028.151990794046, 18028.151990794046, 18028.151990794046, 18028.151990794046, 18028.151990794046, 18028.151990794046, 18028.151990794046, 18028.151990794046, 18028.151990794046, 18028.151990794046, 18028.151990794046, 18028.151990794046, 18028.151990794046, 18028.151990794046, 18028.151990794046, 18028.151990794046, 18028.151990794046, 18028.151990794046, 18028.151990794046, 18028.151990794046, 18028.151990794046, 17969.28510818582, 17969.28510818582, 17969.28510818582, 17969.28510818582, 17969.28510818582, 17969.28510818582, 17969.28510818582, 17969.28510818582, 17969.28510818582, 17969.28510818582, 17969.28510818582, 17969.28510818582, 17969.28510818582, 17969.28510818582, 17969.28510818582, 17969.28510818582, 17969.28510818582, 17969.28510818582, 17969.28510818582, 17969.28510818582, 17969.28510818582, 17969.28510818582, 17921.924787958284, 17921.924787958284, 17921.924787958284, 17921.924787958284, 17921.924787958284, 17921.924787958284, 17921.924787958284, 17921.924787958284, 17921.924787958284, 17921.924787958284, 17921.924787958284, 17921.924787958284, 17921.924787958284, 17921.924787958284, 17921.924787958284, 17921.924787958284, 17921.924787958284, 17921.924787958284, 17921.924787958284, 17921.924787958284, 17921.924787958284, 17921.924787958284, 17921.924787958284, 17921.924787958284, 17921.924787958284, 17921.924787958284, 17921.924787958284, 17921.924787958284, 17921.924787958284, 17921.924787958284, 17921.924787958284, 17921.924787958284, 17921.924787958284, 17921.924787958284, 17921.924787958284, 17921.924787958284, 17921.924787958284, 17921.924787958284, 17921.924787958284, 17921.924787958284, 17921.924787958284, 17921.924787958284, 17921.924787958284, 17921.924787958284, 17921.924787958284, 17921.924787958284, 17921.924787958284, 17921.924787958284, 17921.924787958284, 17921.924787958284, 17921.924787958284, 17921.924787958284, 17921.924787958284, 17921.924787958284, 17921.924787958284, 17921.924787958284, 17921.924787958284, 17921.924787958284, 17921.924787958284, 17921.924787958284, 17921.924787958284, 17921.924787958284, 17921.924787958284, 17921.924787958284, 17921.924787958284, 17921.924787958284, 17921.924787958284, 17921.924787958284, 17921.924787958284, 17921.924787958284, 17921.924787958284, 17921.924787958284, 17921.924787958284, 17921.924787958284, 17921.924787958284, 17921.924787958284, 17921.924787958284, 17921.924787958284, 17921.924787958284, 17921.924787958284, 17921.924787958284, 17921.924787958284, 17921.924787958284, 17921.924787958284, 17921.924787958284, 17921.924787958284, 17921.924787958284, 17921.924787958284, 17921.924787958284, 17921.924787958284, 17921.924787958284, 17921.924787958284, 17921.924787958284, 17921.924787958284, 17921.924787958284, 17921.924787958284, 17921.924787958284, 17921.924787958284, 17921.924787958284, 17921.924787958284, 17921.924787958284, 17921.924787958284, 17921.924787958284, 17921.924787958284, 17921.924787958284, 17921.924787958284, 17921.924787958284, 17921.924787958284, 17921.924787958284, 17921.924787958284, 17921.924787958284, 17921.924787958284, 17921.924787958284, 17920.00237743208, 17920.00237743208, 17920.00237743208, 17920.00237743208, 17920.00237743208, 17920.00237743208, 17920.00237743208, 17920.00237743208, 17920.00237743208, 17920.00237743208, 17920.00237743208, 17920.00237743208, 17920.00237743208, 17920.00237743208, 17920.00237743208, 17920.00237743208, 17920.00237743208, 17920.00237743208, 17920.00237743208, 17920.00237743208, 17920.00237743208, 17920.00237743208, 17920.00237743208, 17920.00237743208, 17920.00237743208, 17920.00237743208, 17920.00237743208, 17920.00237743208, 17920.00237743208, 17920.00237743208, 17920.00237743208, 17920.00237743208, 17920.00237743208, 17920.00237743208, 17920.00237743208, 17920.00237743208, 17920.00237743208, 17920.00237743208, 17920.00237743208, 17920.00237743208, 17920.00237743208, 17920.00237743208, 17920.00237743208, 17920.00237743208, 17920.00237743208, 17920.00237743208, 17920.00237743208, 17920.00237743208, 17920.00237743208, 17920.00237743208, 17920.00237743208, 17920.00237743208, 17920.00237743208, 17920.00237743208, 17920.00237743208, 17920.00237743208, 17920.00237743208, 17920.00237743208, 17920.00237743208, 17920.00237743208, 17920.00237743208, 17920.00237743208, 17920.00237743208, 17920.00237743208, 17920.00237743208, 17920.00237743208, 17920.00237743208, 17920.00237743208, 17920.00237743208, 17920.00237743208, 17920.00237743208, 17920.00237743208, 17920.00237743208, 17920.00237743208, 17920.00237743208, 17920.00237743208, 17920.00237743208, 17920.00237743208, 17920.00237743208, 17920.00237743208, 17920.00237743208, 17920.00237743208, 17920.00237743208, 17920.00237743208, 17920.00237743208, 17920.00237743208, 17920.00237743208, 17920.00237743208, 17920.00237743208, 17920.00237743208, 17920.00237743208, 17920.00237743208, 17920.00237743208, 17920.00237743208, 17920.00237743208, 17920.00237743208, 17920.00237743208, 17920.00237743208, 17920.00237743208, 17920.00237743208, 17920.00237743208, 17920.00237743208, 17920.00237743208, 17920.00237743208, 17920.00237743208, 17920.00237743208, 17920.00237743208, 17920.00237743208, 17920.00237743208, 17920.00237743208, 17920.00237743208, 17920.00237743208, 17920.00237743208, 17920.00237743208, 17920.00237743208, 17920.00237743208, 17920.00237743208, 17920.00237743208, 17920.00237743208, 17920.00237743208, 17920.00237743208, 17920.00237743208, 17920.00237743208, 17920.00237743208, 17920.00237743208, 17920.00237743208, 17920.00237743208, 17920.00237743208, 17920.00237743208, 17920.00237743208, 17920.00237743208, 17920.00237743208, 17920.00237743208, 17920.00237743208, 17920.00237743208, 17920.00237743208, 17920.00237743208, 17920.00237743208, 17920.00237743208, 17920.00237743208, 17920.00237743208, 17920.00237743208, 17920.00237743208, 17920.00237743208, 17920.00237743208, 17920.00237743208, 17920.00237743208, 17920.00237743208, 17920.00237743208, 17920.00237743208, 17920.00237743208, 17920.00237743208, 17920.00237743208, 17920.00237743208, 17920.00237743208, 17920.00237743208, 17920.00237743208, 17920.00237743208, 17920.00237743208, 17920.00237743208, 17920.00237743208, 17920.00237743208, 17920.00237743208, 17920.00237743208, 17920.00237743208, 17920.00237743208, 17920.00237743208, 17920.00237743208, 17920.00237743208, 17920.00237743208, 17920.00237743208, 17920.00237743208, 17920.00237743208, 17920.00237743208, 17920.00237743208, 17920.00237743208, 17920.00237743208, 17920.00237743208, 17920.00237743208, 17920.00237743208, 17920.00237743208, 17920.00237743208, 17920.00237743208, 17920.00237743208, 17920.00237743208, 17920.00237743208, 17920.00237743208, 17920.00237743208, 17920.00237743208, 17920.00237743208, 17920.00237743208, 17920.00237743208, 17920.00237743208, 17920.00237743208, 17920.00237743208, 17920.00237743208, 17920.00237743208, 17920.00237743208, 17920.00237743208, 17920.00237743208, 17920.00237743208, 17920.00237743208, 17920.00237743208, 17920.00237743208, 17920.00237743208, 17920.00237743208, 17920.00237743208, 17920.00237743208, 17920.00237743208, 17920.00237743208, 17920.00237743208, 17920.00237743208, 17920.00237743208, 17920.00237743208, 17920.00237743208, 17920.00237743208, 17920.00237743208, 17920.00237743208, 17920.00237743208, 17920.00237743208, 17920.00237743208, 17920.00237743208, 17920.00237743208, 17920.00237743208, 17920.00237743208, 17920.00237743208, 17920.00237743208, 17920.00237743208, 17920.00237743208, 17915.29037481469, 17915.29037481469, 17915.29037481469, 17915.29037481469, 17915.29037481469, 17915.29037481469, 17915.29037481469, 17915.29037481469, 17915.29037481469, 17915.29037481469, 17915.29037481469, 17915.29037481469, 17915.29037481469, 17915.29037481469, 17915.29037481469, 17915.29037481469, 17915.29037481469, 17915.29037481469, 17915.29037481469, 17915.29037481469, 17915.29037481469, 17915.29037481469, 17915.29037481469, 17915.29037481469, 17915.29037481469, 17915.29037481469, 17915.29037481469, 17915.29037481469, 17915.29037481469, 17915.29037481469, 17915.29037481469, 17915.29037481469, 17915.29037481469, 17915.29037481469, 17915.29037481469, 17915.29037481469, 17915.29037481469, 17915.29037481469, 17915.29037481469, 17915.29037481469, 17915.29037481469, 17915.29037481469, 17915.29037481469, 17915.29037481469, 17915.29037481469, 17915.29037481469, 17915.29037481469, 17915.29037481469, 17915.29037481469, 17915.29037481469, 17915.29037481469, 17915.29037481469, 17915.29037481469, 17915.29037481469, 17915.29037481469, 17915.29037481469, 17915.29037481469, 17915.29037481469, 17915.29037481469, 17915.29037481469, 17915.29037481469, 17915.29037481469, 17915.29037481469, 17915.29037481469, 17915.29037481469, 17915.29037481469, 17915.29037481469, 17915.29037481469, 17915.29037481469, 17915.29037481469, 17915.29037481469, 17915.29037481469, 17915.29037481469, 17915.29037481469, 17915.29037481469, 17915.29037481469, 17915.29037481469, 17915.29037481469, 17915.29037481469, 17915.29037481469, 17915.29037481469, 17915.29037481469, 17915.29037481469, 17915.29037481469, 17915.29037481469, 17915.29037481469, 17915.29037481469, 17915.29037481469, 17915.29037481469, 17915.29037481469, 17915.29037481469, 17915.29037481469, 17915.29037481469, 17915.29037481469, 17915.29037481469, 17915.29037481469, 17915.29037481469, 17915.29037481469, 17915.29037481469, 17915.29037481469, 17915.29037481469, 17915.29037481469, 17915.29037481469, 17915.29037481469, 17915.29037481469, 17915.29037481469, 17915.29037481469, 17915.29037481469, 17915.29037481469, 17915.29037481469, 17915.29037481469, 17915.29037481469, 17915.29037481469, 17915.29037481469, 17915.29037481469, 17915.29037481469, 17915.29037481469, 17915.29037481469, 17915.29037481469, 17915.29037481469, 17915.29037481469, 17915.29037481469, 17915.29037481469, 17915.29037481469, 17915.29037481469, 17915.29037481469, 17915.29037481469, 17915.29037481469, 17915.29037481469, 17915.29037481469, 17915.29037481469, 17915.29037481469, 17915.29037481469, 17915.29037481469, 17915.29037481469, 17915.29037481469, 17915.29037481469, 17915.29037481469, 17915.29037481469, 17915.29037481469, 17915.29037481469, 17915.29037481469, 17915.29037481469, 17915.29037481469, 17915.29037481469, 17915.29037481469, 17915.29037481469, 17915.29037481469, 17915.29037481469, 17915.29037481469, 17915.29037481469, 17915.29037481469, 17915.29037481469, 17915.29037481469, 17915.29037481469, 17915.29037481469, 17915.29037481469, 17915.29037481469, 17915.29037481469, 17915.29037481469, 17915.29037481469, 17915.29037481469, 17915.29037481469, 17915.29037481469, 17915.29037481469, 17915.29037481469, 17915.29037481469, 17915.29037481469, 17915.29037481469, 17915.29037481469, 17915.29037481469, 17915.29037481469, 17915.29037481469, 17915.29037481469, 17915.29037481469, 17915.29037481469, 17915.29037481469, 17915.29037481469, 17915.29037481469, 17915.29037481469, 17915.29037481469, 17915.29037481469, 17915.29037481469, 17915.29037481469, 17915.29037481469, 17915.29037481469, 17915.29037481469, 17915.29037481469, 17915.29037481469, 17915.29037481469, 17915.29037481469, 17915.29037481469, 17915.29037481469, 17915.29037481469, 17915.29037481469, 17915.29037481469, 17915.29037481469, 17915.29037481469, 17915.29037481469, 17915.29037481469, 17915.29037481469, 17915.29037481469, 17915.29037481469, 17915.29037481469, 17915.29037481469, 17915.29037481469, 17915.29037481469, 17915.29037481469, 17915.29037481469, 17915.29037481469, 17915.29037481469, 17915.29037481469, 17915.29037481469, 17915.29037481469, 17915.29037481469, 17915.29037481469, 17915.29037481469, 17915.29037481469, 17915.29037481469, 17915.29037481469, 17915.29037481469, 17915.29037481469, 17915.29037481469, 17915.29037481469, 17915.29037481469, 17915.29037481469, 17915.29037481469, 17915.29037481469, 17915.29037481469, 17915.29037481469, 17915.29037481469, 17915.29037481469, 17915.29037481469, 17915.29037481469, 17913.96750217945, 17913.96750217945, 17913.96750217945, 17913.96750217945, 17913.96750217945, 17913.96750217945, 17913.96750217945, 17913.96750217945, 17913.96750217945, 17913.96750217945, 17913.96750217945, 17913.96750217945, 17913.96750217945, 17913.96750217945, 17913.96750217945, 17913.96750217945, 17913.96750217945, 17913.96750217945, 17913.96750217945, 17913.96750217945, 17913.96750217945, 17913.96750217945, 17913.96750217945, 17913.96750217945, 17913.96750217945, 17913.96750217945, 17913.96750217945, 17913.96750217945, 17913.96750217945, 17913.96750217945, 17913.96750217945, 17913.96750217945, 17913.96750217945, 17913.96750217945, 17913.96750217945, 17913.96750217945, 17913.96750217945, 17913.96750217945, 17913.96750217945, 17913.96750217945, 17913.96750217945, 17913.96750217945, 17913.96750217945, 17913.96750217945, 17913.96750217945, 17913.96750217945, 17913.96750217945, 17913.96750217945, 17913.96750217945, 17913.96750217945, 17913.96750217945, 17913.96750217945, 17913.96750217945, 17913.96750217945, 17913.96750217945, 17913.96750217945, 17913.96750217945, 17913.96750217945, 17913.96750217945, 17913.96750217945, 17913.96750217945, 17913.96750217945, 17913.96750217945, 17913.96750217945, 17913.96750217945, 17913.96750217945, 17913.96750217945, 17913.96750217945, 17913.96750217945, 17913.96750217945, 17913.96750217945, 17913.96750217945, 17913.96750217945, 17913.96750217945, 17913.96750217945, 17913.96750217945, 17913.96750217945, 17913.96750217945, 17913.96750217945, 17913.96750217945, 17913.96750217945, 17913.96750217945, 17913.96750217945, 17913.96750217945, 17913.96750217945, 17913.96750217945, 17913.96750217945, 17913.96750217945, 17913.96750217945, 17913.96750217945, 17913.96750217945, 17913.96750217945, 17913.96750217945, 17913.96750217945, 17913.96750217945, 17913.96750217945, 17913.96750217945, 17913.96750217945, 17913.96750217945, 17913.96750217945, 17913.96750217945, 17913.96750217945, 17913.96750217945, 17913.96750217945, 17913.96750217945, 17913.96750217945, 17912.96410881785, 17912.96410881785, 17912.96410881785, 17912.96410881785, 17912.96410881785, 17912.96410881785, 17912.96410881785, 17912.96410881785, 17912.96410881785, 17912.96410881785, 17912.96410881785, 17912.96410881785, 17912.96410881785, 17912.96410881785, 17912.96410881785, 17912.96410881785, 17912.96410881785, 17912.96410881785, 17912.96410881785, 17912.96410881785, 17912.96410881785, 17912.96410881785, 17912.96410881785, 17912.96410881785, 17912.96410881785, 17912.96410881785, 17912.96410881785, 17912.96410881785, 17912.96410881785, 17912.96410881785, 17912.96410881785, 17912.96410881785, 17912.96410881785, 17912.96410881785, 17912.96410881785, 17912.96410881785, 17912.96410881785, 17912.96410881785, 17912.96410881785, 17912.96410881785, 17912.96410881785, 17912.96410881785, 17912.96410881785, 17912.96410881785, 17912.96410881785, 17912.96410881785, 17912.96410881785, 17912.96410881785, 17912.96410881785, 17912.96410881785, 17912.96410881785, 17912.96410881785, 17912.96410881785, 17912.96410881785, 17912.96410881785, 17912.96410881785, 17912.96410881785, 17912.96410881785, 17912.96410881785, 17912.96410881785, 17912.96410881785, 17912.96410881785, 17912.96410881785, 17912.96410881785, 17912.96410881785, 17912.96410881785, 17912.96410881785, 17912.96410881785, 17912.96410881785, 17912.96410881785, 17912.96410881785, 17912.96410881785, 17912.96410881785, 17912.96410881785, 17912.96410881785, 17912.96410881785, 17912.96410881785, 17912.96410881785, 17912.96410881785, 17912.96410881785, 17912.96410881785, 17912.96410881785, 17912.96410881785, 17912.96410881785, 17912.96410881785, 17912.96410881785, 17912.96410881785, 17912.96410881785, 17912.96410881785, 17912.96410881785, 17912.96410881785, 17912.96410881785, 17912.96410881785, 17912.96410881785, 17912.96410881785, 17912.96410881785, 17912.96410881785, 17912.96410881785, 17912.96410881785, 17912.96410881785, 17912.96410881785, 17912.96410881785, 17912.96410881785, 17912.96410881785, 17912.96410881785, 17912.96410881785, 17912.96410881785, 17912.96410881785, 17912.96410881785, 17912.96410881785, 17912.96410881785, 17912.96410881785, 17912.96410881785, 17912.96410881785, 17912.96410881785, 17912.96410881785, 17912.96410881785, 17912.96410881785, 17912.96410881785, 17912.96410881785, 17912.96410881785, 17912.96410881785, 17912.96410881785, 17912.96410881785, 17912.96410881785, 17912.96410881785, 17912.96410881785, 17912.96410881785, 17912.96410881785, 17912.96410881785, 17912.96410881785, 17912.96410881785, 17912.96410881785, 17912.96410881785, 17912.96410881785, 17912.96410881785, 17912.96410881785, 17912.96410881785, 17912.96410881785, 17912.96410881785, 17912.96410881785, 17912.96410881785, 17912.96410881785, 17912.96410881785, 17912.96410881785, 17912.96410881785, 17912.96410881785, 17912.96410881785, 17912.96410881785, 17912.96410881785, 17912.96410881785, 17912.96410881785, 17912.96410881785, 17912.96410881785, 17912.96410881785, 17912.96410881785, 17912.96410881785, 17912.96410881785, 17912.96410881785, 17912.96410881785, 17912.96410881785, 17912.96410881785, 17912.96410881785, 17912.96410881785, 17912.96410881785, 17912.96410881785, 17912.96410881785, 17912.96410881785, 17912.96410881785, 17912.96410881785, 17912.96410881785, 17912.96410881785, 17912.96410881785, 17912.96410881785, 17912.96410881785, 17912.96410881785, 17912.96410881785, 17912.96410881785, 17912.96410881785, 17912.96410881785, 17912.96410881785, 17912.96410881785, 17912.96410881785, 17912.96410881785, 17912.96410881785, 17912.96410881785, 17912.96410881785, 17912.96410881785, 17912.96410881785, 17912.96410881785, 17912.96410881785, 17912.96410881785, 17912.96410881785, 17912.96410881785, 17912.96410881785, 17912.96410881785, 17912.96410881785, 17912.96410881785, 17912.96410881785, 17912.96410881785, 17912.96410881785, 17912.96410881785, 17912.96410881785, 17912.96410881785, 17912.96410881785, 17912.96410881785, 17912.96410881785, 17912.96410881785, 17912.96410881785, 17912.96410881785, 17912.96410881785, 17912.96410881785, 17912.96410881785, 17912.96410881785, 17912.96410881785, 17912.96410881785, 17912.96410881785, 17912.96410881785, 17912.96410881785, 17912.96410881785, 17912.96410881785, 17912.96410881785, 17912.96410881785, 17912.96410881785, 17912.96410881785, 17912.96410881785, 17912.96410881785, 17912.96410881785, 17912.96410881785, 17912.96410881785, 17912.96410881785, 17912.96410881785, 17912.96410881785, 17912.96410881785, 17912.96410881785, 17912.96410881785, 17912.96410881785, 17912.96410881785, 17912.96410881785, 17912.96410881785, 17912.96410881785, 17912.96410881785, 17912.96410881785, 17912.96410881785, 17912.96410881785, 17912.96410881785, 17912.96410881785, 17912.96410881785, 17912.96410881785, 17912.96410881785, 17912.96410881785, 17912.96410881785, 17912.96410881785, 17912.96410881785, 17912.96410881785, 17912.96410881785, 17912.96410881785, 17912.96410881785, 17912.96410881785, 17912.96410881785, 17912.96410881785, 17912.96410881785, 17912.96410881785, 17912.96410881785, 17912.96410881785, 17912.96410881785, 17912.96410881785, 17912.96410881785, 17912.96410881785, 17912.96410881785, 17912.96410881785, 17912.96410881785, 17912.96410881785, 17912.96410881785, 17912.96410881785, 17912.96410881785, 17912.96410881785, 17912.96410881785, 17912.96410881785, 17912.96410881785, 17912.96410881785, 17912.96410881785, 17912.96410881785, 17912.96410881785, 17912.96410881785, 17912.96410881785, 17912.96410881785, 17912.96410881785, 17912.96410881785, 17912.96410881785, 17912.96410881785, 17912.96410881785, 17912.96410881785, 17912.96410881785, 17912.96410881785, 17912.96410881785, 17912.96410881785, 17912.96410881785, 17912.96410881785, 17912.96410881785, 17912.96410881785, 17912.96410881785, 17912.96410881785, 17912.96410881785, 17912.96410881785, 17912.96410881785, 17912.96410881785, 17912.96410881785, 17912.96410881785, 17912.96410881785, 17912.96410881785, 17912.96410881785, 17912.96410881785, 17912.96410881785, 17912.96410881785, 17912.96410881785, 17912.96410881785, 17912.96410881785, 17912.96410881785, 17912.96410881785, 17912.96410881785, 17912.96410881785, 17912.96410881785, 17912.96410881785, 17912.96410881785, 17912.96410881785, 17912.96410881785, 17907.27510046168, 17907.27510046168, 17907.27510046168, 17907.27510046168, 17907.27510046168, 17907.27510046168, 17907.27510046168, 17882.95870356714, 17882.95870356714, 17882.95870356714, 17882.95870356714, 17882.95870356714, 17882.95870356714, 17882.95870356714, 17882.95870356714, 17882.95870356714, 17882.95870356714, 17882.95870356714, 17882.95870356714, 17882.95870356714, 17882.95870356714, 17882.95870356714, 17882.95870356714, 17882.95870356714, 17882.95870356714, 17882.95870356714, 17882.95870356714, 17882.95870356714, 17882.95870356714, 17882.95870356714, 17882.95870356714, 17882.95870356714, 17882.95870356714, 17882.95870356714, 17882.95870356714, 17882.95870356714, 17882.95870356714, 17882.95870356714, 17882.95870356714, 17882.95870356714, 17882.95870356714, 17882.95870356714, 17882.95870356714, 17882.95870356714, 17882.95870356714, 17882.95870356714, 17882.95870356714, 17882.95870356714, 17882.95870356714, 17882.95870356714, 17882.95870356714, 17882.95870356714, 17882.95870356714, 17882.95870356714, 17882.95870356714, 17882.95870356714, 17882.95870356714, 17882.95870356714, 17882.95870356714, 17882.95870356714, 17882.95870356714, 17882.95870356714, 17882.95870356714, 17882.95870356714, 17882.95870356714, 17882.95870356714, 17882.95870356714, 17882.95870356714, 17882.95870356714, 17882.95870356714, 17882.95870356714, 17882.95870356714, 17882.95870356714, 17882.95870356714, 17882.95870356714, 17882.95870356714, 17882.95870356714, 17882.95870356714, 17882.95870356714, 17882.95870356714, 17882.95870356714, 17882.95870356714, 17882.95870356714, 17882.95870356714, 17882.95870356714, 17882.95870356714, 17882.95870356714, 17882.95870356714, 17882.95870356714, 17882.95870356714, 17882.95870356714, 17882.75069375622, 17882.75069375622, 17882.75069375622, 17882.75069375622, 17882.75069375622, 17882.75069375622, 17882.75069375622, 17882.75069375622, 17882.75069375622, 17882.75069375622, 17882.75069375622, 17882.75069375622, 17882.75069375622, 17882.75069375622, 17882.75069375622, 17882.75069375622, 17882.75069375622, 17882.75069375622, 17882.75069375622, 17882.75069375622, 17882.75069375622, 17882.75069375622, 17882.75069375622, 17882.75069375622, 17882.75069375622, 17882.75069375622, 17882.75069375622, 17882.75069375622, 17882.75069375622, 17882.75069375622, 17882.75069375622, 17882.75069375622, 17882.75069375622, 17882.75069375622, 17882.75069375622, 17882.75069375622, 17882.75069375622, 17882.75069375622, 17882.75069375622]
Computational time : 1782.04799986