Name : Ahmed ElMousel
Problem : X-n115-k10 
Whale Algorithm 
cost : 757.072429604
Routes : 
1->35->47->68->1
1->69->7->52->17->64->34->74->63->29->75->31->5->1
1->18->41->4->45->33->10->40->11->59->73->13->1
1->27->8->54->39->66->12->15->20->55->9->1
1->53->28->14->58->16->21->71->61->72->37->48->22->49->46->1
1->30->6->38->70->62->23->65->43->42->44->2->3->76->1
1->36->60->67->32->56->26->51->19->25->50->57->24->1
best solutions : 
[799.2186752342476, 798.6995355765836, 796.8135127096384, 796.8135127096384, 796.8135127096384, 796.8135127096384, 796.8135127096384, 789.7773348513886, 789.7773348513886, 789.7773348513886, 789.7773348513886, 789.7773348513886, 788.7396715017271, 788.7396715017271, 788.7396715017271, 787.1985721954742, 787.1985721954742, 787.1985721954742, 787.1985721954742, 787.1985721954742, 787.1985721954742, 787.1985721954742, 787.1985721954742, 787.1985721954742, 787.1985721954742, 787.1985721954742, 783.9406065982519, 783.9406065982519, 783.9406065982519, 783.9406065982519, 783.9406065982519, 783.9406065982519, 783.9406065982519, 783.9406065982519, 783.9406065982519, 783.9406065982519, 782.064535249546, 782.064535249546, 782.064535249546, 782.064535249546, 781.2793699963665, 781.2793699963665, 781.2793699963665, 781.2793699963665, 781.2793699963665, 781.2793699963665, 773.2032306241189, 773.2032306241189, 773.2032306241189, 772.2027715133053, 772.2027715133053, 772.2027715133053, 772.2027715133053, 772.2027715133053, 772.2027715133053, 772.2027715133053, 772.2027715133053, 772.2027715133053, 772.2027715133053, 772.2027715133053, 772.2027715133053, 772.2027715133053, 772.2027715133053, 772.2027715133053, 772.108760669904, 772.108760669904, 772.108760669904, 772.108760669904, 772.108760669904, 772.108760669904, 772.108760669904, 772.108760669904, 772.108760669904, 772.108760669904, 772.108760669904, 772.108760669904, 771.847424575282, 771.847424575282, 771.847424575282, 771.847424575282, 771.847424575282, 771.847424575282, 771.847424575282, 771.847424575282, 771.847424575282, 768.8562266449737, 768.8562266449737, 768.8562266449737, 768.8562266449737, 768.8562266449737, 768.8562266449737, 768.8562266449737, 768.8562266449737, 768.8562266449737, 768.8562266449737, 768.8562266449737, 768.8562266449737, 768.8562266449737, 768.8562266449737, 768.8562266449737, 768.8562266449737, 768.8562266449737, 765.7172166443742, 765.7172166443742, 765.7172166443742, 765.7172166443742, 765.7172166443742, 765.7172166443742, 765.7172166443742, 765.7172166443742, 765.7172166443742, 765.7172166443742, 765.7172166443742, 765.7172166443742, 765.7172166443742, 765.7172166443742, 765.7172166443742, 765.7172166443742, 765.7172166443742, 765.7172166443742, 765.7172166443742, 765.7172166443742, 765.7172166443742, 765.7172166443742, 765.7172166443742, 765.7172166443742, 764.5782442298256, 764.5782442298256, 764.5782442298256, 764.5782442298256, 764.5782442298256, 764.5782442298256, 764.5782442298256, 764.5782442298256, 764.5782442298256, 764.5782442298256, 764.5782442298256, 764.5782442298256, 760.6554905023012, 760.6554905023012, 760.6554905023012, 760.6554905023012, 760.6554905023012, 760.6554905023012, 760.6554905023012, 760.6554905023012, 760.6554905023012, 760.6554905023012, 760.6554905023012, 760.6554905023012, 760.6554905023012, 760.6554905023012, 757.072429604487, 757.072429604487, 757.072429604487, 757.072429604487, 757.072429604487, 757.072429604487, 757.072429604487, 757.072429604487, 757.072429604487, 757.072429604487, 757.072429604487, 757.072429604487, 757.072429604487, 757.072429604487, 757.072429604487, 757.072429604487, 757.072429604487, 757.072429604487, 757.072429604487, 757.072429604487, 757.072429604487, 757.072429604487, 757.072429604487, 757.072429604487, 757.072429604487, 757.072429604487, 757.072429604487, 757.072429604487, 757.072429604487, 757.072429604487, 757.072429604487, 757.072429604487, 757.072429604487, 757.072429604487, 757.072429604487, 757.072429604487, 757.072429604487, 757.072429604487, 757.072429604487, 757.072429604487, 757.072429604487, 757.072429604487, 757.072429604487, 757.072429604487, 757.072429604487, 757.072429604487, 757.072429604487, 757.072429604487, 757.072429604487, 757.072429604487, 757.072429604487, 757.072429604487, 757.072429604487, 757.072429604487, 757.072429604487, 757.072429604487, 757.072429604487, 757.072429604487, 757.072429604487, 757.072429604487, 757.072429604487, 757.072429604487, 757.072429604487, 757.072429604487, 757.072429604487, 757.072429604487, 757.072429604487, 757.072429604487, 757.072429604487, 757.072429604487, 757.072429604487, 757.072429604487, 757.072429604487, 757.072429604487, 757.072429604487, 757.072429604487, 757.072429604487, 757.072429604487, 757.072429604487, 757.072429604487, 757.072429604487, 757.072429604487, 757.072429604487, 757.072429604487, 757.072429604487, 757.072429604487, 757.072429604487, 757.072429604487, 757.072429604487, 757.072429604487, 757.072429604487, 757.072429604487, 757.072429604487, 757.072429604487, 757.072429604487, 757.072429604487, 757.072429604487, 757.072429604487, 757.072429604487, 757.072429604487, 757.072429604487, 757.072429604487, 757.072429604487, 757.072429604487, 757.072429604487, 757.072429604487, 757.072429604487, 757.072429604487, 757.072429604487, 757.072429604487, 757.072429604487, 757.072429604487, 757.072429604487, 757.072429604487, 757.072429604487, 757.072429604487, 757.072429604487, 757.072429604487, 757.072429604487, 757.072429604487, 757.072429604487, 757.072429604487, 757.072429604487, 757.072429604487, 757.072429604487, 757.072429604487, 757.072429604487, 757.072429604487, 757.072429604487, 757.072429604487, 757.072429604487, 757.072429604487, 757.072429604487, 757.072429604487, 757.072429604487, 757.072429604487, 757.072429604487, 757.072429604487, 757.072429604487, 757.072429604487, 757.072429604487, 757.072429604487, 757.072429604487, 757.072429604487, 757.072429604487, 757.072429604487, 757.072429604487, 757.072429604487, 757.072429604487, 757.072429604487, 757.072429604487, 757.072429604487, 757.072429604487, 757.072429604487, 757.072429604487, 757.072429604487, 757.072429604487, 757.072429604487, 757.072429604487, 757.072429604487, 757.072429604487, 757.072429604487, 757.072429604487, 757.072429604487, 757.072429604487, 757.072429604487, 757.072429604487, 757.072429604487, 757.072429604487, 757.072429604487, 757.072429604487, 757.072429604487, 757.072429604487, 757.072429604487, 757.072429604487, 757.072429604487, 757.072429604487, 757.072429604487, 757.072429604487, 757.072429604487, 757.072429604487, 757.072429604487, 757.072429604487, 757.072429604487, 757.072429604487, 757.072429604487, 757.072429604487, 757.072429604487, 757.072429604487, 757.072429604487, 757.072429604487, 757.072429604487, 757.072429604487, 757.072429604487, 757.072429604487, 757.072429604487, 757.072429604487, 757.072429604487, 757.072429604487, 757.072429604487, 757.072429604487, 757.072429604487, 757.072429604487, 757.072429604487, 757.072429604487, 757.072429604487, 757.072429604487, 757.072429604487, 757.072429604487, 757.072429604487, 757.072429604487, 757.072429604487, 757.072429604487, 757.072429604487, 757.072429604487, 757.072429604487, 757.072429604487, 757.072429604487, 757.072429604487, 757.072429604487, 757.072429604487, 757.072429604487, 757.072429604487, 757.072429604487, 757.072429604487, 757.072429604487, 757.072429604487, 757.072429604487, 757.072429604487, 757.072429604487, 757.072429604487, 757.072429604487, 757.072429604487, 757.072429604487, 757.072429604487, 757.072429604487, 757.072429604487, 757.072429604487, 757.072429604487, 757.072429604487, 757.072429604487, 757.072429604487, 757.072429604487, 757.072429604487, 757.072429604487, 757.072429604487, 757.072429604487, 757.072429604487, 757.072429604487, 757.072429604487, 757.072429604487, 757.072429604487, 757.072429604487, 757.072429604487, 757.072429604487, 757.072429604487, 757.072429604487, 757.072429604487, 757.072429604487, 757.072429604487, 757.072429604487, 757.072429604487, 757.072429604487, 757.072429604487, 757.072429604487, 757.072429604487, 757.072429604487, 757.072429604487, 757.072429604487, 757.072429604487, 757.0724296044868, 757.0724296044868, 757.0724296044868, 757.0724296044868, 757.0724296044868, 757.0724296044868, 757.0724296044868, 757.0724296044868, 757.0724296044868, 757.0724296044868, 757.0724296044868, 757.0724296044868, 757.0724296044868, 757.0724296044868, 757.0724296044868, 757.0724296044868, 757.0724296044868, 757.0724296044868, 757.0724296044868, 757.0724296044868, 757.0724296044868, 757.0724296044868, 757.0724296044868, 757.0724296044868, 757.0724296044868, 757.0724296044868, 757.0724296044868, 757.0724296044868, 757.0724296044868, 757.0724296044868, 757.0724296044868, 757.0724296044868, 757.0724296044868, 757.0724296044868, 757.0724296044868, 757.0724296044868, 757.0724296044868, 757.0724296044868, 757.0724296044868, 757.0724296044868, 757.0724296044868, 757.0724296044868, 757.0724296044868, 757.0724296044868, 757.0724296044868, 757.0724296044868, 757.0724296044868, 757.0724296044868, 757.0724296044868, 757.0724296044868, 757.0724296044868, 757.0724296044868, 757.0724296044868, 757.0724296044868, 757.0724296044868, 757.0724296044868, 757.0724296044868, 757.0724296044868, 757.0724296044868, 757.0724296044868, 757.0724296044868, 757.0724296044868, 757.0724296044868, 757.0724296044868, 757.0724296044868, 757.0724296044868, 757.0724296044868, 757.0724296044868, 757.0724296044868, 757.0724296044868, 757.0724296044868, 757.0724296044868, 757.0724296044868, 757.0724296044868, 757.0724296044868, 757.0724296044868, 757.0724296044868, 757.0724296044868, 757.0724296044868, 757.0724296044868, 757.0724296044868, 757.0724296044868, 757.0724296044868, 757.0724296044868, 757.0724296044868, 757.0724296044868, 757.0724296044868, 757.0724296044868, 757.0724296044868, 757.0724296044868, 757.0724296044868, 757.0724296044868, 757.0724296044868, 757.0724296044868, 757.0724296044868, 757.0724296044868, 757.0724296044868, 757.0724296044868, 757.0724296044868, 757.0724296044868, 757.0724296044868, 757.0724296044868, 757.0724296044868, 757.0724296044868, 757.0724296044868, 757.0724296044868, 757.0724296044868, 757.0724296044868, 757.0724296044868, 757.0724296044868, 757.0724296044868, 757.0724296044868, 757.0724296044868, 757.0724296044868, 757.0724296044868, 757.0724296044868, 757.0724296044868, 757.0724296044868, 757.0724296044868, 757.0724296044868, 757.0724296044868, 757.0724296044868, 757.0724296044868, 757.0724296044868, 757.0724296044868, 757.0724296044868, 757.0724296044868, 757.0724296044868, 757.0724296044868, 757.0724296044868, 757.0724296044868, 757.0724296044868, 757.0724296044868, 757.0724296044868, 757.0724296044868, 757.0724296044868, 757.0724296044868, 757.0724296044868, 757.0724296044868, 757.0724296044868, 757.0724296044868, 757.0724296044868, 757.0724296044868, 757.0724296044868, 757.0724296044868, 757.0724296044868, 757.0724296044868, 757.0724296044868, 757.0724296044868, 757.0724296044868, 757.0724296044868, 757.0724296044868, 757.0724296044868, 757.0724296044868, 757.0724296044868, 757.0724296044868, 757.0724296044868, 757.0724296044868, 757.0724296044868, 757.0724296044868, 757.0724296044868, 757.0724296044868, 757.0724296044868, 757.0724296044868, 757.0724296044868, 757.0724296044868, 757.0724296044868, 757.0724296044868, 757.0724296044868, 757.0724296044868, 757.0724296044868, 757.0724296044868, 757.0724296044868, 757.0724296044868, 757.0724296044868, 757.0724296044868, 757.0724296044868, 757.0724296044868, 757.0724296044868, 757.0724296044868, 757.0724296044868, 757.0724296044868, 757.0724296044868, 757.0724296044868, 757.0724296044868, 757.0724296044868, 757.0724296044868, 757.0724296044868, 757.0724296044868, 757.0724296044868, 757.0724296044868, 757.0724296044868, 757.0724296044868, 757.0724296044868, 757.0724296044868, 757.0724296044868, 757.0724296044868, 757.0724296044868, 757.0724296044868, 757.0724296044868, 757.0724296044868, 757.0724296044868, 757.0724296044868, 757.0724296044868, 757.0724296044868, 757.0724296044868, 757.0724296044868, 757.0724296044868, 757.0724296044868, 757.0724296044868, 757.0724296044868, 757.0724296044868, 757.0724296044868, 757.0724296044868, 757.0724296044868, 757.0724296044868, 757.0724296044868, 757.0724296044868, 757.0724296044868, 757.0724296044868, 757.0724296044868, 757.0724296044868, 757.0724296044868, 757.0724296044868, 757.0724296044868, 757.0724296044868, 757.0724296044868, 757.0724296044868, 757.0724296044868, 757.0724296044868, 757.0724296044868, 757.0724296044868, 757.0724296044868, 757.0724296044868, 757.0724296044868, 757.0724296044868, 757.0724296044868, 757.0724296044868, 757.0724296044868, 757.0724296044868, 757.0724296044868, 757.0724296044868, 757.0724296044868, 757.0724296044868, 757.0724296044868, 757.0724296044868, 757.0724296044868, 757.0724296044868, 757.0724296044868, 757.0724296044868, 757.0724296044868, 757.0724296044868, 757.0724296044868, 757.0724296044868, 757.0724296044868, 757.0724296044868, 757.0724296044868, 757.0724296044868, 757.0724296044868, 757.0724296044868, 757.0724296044868, 757.0724296044868, 757.0724296044868, 757.0724296044868, 757.0724296044868, 757.0724296044868, 757.0724296044868, 757.0724296044868, 757.0724296044868, 757.0724296044868, 757.0724296044868, 757.0724296044868, 757.0724296044868, 757.0724296044868, 757.0724296044868, 757.0724296044868, 757.0724296044868, 757.0724296044868, 757.0724296044868, 757.0724296044868, 757.0724296044868, 757.0724296044868, 757.0724296044868, 757.0724296044868, 757.0724296044868, 757.0724296044868, 757.0724296044868, 757.0724296044868, 757.0724296044868, 757.0724296044868, 757.0724296044868, 757.0724296044868, 757.0724296044868, 757.0724296044868, 757.0724296044868, 757.0724296044868, 757.0724296044868, 757.0724296044868, 757.0724296044868, 757.0724296044868, 757.0724296044868, 757.0724296044868, 757.0724296044868, 757.0724296044868, 757.0724296044868, 757.0724296044868, 757.0724296044868, 757.0724296044868, 757.0724296044868, 757.0724296044868, 757.0724296044868, 757.0724296044868, 757.0724296044868, 757.0724296044868, 757.0724296044868, 757.0724296044868, 757.0724296044868, 757.0724296044868, 757.0724296044868, 757.0724296044868, 757.0724296044868, 757.0724296044868, 757.0724296044868, 757.0724296044868, 757.0724296044868, 757.0724296044868, 757.0724296044868, 757.0724296044868, 757.0724296044868, 757.0724296044868, 757.0724296044868, 757.0724296044868, 757.0724296044868, 757.0724296044868, 757.0724296044868, 757.0724296044868, 757.0724296044868, 757.0724296044868, 757.0724296044868, 757.0724296044868, 757.0724296044868, 757.0724296044868, 757.0724296044868, 757.0724296044868, 757.0724296044868, 757.0724296044868, 757.0724296044868, 757.0724296044868, 757.0724296044868, 757.0724296044868, 757.0724296044868, 757.0724296044868, 757.0724296044868, 757.0724296044868, 757.0724296044868, 757.0724296044868, 757.0724296044868, 757.0724296044868, 757.0724296044868, 757.0724296044868, 757.0724296044868, 757.0724296044868, 757.0724296044868, 757.0724296044868, 757.0724296044868, 757.0724296044868, 757.0724296044868, 757.0724296044868, 757.0724296044868, 757.0724296044868, 757.0724296044868, 757.0724296044868, 757.0724296044868, 757.0724296044868, 757.0724296044868, 757.0724296044868, 757.0724296044868, 757.0724296044868, 757.0724296044868, 757.0724296044868, 757.0724296044868, 757.0724296044868, 757.0724296044868, 757.0724296044868, 757.0724296044868, 757.0724296044868, 757.0724296044868, 757.0724296044868, 757.0724296044868, 757.0724296044868, 757.0724296044868, 757.0724296044868, 757.0724296044868, 757.0724296044868, 757.0724296044868, 757.0724296044868, 757.0724296044868, 757.0724296044868, 757.0724296044868, 757.0724296044868, 757.0724296044868, 757.0724296044868, 757.0724296044868, 757.0724296044868, 757.0724296044868, 757.0724296044868, 757.0724296044868, 757.0724296044868, 757.0724296044868, 757.0724296044868, 757.0724296044868, 757.0724296044868, 757.0724296044868, 757.0724296044868, 757.0724296044868, 757.0724296044868, 757.0724296044868, 757.0724296044868, 757.0724296044868, 757.0724296044868, 757.0724296044868, 757.0724296044868, 757.0724296044868, 757.0724296044868, 757.0724296044868, 757.0724296044868, 757.0724296044868, 757.0724296044868, 757.0724296044868, 757.0724296044868, 757.0724296044868, 757.0724296044868, 757.0724296044868, 757.0724296044868, 757.0724296044868, 757.0724296044868, 757.0724296044868, 757.0724296044868, 757.0724296044868, 757.0724296044868, 757.0724296044868, 757.0724296044868, 757.0724296044868, 757.0724296044868, 757.0724296044868, 757.0724296044868, 757.0724296044868, 757.0724296044868, 757.0724296044868, 757.0724296044868, 757.0724296044868, 757.0724296044868, 757.0724296044868, 757.0724296044868, 757.0724296044868, 757.0724296044868, 757.0724296044868, 757.0724296044868, 757.0724296044868, 757.0724296044868, 757.0724296044868, 757.0724296044868, 757.0724296044868, 757.0724296044868, 757.0724296044868, 757.0724296044868, 757.0724296044868, 757.0724296044868, 757.0724296044868, 757.0724296044868, 757.0724296044868, 757.0724296044868, 757.0724296044868, 757.0724296044868, 757.0724296044868, 757.0724296044868, 757.0724296044868, 757.0724296044868, 757.0724296044868, 757.0724296044868, 757.0724296044868, 757.0724296044868, 757.0724296044868, 757.0724296044868, 757.0724296044868, 757.0724296044868, 757.0724296044868, 757.0724296044868, 757.0724296044868, 757.0724296044868, 757.0724296044868, 757.0724296044868, 757.0724296044868, 757.0724296044868, 757.0724296044868, 757.0724296044868, 757.0724296044868, 757.0724296044868, 757.0724296044868, 757.0724296044868, 757.0724296044868, 757.0724296044868, 757.0724296044868, 757.0724296044868, 757.0724296044868, 757.0724296044868, 757.0724296044868, 757.0724296044868, 757.0724296044868, 757.0724296044868, 757.0724296044868, 757.0724296044868, 757.0724296044868, 757.0724296044868, 757.0724296044868, 757.0724296044868, 757.0724296044868, 757.0724296044868, 757.0724296044868, 757.0724296044868, 757.0724296044868, 757.0724296044868, 757.0724296044868, 757.0724296044868, 757.0724296044868, 757.0724296044868, 757.0724296044868, 757.0724296044868, 757.0724296044868, 757.0724296044868, 757.0724296044868, 757.0724296044868, 757.0724296044868, 757.0724296044868, 757.0724296044868, 757.0724296044868, 757.0724296044868, 757.0724296044868, 757.0724296044868, 757.0724296044868, 757.0724296044868, 757.0724296044868, 757.0724296044868, 757.0724296044868, 757.0724296044868, 757.0724296044868, 757.0724296044868, 757.0724296044868, 757.0724296044868, 757.0724296044868, 757.0724296044868, 757.0724296044868, 757.0724296044868, 757.0724296044868, 757.0724296044868, 757.0724296044868, 757.0724296044868, 757.0724296044868, 757.0724296044868, 757.0724296044868, 757.0724296044868, 757.0724296044868, 757.0724296044868, 757.0724296044868, 757.0724296044868, 757.0724296044868, 757.0724296044868, 757.0724296044868, 757.0724296044868, 757.0724296044868, 757.0724296044868, 757.0724296044868, 757.0724296044868, 757.0724296044868, 757.0724296044868, 757.0724296044868, 757.0724296044868, 757.0724296044868, 757.0724296044868, 757.0724296044868, 757.0724296044868, 757.0724296044868, 757.0724296044868, 757.0724296044868, 757.0724296044868, 757.0724296044868, 757.0724296044868, 757.0724296044868, 757.0724296044868, 757.0724296044868, 757.0724296044868, 757.0724296044868, 757.0724296044868, 757.0724296044868, 757.0724296044868, 757.0724296044868, 757.0724296044868, 757.0724296044868, 757.0724296044868, 757.0724296044868, 757.0724296044868, 757.0724296044868, 757.0724296044868, 757.0724296044868, 757.0724296044868, 757.0724296044868, 757.0724296044868, 757.0724296044868, 757.0724296044868, 757.0724296044868, 757.0724296044868, 757.0724296044868, 757.0724296044868, 757.0724296044868, 757.0724296044868, 757.0724296044868, 757.0724296044868, 757.0724296044868, 757.0724296044868, 757.0724296044868, 757.0724296044868, 757.0724296044868, 757.0724296044868, 757.0724296044868, 757.0724296044868, 757.0724296044868, 757.0724296044868, 757.0724296044868, 757.0724296044868, 757.0724296044868, 757.0724296044868, 757.0724296044868, 757.0724296044868, 757.0724296044868, 757.0724296044868, 757.0724296044868, 757.0724296044868, 757.0724296044868, 757.0724296044868, 757.0724296044868, 757.0724296044868, 757.0724296044868, 757.0724296044868, 757.0724296044868, 757.0724296044868, 757.0724296044868, 757.0724296044868, 757.0724296044868, 757.0724296044868, 757.0724296044868, 757.0724296044868, 757.0724296044868, 757.0724296044868, 757.0724296044868, 757.0724296044868, 757.0724296044868, 757.0724296044868, 757.0724296044868, 757.0724296044868, 757.0724296044868, 757.0724296044868, 757.0724296044868, 757.0724296044868, 757.0724296044868, 757.0724296044868, 757.0724296044868, 757.0724296044868, 757.0724296044868, 757.0724296044868, 757.0724296044868, 757.0724296044868, 757.0724296044868, 757.0724296044868, 757.0724296044868, 757.0724296044868, 757.0724296044868, 757.0724296044868, 757.0724296044868, 757.0724296044868, 757.0724296044868, 757.0724296044868, 757.0724296044868, 757.0724296044868, 757.0724296044868, 757.0724296044868, 757.0724296044868, 757.0724296044868, 757.0724296044868, 757.0724296044868, 757.0724296044868, 757.0724296044868, 757.0724296044868, 757.0724296044868, 757.0724296044868, 757.0724296044868, 757.0724296044868, 757.0724296044868, 757.0724296044868, 757.0724296044868, 757.0724296044868, 757.0724296044868, 757.0724296044868, 757.0724296044868, 757.0724296044868, 757.0724296044868, 757.0724296044868, 757.0724296044868, 757.0724296044868, 757.0724296044868, 757.0724296044868, 757.0724296044868, 757.0724296044868, 757.0724296044868, 757.0724296044868, 757.0724296044868, 757.0724296044868, 757.0724296044868, 757.0724296044868, 757.0724296044868, 757.0724296044868, 757.0724296044868, 757.0724296044868, 757.0724296044868, 757.0724296044868, 757.0724296044868, 757.0724296044868, 757.0724296044868, 757.0724296044868, 757.0724296044868, 757.0724296044868, 757.0724296044868, 757.0724296044868, 757.0724296044868, 757.0724296044868, 757.0724296044868, 757.0724296044868, 757.0724296044868, 757.0724296044868, 757.0724296044868, 757.0724296044868, 757.0724296044868, 757.0724296044868, 757.0724296044868, 757.0724296044868, 757.0724296044868, 757.0724296044868, 757.0724296044868, 757.0724296044868, 757.0724296044868, 757.0724296044868, 757.0724296044868, 757.0724296044868, 757.0724296044868, 757.0724296044868, 757.0724296044868, 757.0724296044868, 757.0724296044868, 757.0724296044868, 757.0724296044868, 757.0724296044868, 757.0724296044868, 757.0724296044868, 757.0724296044868, 757.0724296044868, 757.0724296044868, 757.0724296044868, 757.0724296044868, 757.0724296044868, 757.0724296044868, 757.0724296044868, 757.0724296044868, 757.0724296044868, 757.0724296044868, 757.0724296044868, 757.0724296044868, 757.0724296044868, 757.0724296044868, 757.0724296044868, 757.0724296044868, 757.0724296044868, 757.0724296044868, 757.0724296044868, 757.0724296044868, 757.0724296044868, 757.0724296044868, 757.0724296044868, 757.0724296044868, 757.0724296044868, 757.0724296044868, 757.0724296044868, 757.0724296044868, 757.0724296044868, 757.0724296044868, 757.0724296044868, 757.0724296044868, 757.0724296044868, 757.0724296044868, 757.0724296044868, 757.0724296044868, 757.0724296044868, 757.0724296044868, 757.0724296044868, 757.0724296044868, 757.0724296044868, 757.0724296044868, 757.0724296044868, 757.0724296044868, 757.0724296044868, 757.0724296044868, 757.0724296044868, 757.0724296044868, 757.0724296044868, 757.0724296044868, 757.0724296044868, 757.0724296044868, 757.0724296044868, 757.0724296044868, 757.0724296044868, 757.0724296044868, 757.0724296044868, 757.0724296044868, 757.0724296044868, 757.0724296044868, 757.0724296044868, 757.0724296044868, 757.0724296044868, 757.0724296044868, 757.0724296044868, 757.0724296044868, 757.0724296044868, 757.0724296044868, 757.0724296044868, 757.0724296044868, 757.0724296044868, 757.0724296044868, 757.0724296044868, 757.0724296044868, 757.0724296044868, 757.0724296044868, 757.0724296044868, 757.0724296044868, 757.0724296044868, 757.0724296044868, 757.0724296044868, 757.0724296044868, 757.0724296044868, 757.0724296044868, 757.0724296044868, 757.0724296044868, 757.0724296044868, 757.0724296044868, 757.0724296044868, 757.0724296044868, 757.0724296044868, 757.0724296044868, 757.0724296044868, 757.0724296044868, 757.0724296044868, 757.0724296044868, 757.0724296044868, 757.0724296044868, 757.0724296044868, 757.0724296044868, 757.0724296044868, 757.0724296044868, 757.0724296044868, 757.0724296044868, 757.0724296044868, 757.0724296044868, 757.0724296044868, 757.0724296044868, 757.0724296044868, 757.0724296044868, 757.0724296044868, 757.0724296044868, 757.0724296044868, 757.0724296044868, 757.0724296044868, 757.0724296044868, 757.0724296044868, 757.0724296044868, 757.0724296044868, 757.0724296044868, 757.0724296044868, 757.0724296044868, 757.0724296044868, 757.0724296044868, 757.0724296044868, 757.0724296044868, 757.0724296044868, 757.0724296044868, 757.0724296044868, 757.0724296044868, 757.0724296044868, 757.0724296044868, 757.0724296044868, 757.0724296044868, 757.0724296044868, 757.0724296044868, 757.0724296044868, 757.0724296044868, 757.0724296044868, 757.0724296044868, 757.0724296044868, 757.0724296044868, 757.0724296044868, 757.0724296044868, 757.0724296044868, 757.0724296044868, 757.0724296044868, 757.0724296044868, 757.0724296044868, 757.0724296044868, 757.0724296044868, 757.0724296044868, 757.0724296044868, 757.0724296044868, 757.0724296044868, 757.0724296044868, 757.0724296044868, 757.0724296044868, 757.0724296044868, 757.0724296044868, 757.0724296044868, 757.0724296044868, 757.0724296044868, 757.0724296044868, 757.0724296044868, 757.0724296044868, 757.0724296044868, 757.0724296044868, 757.0724296044868, 757.0724296044868, 757.0724296044868, 757.0724296044868, 757.0724296044868, 757.0724296044868, 757.0724296044868, 757.0724296044868, 757.0724296044868, 757.0724296044868, 757.0724296044868, 757.0724296044868, 757.0724296044868, 757.0724296044868, 757.0724296044868, 757.0724296044868, 757.0724296044868, 757.0724296044868, 757.0724296044868, 757.0724296044868, 757.0724296044868, 757.0724296044868, 757.0724296044868, 757.0724296044868, 757.0724296044868, 757.0724296044868, 757.0724296044868, 757.0724296044868, 757.0724296044868, 757.0724296044868, 757.0724296044868, 757.0724296044868, 757.0724296044868, 757.0724296044868, 757.0724296044868, 757.0724296044868, 757.0724296044868, 757.0724296044868, 757.0724296044868, 757.0724296044868, 757.0724296044868, 757.0724296044868, 757.0724296044868, 757.0724296044868, 757.0724296044868, 757.0724296044868, 757.0724296044868, 757.0724296044868, 757.0724296044868, 757.0724296044868, 757.0724296044868, 757.0724296044868, 757.0724296044868, 757.0724296044868, 757.0724296044868, 757.0724296044868, 757.0724296044868, 757.0724296044868, 757.0724296044868, 757.0724296044868, 757.0724296044868, 757.0724296044868, 757.0724296044868, 757.0724296044868, 757.0724296044868, 757.0724296044868, 757.0724296044868, 757.0724296044868, 757.0724296044868, 757.0724296044868, 757.0724296044868, 757.0724296044868, 757.0724296044868, 757.0724296044868, 757.0724296044868, 757.0724296044868, 757.0724296044868, 757.0724296044868, 757.0724296044868, 757.0724296044868, 757.0724296044868, 757.0724296044868, 757.0724296044868, 757.0724296044868, 757.0724296044868, 757.0724296044868, 757.0724296044868, 757.0724296044868, 757.0724296044868, 757.0724296044868, 757.0724296044868, 757.0724296044868, 757.0724296044868, 757.0724296044868, 757.0724296044868, 757.0724296044868, 757.0724296044868, 757.0724296044868, 757.0724296044868, 757.0724296044868, 757.0724296044868, 757.0724296044868, 757.0724296044868, 757.0724296044868, 757.0724296044868, 757.0724296044868, 757.0724296044868, 757.0724296044868, 757.0724296044868, 757.0724296044868, 757.0724296044868, 757.0724296044868, 757.0724296044868, 757.0724296044868, 757.0724296044868, 757.0724296044868, 757.0724296044868, 757.0724296044868, 757.0724296044868, 757.0724296044868, 757.0724296044868, 757.0724296044868, 757.0724296044868, 757.0724296044868, 757.0724296044868, 757.0724296044868, 757.0724296044868, 757.0724296044868, 757.0724296044868, 757.0724296044868, 757.0724296044868, 757.0724296044868, 757.0724296044868, 757.0724296044868, 757.0724296044868, 757.0724296044868, 757.0724296044868, 757.0724296044868, 757.0724296044868, 757.0724296044868, 757.0724296044868, 757.0724296044868, 757.0724296044868, 757.0724296044868, 757.0724296044868, 757.0724296044868, 757.0724296044868, 757.0724296044868, 757.0724296044868, 757.0724296044868, 757.0724296044868, 757.0724296044868, 757.0724296044868, 757.0724296044868, 757.0724296044868, 757.0724296044868, 757.0724296044868, 757.0724296044868, 757.0724296044868, 757.0724296044868, 757.0724296044868, 757.0724296044868, 757.0724296044868, 757.0724296044868, 757.0724296044868, 757.0724296044868, 757.0724296044868, 757.0724296044868, 757.0724296044868, 757.0724296044868, 757.0724296044868, 757.0724296044868, 757.0724296044868, 757.0724296044868, 757.0724296044868, 757.0724296044868, 757.0724296044868, 757.0724296044868, 757.0724296044868, 757.0724296044868, 757.0724296044868, 757.0724296044868, 757.0724296044868, 757.0724296044868, 757.0724296044868, 757.0724296044868, 757.0724296044868, 757.0724296044868, 757.0724296044868, 757.0724296044868, 757.0724296044868, 757.0724296044868, 757.0724296044868, 757.0724296044868, 757.0724296044868, 757.0724296044868, 757.0724296044868, 757.0724296044868, 757.0724296044868, 757.0724296044868, 757.0724296044868, 757.0724296044868, 757.0724296044868, 757.0724296044868, 757.0724296044868, 757.0724296044868, 757.0724296044868, 757.0724296044868, 757.0724296044868, 757.0724296044868, 757.0724296044868, 757.0724296044868, 757.0724296044868, 757.0724296044868, 757.0724296044868, 757.0724296044868, 757.0724296044868, 757.0724296044868, 757.0724296044868, 757.0724296044868, 757.0724296044868, 757.0724296044868, 757.0724296044868, 757.0724296044868, 757.0724296044868, 757.0724296044868, 757.0724296044868, 757.0724296044868, 757.0724296044868, 757.0724296044868, 757.0724296044868, 757.0724296044868, 757.0724296044868, 757.0724296044868, 757.0724296044868, 757.0724296044868, 757.0724296044868, 757.0724296044868, 757.0724296044868, 757.0724296044868, 757.0724296044868, 757.0724296044868, 757.0724296044868, 757.0724296044868, 757.0724296044868, 757.0724296044868, 757.0724296044868, 757.0724296044868, 757.0724296044868, 757.0724296044868, 757.0724296044868, 757.0724296044868, 757.0724296044868, 757.0724296044868, 757.0724296044868, 757.0724296044868, 757.0724296044868, 757.0724296044868, 757.0724296044868, 757.0724296044868, 757.0724296044868, 757.0724296044868, 757.0724296044868, 757.0724296044868, 757.0724296044868, 757.0724296044868, 757.0724296044868, 757.0724296044868, 757.0724296044868, 757.0724296044868, 757.0724296044868, 757.0724296044868, 757.0724296044868, 757.0724296044868, 757.0724296044868, 757.0724296044868, 757.0724296044868, 757.0724296044868, 757.0724296044868, 757.0724296044868, 757.0724296044868, 757.0724296044868, 757.0724296044868, 757.0724296044868, 757.0724296044868, 757.0724296044868, 757.0724296044868, 757.0724296044868, 757.0724296044868, 757.0724296044868, 757.0724296044868, 757.0724296044868, 757.0724296044868, 757.0724296044868, 757.0724296044868, 757.0724296044868, 757.0724296044868, 757.0724296044868, 757.0724296044868, 757.0724296044868, 757.0724296044868, 757.0724296044868, 757.0724296044868, 757.0724296044868, 757.0724296044868, 757.0724296044868, 757.0724296044868, 757.0724296044868, 757.0724296044868, 757.0724296044868, 757.0724296044868, 757.0724296044868, 757.0724296044868, 757.0724296044868, 757.0724296044868, 757.0724296044868, 757.0724296044868, 757.0724296044868, 757.0724296044868, 757.0724296044868, 757.0724296044868, 757.0724296044868, 757.0724296044868, 757.0724296044868, 757.0724296044868, 757.0724296044868, 757.0724296044868, 757.0724296044868, 757.0724296044868, 757.0724296044868, 757.0724296044868, 757.0724296044868, 757.0724296044868, 757.0724296044868, 757.0724296044868, 757.0724296044868, 757.0724296044868, 757.0724296044868, 757.0724296044868, 757.0724296044868, 757.0724296044868, 757.0724296044868, 757.0724296044868, 757.0724296044868, 757.0724296044868, 757.0724296044868, 757.0724296044868, 757.0724296044868, 757.0724296044868, 757.0724296044868, 757.0724296044868, 757.0724296044868, 757.0724296044868, 757.0724296044868, 757.0724296044868, 757.0724296044868, 757.0724296044868, 757.0724296044868, 757.0724296044868, 757.0724296044868, 757.0724296044868, 757.0724296044868, 757.0724296044868, 757.0724296044868, 757.0724296044868, 757.0724296044868, 757.0724296044868, 757.0724296044868, 757.0724296044868, 757.0724296044868, 757.0724296044868, 757.0724296044868, 757.0724296044868, 757.0724296044868, 757.0724296044868, 757.0724296044868, 757.0724296044868, 757.0724296044868, 757.0724296044868, 757.0724296044868, 757.0724296044868, 757.0724296044868, 757.0724296044868, 757.0724296044868, 757.0724296044868, 757.0724296044868, 757.0724296044868, 757.0724296044868, 757.0724296044868, 757.0724296044868, 757.0724296044868, 757.0724296044868, 757.0724296044868, 757.0724296044868, 757.0724296044868, 757.0724296044868, 757.0724296044868, 757.0724296044868, 757.0724296044868, 757.0724296044868, 757.0724296044868, 757.0724296044868, 757.0724296044868, 757.0724296044868, 757.0724296044868, 757.0724296044868, 757.0724296044868, 757.0724296044868, 757.0724296044868, 757.0724296044868, 757.0724296044868, 757.0724296044868, 757.0724296044868, 757.0724296044868, 757.0724296044868, 757.0724296044868, 757.0724296044868, 757.0724296044868, 757.0724296044868, 757.0724296044868, 757.0724296044868, 757.0724296044868, 757.0724296044868, 757.0724296044868, 757.0724296044868, 757.0724296044868, 757.0724296044868, 757.0724296044868, 757.0724296044868, 757.0724296044868, 757.0724296044868, 757.0724296044868, 757.0724296044868, 757.0724296044868, 757.0724296044868, 757.0724296044868, 757.0724296044868, 757.0724296044868, 757.0724296044868, 757.0724296044868, 757.0724296044868, 757.0724296044868, 757.0724296044868, 757.0724296044868, 757.0724296044868, 757.0724296044868, 757.0724296044868, 757.0724296044868, 757.0724296044868, 757.0724296044868, 757.0724296044868, 757.0724296044868, 757.0724296044868, 757.0724296044868, 757.0724296044868, 757.0724296044868, 757.0724296044868, 757.0724296044868, 757.0724296044868, 757.0724296044868, 757.0724296044868, 757.0724296044868, 757.0724296044868, 757.0724296044868, 757.0724296044868, 757.0724296044868, 757.0724296044868, 757.0724296044868, 757.0724296044868, 757.0724296044868, 757.0724296044868, 757.0724296044868, 757.0724296044868, 757.0724296044868, 757.0724296044868, 757.0724296044868, 757.0724296044868, 757.0724296044868, 757.0724296044868, 757.0724296044868, 757.0724296044868, 757.0724296044868, 757.0724296044868, 757.0724296044868, 757.0724296044868, 757.0724296044868, 757.0724296044868, 757.0724296044868, 757.0724296044868, 757.0724296044868, 757.0724296044868, 757.0724296044868, 757.0724296044868]
Computational time : 79.5579998493