Name : Ahmed ElMousel
Problem : X-n190-k8 
Whale Algorithm 
cost : 1130.03164031
Routes : 
1->19->45->24->44->13->1
1->42->48->17->18->15->1
1->36->33->23->7->2->6->32->1
1->41->8->38->20->26->39->37->1
1->29->30->22->31->14->5->25->10->46->1
1->28->16->9->40->27->21->4->1
1->3->11->34->47->12->43->35->1
best solutions : 
[1192.6248032937233, 1192.6248032937233, 1168.3571285578048, 1168.3571285578048, 1168.3571285578048, 1167.8276640831075, 1159.9148960116245, 1144.5551569441225, 1144.5551569441225, 1144.5551569441225, 1144.5551569441225, 1144.5551569441225, 1143.9665039359118, 1143.9665039359118, 1143.9665039359118, 1137.9629918172318, 1137.9629918172318, 1137.9629918172318, 1137.9629918172318, 1137.9629918172318, 1137.3257259558588, 1136.0602321543424, 1135.8520964931176, 1135.8520964931176, 1135.8520964931176, 1135.8520964931176, 1135.8520964931176, 1135.8520964931176, 1134.1431410056325, 1134.1431410056325, 1132.2408988182906, 1132.2408988182906, 1132.2408988182906, 1132.2408988182906, 1132.2408988182906, 1132.2408988182906, 1132.2408988182906, 1132.2408988182906, 1132.2408988182906, 1132.2408988182906, 1131.74244459668, 1131.74244459668, 1131.74244459668, 1131.74244459668, 1131.74244459668, 1131.74244459668, 1131.74244459668, 1131.74244459668, 1131.74244459668, 1131.74244459668, 1131.74244459668, 1131.74244459668, 1131.74244459668, 1131.74244459668, 1131.74244459668, 1131.74244459668, 1131.74244459668, 1131.74244459668, 1131.74244459668, 1131.74244459668, 1131.74244459668, 1131.74244459668, 1131.74244459668, 1131.74244459668, 1131.74244459668, 1131.74244459668, 1131.74244459668, 1131.74244459668, 1131.74244459668, 1131.74244459668, 1131.74244459668, 1131.74244459668, 1131.74244459668, 1131.74244459668, 1131.74244459668, 1131.74244459668, 1131.74244459668, 1131.74244459668, 1131.74244459668, 1131.74244459668, 1131.74244459668, 1131.74244459668, 1131.74244459668, 1131.74244459668, 1131.74244459668, 1131.74244459668, 1131.74244459668, 1131.74244459668, 1131.74244459668, 1131.74244459668, 1131.74244459668, 1131.74244459668, 1131.74244459668, 1131.74244459668, 1131.74244459668, 1131.74244459668, 1131.74244459668, 1131.74244459668, 1131.74244459668, 1131.74244459668, 1131.74244459668, 1131.74244459668, 1131.74244459668, 1131.74244459668, 1131.74244459668, 1131.74244459668, 1131.74244459668, 1131.74244459668, 1131.74244459668, 1131.74244459668, 1131.74244459668, 1131.74244459668, 1131.74244459668, 1131.74244459668, 1131.74244459668, 1131.74244459668, 1131.74244459668, 1131.74244459668, 1131.74244459668, 1131.74244459668, 1131.74244459668, 1131.74244459668, 1131.74244459668, 1131.74244459668, 1131.74244459668, 1131.74244459668, 1131.74244459668, 1131.74244459668, 1131.74244459668, 1131.74244459668, 1131.74244459668, 1131.74244459668, 1131.74244459668, 1131.74244459668, 1131.74244459668, 1131.74244459668, 1131.74244459668, 1131.74244459668, 1131.74244459668, 1131.74244459668, 1131.74244459668, 1131.74244459668, 1131.74244459668, 1131.74244459668, 1131.74244459668, 1131.74244459668, 1131.74244459668, 1131.74244459668, 1131.74244459668, 1131.74244459668, 1131.74244459668, 1131.74244459668, 1131.74244459668, 1131.74244459668, 1131.74244459668, 1131.74244459668, 1131.74244459668, 1131.74244459668, 1131.74244459668, 1131.74244459668, 1131.74244459668, 1131.74244459668, 1131.74244459668, 1131.74244459668, 1131.74244459668, 1131.74244459668, 1131.74244459668, 1131.74244459668, 1131.74244459668, 1131.74244459668, 1131.74244459668, 1131.74244459668, 1131.74244459668, 1131.74244459668, 1131.74244459668, 1131.74244459668, 1131.74244459668, 1131.74244459668, 1131.74244459668, 1131.74244459668, 1131.74244459668, 1131.74244459668, 1131.74244459668, 1131.74244459668, 1131.74244459668, 1131.74244459668, 1131.74244459668, 1131.74244459668, 1131.74244459668, 1131.74244459668, 1131.74244459668, 1131.74244459668, 1131.74244459668, 1131.74244459668, 1131.74244459668, 1131.74244459668, 1131.74244459668, 1131.74244459668, 1131.74244459668, 1131.74244459668, 1131.74244459668, 1131.74244459668, 1131.74244459668, 1131.74244459668, 1131.74244459668, 1131.74244459668, 1131.74244459668, 1131.74244459668, 1131.74244459668, 1131.74244459668, 1131.74244459668, 1131.74244459668, 1131.74244459668, 1131.74244459668, 1131.74244459668, 1131.74244459668, 1131.74244459668, 1131.74244459668, 1131.74244459668, 1131.74244459668, 1131.74244459668, 1131.74244459668, 1131.74244459668, 1131.74244459668, 1131.74244459668, 1131.74244459668, 1131.74244459668, 1131.74244459668, 1131.74244459668, 1131.74244459668, 1131.74244459668, 1131.74244459668, 1131.74244459668, 1131.74244459668, 1131.74244459668, 1131.74244459668, 1131.74244459668, 1131.74244459668, 1131.74244459668, 1131.74244459668, 1131.74244459668, 1131.74244459668, 1131.74244459668, 1131.74244459668, 1131.74244459668, 1131.74244459668, 1131.74244459668, 1131.74244459668, 1131.74244459668, 1131.74244459668, 1131.74244459668, 1131.74244459668, 1131.74244459668, 1131.74244459668, 1131.74244459668, 1131.74244459668, 1131.74244459668, 1131.74244459668, 1131.74244459668, 1131.74244459668, 1131.74244459668, 1131.74244459668, 1131.74244459668, 1131.74244459668, 1131.74244459668, 1131.74244459668, 1131.74244459668, 1131.74244459668, 1131.74244459668, 1131.74244459668, 1131.74244459668, 1131.74244459668, 1131.74244459668, 1131.74244459668, 1131.74244459668, 1131.74244459668, 1131.74244459668, 1131.74244459668, 1131.74244459668, 1131.74244459668, 1131.74244459668, 1131.74244459668, 1131.74244459668, 1131.74244459668, 1131.74244459668, 1131.74244459668, 1131.74244459668, 1131.74244459668, 1131.74244459668, 1131.74244459668, 1131.74244459668, 1131.74244459668, 1131.74244459668, 1131.74244459668, 1131.74244459668, 1131.74244459668, 1131.74244459668, 1131.74244459668, 1131.74244459668, 1131.74244459668, 1131.74244459668, 1131.74244459668, 1131.74244459668, 1131.74244459668, 1131.74244459668, 1131.74244459668, 1131.74244459668, 1131.74244459668, 1131.74244459668, 1131.74244459668, 1131.74244459668, 1131.74244459668, 1131.74244459668, 1131.74244459668, 1131.74244459668, 1131.74244459668, 1131.74244459668, 1131.74244459668, 1131.74244459668, 1131.74244459668, 1131.74244459668, 1131.74244459668, 1131.74244459668, 1131.74244459668, 1131.74244459668, 1131.74244459668, 1131.74244459668, 1131.74244459668, 1131.74244459668, 1131.74244459668, 1131.74244459668, 1131.74244459668, 1131.74244459668, 1131.74244459668, 1131.74244459668, 1131.74244459668, 1131.74244459668, 1131.74244459668, 1131.74244459668, 1131.74244459668, 1131.74244459668, 1131.74244459668, 1131.74244459668, 1131.74244459668, 1131.74244459668, 1131.74244459668, 1131.74244459668, 1131.74244459668, 1131.74244459668, 1131.74244459668, 1131.74244459668, 1131.74244459668, 1131.74244459668, 1131.74244459668, 1131.74244459668, 1131.74244459668, 1131.74244459668, 1131.74244459668, 1131.74244459668, 1131.74244459668, 1131.74244459668, 1131.74244459668, 1131.74244459668, 1131.74244459668, 1131.74244459668, 1131.74244459668, 1131.74244459668, 1131.74244459668, 1131.74244459668, 1131.74244459668, 1131.74244459668, 1131.74244459668, 1131.74244459668, 1131.74244459668, 1131.74244459668, 1131.74244459668, 1131.74244459668, 1131.74244459668, 1131.74244459668, 1131.74244459668, 1131.74244459668, 1131.74244459668, 1131.74244459668, 1131.74244459668, 1131.74244459668, 1131.74244459668, 1131.74244459668, 1131.74244459668, 1131.74244459668, 1131.74244459668, 1131.74244459668, 1131.74244459668, 1131.74244459668, 1131.74244459668, 1131.74244459668, 1131.74244459668, 1131.74244459668, 1131.74244459668, 1131.74244459668, 1131.74244459668, 1131.74244459668, 1131.74244459668, 1131.74244459668, 1131.74244459668, 1131.74244459668, 1131.74244459668, 1131.74244459668, 1131.74244459668, 1131.74244459668, 1131.74244459668, 1131.74244459668, 1131.74244459668, 1131.74244459668, 1131.74244459668, 1131.74244459668, 1131.74244459668, 1131.74244459668, 1131.74244459668, 1131.74244459668, 1131.74244459668, 1131.74244459668, 1131.74244459668, 1131.74244459668, 1131.74244459668, 1131.74244459668, 1131.74244459668, 1131.74244459668, 1131.74244459668, 1131.74244459668, 1131.74244459668, 1131.74244459668, 1131.74244459668, 1131.74244459668, 1131.74244459668, 1131.74244459668, 1131.74244459668, 1131.74244459668, 1131.74244459668, 1131.74244459668, 1131.74244459668, 1131.74244459668, 1131.74244459668, 1131.74244459668, 1131.74244459668, 1131.74244459668, 1131.74244459668, 1131.74244459668, 1131.74244459668, 1131.74244459668, 1131.74244459668, 1131.74244459668, 1131.74244459668, 1131.74244459668, 1131.74244459668, 1131.74244459668, 1131.74244459668, 1131.74244459668, 1131.74244459668, 1131.74244459668, 1131.74244459668, 1131.74244459668, 1131.74244459668, 1131.74244459668, 1131.74244459668, 1131.74244459668, 1131.74244459668, 1131.74244459668, 1131.74244459668, 1131.74244459668, 1131.74244459668, 1131.74244459668, 1131.74244459668, 1131.74244459668, 1131.74244459668, 1131.74244459668, 1131.74244459668, 1131.74244459668, 1131.74244459668, 1131.74244459668, 1131.74244459668, 1131.74244459668, 1131.74244459668, 1131.74244459668, 1131.74244459668, 1131.74244459668, 1131.74244459668, 1131.74244459668, 1131.74244459668, 1131.74244459668, 1131.74244459668, 1131.74244459668, 1131.74244459668, 1131.74244459668, 1131.74244459668, 1131.74244459668, 1131.74244459668, 1131.74244459668, 1131.74244459668, 1131.74244459668, 1131.74244459668, 1131.74244459668, 1131.74244459668, 1131.74244459668, 1131.74244459668, 1131.74244459668, 1131.74244459668, 1131.74244459668, 1131.74244459668, 1131.74244459668, 1131.74244459668, 1131.74244459668, 1131.74244459668, 1131.74244459668, 1131.74244459668, 1131.74244459668, 1131.74244459668, 1131.74244459668, 1131.74244459668, 1131.74244459668, 1131.74244459668, 1131.74244459668, 1131.74244459668, 1131.74244459668, 1131.74244459668, 1131.74244459668, 1131.74244459668, 1131.74244459668, 1131.74244459668, 1131.74244459668, 1130.6219319224292, 1130.6219319224292, 1130.6219319224292, 1130.6219319224292, 1130.6219319224292, 1130.6219319224292, 1130.6219319224292, 1130.6219319224292, 1130.6219319224292, 1130.6219319224292, 1130.6219319224292, 1130.6219319224292, 1130.6219319224292, 1130.6219319224292, 1130.6219319224292, 1130.6219319224292, 1130.6219319224292, 1130.6219319224292, 1130.6219319224292, 1130.6219319224292, 1130.6219319224292, 1130.6219319224292, 1130.6219319224292, 1130.6219319224292, 1130.6219319224292, 1130.6219319224292, 1130.6219319224292, 1130.6219319224292, 1130.6219319224292, 1130.0316403086692, 1130.0316403086692, 1130.0316403086692, 1130.0316403086692, 1130.0316403086692, 1130.0316403086692, 1130.0316403086692, 1130.0316403086692, 1130.0316403086692, 1130.0316403086692, 1130.0316403086692, 1130.0316403086692, 1130.0316403086692, 1130.0316403086692, 1130.0316403086692, 1130.0316403086692, 1130.0316403086692, 1130.0316403086692, 1130.0316403086692, 1130.0316403086692, 1130.0316403086692, 1130.0316403086692, 1130.0316403086692, 1130.0316403086692, 1130.0316403086692, 1130.0316403086692, 1130.0316403086692, 1130.0316403086692, 1130.0316403086692, 1130.0316403086692, 1130.0316403086692, 1130.0316403086692]
Computational time : 283.764999866