Name : Ahmed ElMousel
Problem : X-n115-k10 
Whale Algorithm 
cost : 568.562501071
Routes : 
1->22->5->6->9->10->8->1
1->19->20->21->23->18->15->16->17->4->3->2->7->12->13->1
1->11->14->1
best solutions : 
[582.3390806425447, 582.3390806425447, 582.3390806425447, 582.3390806425447, 582.3390806425447, 582.3390806425447, 582.3390806425447, 582.3390806425447, 582.3390806425447, 582.3390806425447, 577.9060868874752, 577.9060868874752, 577.9060868874752, 577.9060868874752, 574.6364731180913, 574.6364731180913, 571.053709970762, 571.053709970762, 571.053709970762, 571.053709970762, 571.053709970762, 571.053709970762, 569.8846342332732, 569.8846342332732, 569.8846342332732, 569.8846342332732, 569.8846342332732, 569.8846342332732, 569.8846342332732, 569.8846342332732, 569.7461012117926, 569.7461012117926, 569.7461012117926, 569.7461012117926, 569.7461012117926, 569.7461012117926, 569.7461012117926, 569.7461012117926, 569.7461012117926, 569.7461012117926, 569.7461012117926, 569.7461012117926, 569.7461012117926, 569.7461012117926, 569.7461012117926, 569.7461012117926, 569.7461012117926, 569.7461012117926, 569.7461012117926, 569.7461012117926, 569.7461012117926, 569.7461012117926, 569.7461012117926, 569.7461012117926, 569.7461012117926, 569.7461012117926, 569.7461012117926, 569.7461012117926, 569.7461012117926, 569.7461012117926, 569.7461012117926, 569.7461012117926, 569.7461012117926, 569.7461012117926, 569.7461012117926, 569.7461012117926, 569.7461012117926, 569.7461012117926, 569.7461012117926, 569.7461012117926, 569.7461012117926, 569.7461012117926, 569.7461012117926, 569.7461012117926, 569.7461012117926, 569.7461012117926, 569.7461012117926, 569.7461012117926, 569.7461012117926, 569.7461012117926, 569.7461012117926, 569.7461012117926, 569.7461012117926, 569.7461012117926, 569.7461012117926, 569.7461012117926, 568.5625010705219, 568.5625010705219, 568.5625010705219, 568.5625010705219, 568.5625010705219, 568.5625010705219, 568.5625010705219, 568.5625010705219, 568.5625010705219, 568.5625010705219, 568.5625010705219, 568.5625010705219, 568.5625010705219, 568.5625010705219, 568.5625010705219, 568.5625010705219, 568.5625010705219, 568.5625010705219, 568.5625010705219, 568.5625010705219, 568.5625010705219, 568.5625010705219, 568.5625010705219, 568.5625010705219, 568.5625010705219, 568.5625010705219, 568.5625010705219, 568.5625010705219, 568.5625010705219, 568.5625010705219, 568.5625010705219, 568.5625010705219, 568.5625010705219, 568.5625010705219, 568.5625010705219, 568.5625010705219, 568.5625010705219, 568.5625010705219, 568.5625010705219, 568.5625010705219, 568.5625010705219, 568.5625010705219, 568.5625010705219, 568.5625010705219, 568.5625010705219, 568.5625010705219, 568.5625010705219, 568.5625010705219, 568.5625010705219, 568.5625010705219, 568.5625010705219, 568.5625010705219, 568.5625010705219, 568.5625010705219, 568.5625010705219, 568.5625010705219, 568.5625010705219, 568.5625010705219, 568.5625010705219, 568.5625010705219, 568.5625010705219, 568.5625010705219, 568.5625010705219, 568.5625010705219, 568.5625010705219, 568.5625010705219, 568.5625010705219, 568.5625010705219, 568.5625010705219, 568.5625010705219, 568.5625010705219, 568.5625010705219, 568.5625010705219, 568.5625010705219, 568.5625010705219, 568.5625010705219, 568.5625010705219, 568.5625010705219, 568.5625010705219, 568.5625010705219, 568.5625010705219, 568.5625010705219, 568.5625010705219, 568.5625010705219, 568.5625010705219, 568.5625010705219, 568.5625010705219, 568.5625010705219]
Computational time : 4.22299981117