Name : Ahmed ElMousel
Problem : X-n190-k8 
Whale Algorithm 
cost : 1817.07089851
Routes : 
1->50->39->59->67->54->37->74->1
1->41->22->8->2->1
1->43->52->78->4->75->14->1
1->68->71->77->51->46->23->5->33->1
1->63->24->13->45->6->32->18->30->1
1->40->65->34->16->42->26->76->21->47->61->1
1->64->12->35->25->7->31->60->1
1->53->29->80->19->49->15->72->1
1->58->20->48->27->36->66->70->57->56->10->55->73->1
1->11->3->38->9->69->44->17->62->79->28->1
best solutions : 
[1919.7167099156334, 1919.7167099156334, 1919.7167099156334, 1912.6976298065615, 1912.6976298065615, 1906.1798661176163, 1897.8375099906705, 1896.0136142477966, 1896.0136142477966, 1896.0136142477966, 1887.7071259466454, 1887.2947634221466, 1887.2947634221466, 1887.2947634221466, 1887.2947634221466, 1887.2947634221466, 1878.791561089538, 1873.372153763805, 1873.372153763805, 1873.372153763805, 1873.372153763805, 1873.372153763805, 1864.9663390468927, 1864.9663390468927, 1859.6399094822787, 1859.6399094822787, 1859.6399094822787, 1859.6399094822787, 1859.6399094822787, 1854.6207769546627, 1854.6207769546627, 1854.6207769546627, 1854.6207769546627, 1854.6207769546627, 1854.6207769546627, 1853.9552351100601, 1853.9552351100601, 1853.9552351100601, 1853.9552351100601, 1853.9552351100601, 1853.9552351100601, 1853.9552351100601, 1853.9552351100601, 1853.8843218436277, 1852.4345686726485, 1852.4345686726485, 1852.4345686726485, 1852.4345686726485, 1852.4345686726485, 1852.4345686726485, 1852.4345686726485, 1852.4345686726485, 1847.0151613469156, 1841.7276276712382, 1841.7276276712382, 1841.7276276712382, 1841.7276276712382, 1841.7276276712382, 1841.7276276712382, 1841.7276276712382, 1841.7276276712382, 1841.7276276712382, 1841.7276276712382, 1841.7276276712382, 1841.7276276712382, 1841.7276276712382, 1841.7276276712382, 1841.7276276712382, 1841.7276276712382, 1841.7276276712382, 1841.7276276712382, 1841.7276276712382, 1841.7276276712382, 1841.7276276712382, 1841.7276276712382, 1840.282162156597, 1840.282162156597, 1840.282162156597, 1840.282162156597, 1840.282162156597, 1840.282162156597, 1840.282162156597, 1840.282162156597, 1840.282162156597, 1840.282162156597, 1840.282162156597, 1840.282162156597, 1840.282162156597, 1840.282162156597, 1840.282162156597, 1840.282162156597, 1840.282162156597, 1840.282162156597, 1840.282162156597, 1840.282162156597, 1835.9963191812008, 1835.9963191812008, 1835.9963191812008, 1835.9963191812008, 1835.9251309523456, 1835.9251309523456, 1835.9251309523456, 1835.9251309523456, 1835.9251309523456, 1835.9251309523456, 1835.9251309523456, 1835.9251309523456, 1835.9251309523456, 1835.9251309523456, 1835.9251309523456, 1835.9251309523456, 1835.9251309523456, 1835.9251309523456, 1835.015537068757, 1835.015537068757, 1835.015537068757, 1835.015537068757, 1835.015537068757, 1835.015537068757, 1835.015537068757, 1835.015537068757, 1835.015537068757, 1835.015537068757, 1835.015537068757, 1835.015537068757, 1835.015537068757, 1835.015537068757, 1835.015537068757, 1835.015537068757, 1835.015537068757, 1835.015537068757, 1835.015537068757, 1835.015537068757, 1835.015537068757, 1835.015537068757, 1835.015537068757, 1835.015537068757, 1835.015537068757, 1834.854553417527, 1834.854553417527, 1834.854553417527, 1834.854553417527, 1834.854553417527, 1834.854553417527, 1834.854553417527, 1834.854553417527, 1834.854553417527, 1834.854553417527, 1834.854553417527, 1834.854553417527, 1834.854553417527, 1834.854553417527, 1834.854553417527, 1834.854553417527, 1834.854553417527, 1834.854553417527, 1834.854553417527, 1834.854553417527, 1834.854553417527, 1834.854553417527, 1834.854553417527, 1834.854553417527, 1834.854553417527, 1834.854553417527, 1834.854553417527, 1834.854553417527, 1834.854553417527, 1834.854553417527, 1834.854553417527, 1834.854553417527, 1834.854553417527, 1834.854553417527, 1834.854553417527, 1834.854553417527, 1834.854553417527, 1834.854553417527, 1834.854553417527, 1834.854553417527, 1834.854553417527, 1834.854553417527, 1834.854553417527, 1834.854553417527, 1834.854553417527, 1834.854553417527, 1834.854553417527, 1834.854553417527, 1834.854553417527, 1834.854553417527, 1834.854553417527, 1834.854553417527, 1834.854553417527, 1834.854553417527, 1834.854553417527, 1834.854553417527, 1834.854553417527, 1834.854553417527, 1834.854553417527, 1834.854553417527, 1834.854553417527, 1834.854553417527, 1834.854553417527, 1834.854553417527, 1834.296864203385, 1834.296864203385, 1834.296864203385, 1834.296864203385, 1834.296864203385, 1834.296864203385, 1834.296864203385, 1834.296864203385, 1834.296864203385, 1834.296864203385, 1834.296864203385, 1834.296864203385, 1834.296864203385, 1834.296864203385, 1834.296864203385, 1834.296864203385, 1834.296864203385, 1834.296864203385, 1834.296864203385, 1834.296864203385, 1834.296864203385, 1834.296864203385, 1834.296864203385, 1834.296864203385, 1834.296864203385, 1834.296864203385, 1834.296864203385, 1834.296864203385, 1834.296864203385, 1834.296864203385, 1834.296864203385, 1834.296864203385, 1832.096859136728, 1832.096859136728, 1832.096859136728, 1832.096859136728, 1832.096859136728, 1832.096859136728, 1832.096859136728, 1832.096859136728, 1832.096859136728, 1832.096859136728, 1832.096859136728, 1832.096859136728, 1832.096859136728, 1832.096859136728, 1832.096859136728, 1832.096859136728, 1832.096859136728, 1832.096859136728, 1832.096859136728, 1832.096859136728, 1832.096859136728, 1832.096859136728, 1832.096859136728, 1832.096859136728, 1832.096859136728, 1832.096859136728, 1832.096859136728, 1832.096859136728, 1832.096859136728, 1832.096859136728, 1832.096859136728, 1832.096859136728, 1832.096859136728, 1832.096859136728, 1832.096859136728, 1832.096859136728, 1832.096859136728, 1832.096859136728, 1832.096859136728, 1832.096859136728, 1832.096859136728, 1832.096859136728, 1832.096859136728, 1832.096859136728, 1832.096859136728, 1832.096859136728, 1831.5403769687748, 1831.5403769687748, 1828.644268707801, 1828.644268707801, 1828.644268707801, 1828.644268707801, 1828.644268707801, 1828.644268707801, 1828.644268707801, 1828.644268707801, 1828.644268707801, 1828.644268707801, 1828.644268707801, 1828.644268707801, 1828.644268707801, 1828.644268707801, 1828.644268707801, 1828.644268707801, 1828.644268707801, 1828.644268707801, 1828.644268707801, 1828.644268707801, 1828.644268707801, 1828.644268707801, 1828.644268707801, 1828.644268707801, 1828.644268707801, 1828.644268707801, 1828.644268707801, 1828.644268707801, 1828.644268707801, 1828.644268707801, 1828.644268707801, 1828.644268707801, 1828.644268707801, 1828.644268707801, 1828.644268707801, 1828.644268707801, 1828.644268707801, 1828.644268707801, 1828.644268707801, 1828.644268707801, 1828.644268707801, 1828.644268707801, 1828.644268707801, 1828.644268707801, 1828.644268707801, 1828.644268707801, 1828.644268707801, 1828.644268707801, 1828.644268707801, 1828.644268707801, 1828.644268707801, 1828.644268707801, 1828.644268707801, 1828.644268707801, 1828.644268707801, 1828.644268707801, 1828.644268707801, 1828.644268707801, 1828.644268707801, 1828.5863869244395, 1828.5863869244395, 1828.5863869244395, 1828.5863869244395, 1828.5863869244395, 1828.5863869244395, 1828.5863869244395, 1828.5863869244395, 1828.5863869244395, 1828.5863869244395, 1828.5863869244395, 1828.5863869244395, 1828.5863869244395, 1828.5863869244395, 1828.5863869244395, 1828.5863869244395, 1828.5863869244395, 1828.5863869244395, 1828.5863869244395, 1828.5863869244395, 1828.5863869244395, 1828.5863869244395, 1828.5863869244395, 1828.5863869244395, 1828.5863869244395, 1828.5863869244395, 1828.5863869244395, 1828.5863869244395, 1828.5863869244395, 1828.5863869244395, 1828.5863869244395, 1828.5863869244395, 1828.5863869244395, 1828.5863869244395, 1828.5863869244395, 1828.5863869244395, 1828.5863869244395, 1828.5863869244395, 1828.5863869244395, 1828.5863869244395, 1828.5863869244395, 1828.5863869244395, 1828.5863869244395, 1828.5863869244395, 1828.5863869244395, 1828.5863869244395, 1828.5863869244395, 1828.5863869244395, 1828.5863869244395, 1828.5863869244395, 1828.5863869244395, 1828.5863869244395, 1828.5863869244395, 1828.5863869244395, 1828.5863869244395, 1828.5863869244395, 1828.5863869244395, 1828.5863869244395, 1828.5863869244395, 1828.5863869244395, 1828.5863869244395, 1828.5863869244395, 1828.5863869244395, 1828.5863869244395, 1828.5863869244395, 1828.5863869244395, 1828.5863869244395, 1828.5863869244395, 1828.5863869244395, 1828.5863869244395, 1828.5863869244395, 1828.5863869244395, 1828.5863869244395, 1828.5863869244395, 1828.5863869244395, 1828.5863869244395, 1828.5863869244395, 1828.5863869244395, 1828.5863869244395, 1828.5863869244395, 1828.5863869244395, 1827.4664238341834, 1827.4664238341834, 1827.4664238341834, 1827.4664238341834, 1827.4664238341834, 1827.4664238341834, 1821.3307530484487, 1821.3307530484487, 1821.3307530484487, 1821.3307530484487, 1821.3307530484487, 1821.3307530484487, 1821.3307530484487, 1821.3307530484487, 1821.3307530484487, 1821.3307530484487, 1821.3307530484487, 1817.070898511412, 1817.070898511412, 1817.070898511412, 1817.070898511412, 1817.070898511412, 1817.070898511412, 1817.070898511412, 1817.070898511412, 1817.070898511412, 1817.070898511412, 1817.070898511412, 1817.070898511412, 1817.070898511412, 1817.070898511412, 1817.070898511412, 1817.070898511412, 1817.070898511412, 1817.070898511412, 1817.070898511412, 1817.070898511412, 1817.070898511412, 1817.070898511412, 1817.070898511412, 1817.070898511412, 1817.070898511412, 1817.070898511412, 1817.070898511412, 1817.070898511412, 1817.070898511412, 1817.070898511412, 1817.070898511412, 1817.070898511412, 1817.070898511412, 1817.070898511412, 1817.070898511412, 1817.070898511412, 1817.070898511412, 1817.070898511412, 1817.070898511412, 1817.070898511412, 1817.070898511412, 1817.070898511412, 1817.070898511412, 1817.070898511412, 1817.070898511412, 1817.070898511412, 1817.070898511412, 1817.070898511412, 1817.070898511412, 1817.070898511412, 1817.070898511412, 1817.070898511412, 1817.070898511412, 1817.070898511412, 1817.070898511412, 1817.070898511412, 1817.070898511412, 1817.070898511412, 1817.070898511412, 1817.070898511412, 1817.070898511412, 1817.070898511412, 1817.070898511412, 1817.070898511412, 1817.070898511412, 1817.070898511412, 1817.070898511412, 1817.070898511412, 1817.070898511412, 1817.070898511412, 1817.070898511412, 1817.070898511412, 1817.070898511412, 1817.070898511412, 1817.070898511412, 1817.070898511412, 1817.070898511412, 1817.070898511412, 1817.070898511412, 1817.070898511412, 1817.070898511412, 1817.070898511412, 1817.070898511412, 1817.070898511412, 1817.070898511412, 1817.070898511412, 1817.070898511412, 1817.070898511412, 1817.070898511412, 1817.070898511412, 1817.070898511412, 1817.070898511412, 1817.070898511412, 1817.070898511412, 1817.070898511412, 1817.070898511412, 1817.070898511412, 1817.070898511412, 1817.070898511412, 1817.070898511412, 1817.070898511412, 1817.070898511412, 1817.070898511412, 1817.070898511412, 1817.070898511412, 1817.070898511412, 1817.070898511412, 1817.070898511412, 1817.070898511412, 1817.070898511412, 1817.070898511412, 1817.070898511412, 1817.070898511412, 1817.070898511412, 1817.070898511412, 1817.070898511412, 1817.070898511412, 1817.070898511412, 1817.070898511412, 1817.070898511412, 1817.070898511412, 1817.070898511412, 1817.070898511412, 1817.070898511412, 1817.070898511412, 1817.070898511412, 1817.070898511412, 1817.070898511412, 1817.070898511412, 1817.070898511412, 1817.070898511412, 1817.070898511412, 1817.070898511412, 1817.070898511412, 1817.070898511412, 1817.070898511412, 1817.070898511412, 1817.070898511412, 1817.070898511412, 1817.070898511412, 1817.070898511412, 1817.070898511412, 1817.070898511412, 1817.070898511412, 1817.070898511412, 1817.070898511412, 1817.070898511412, 1817.070898511412, 1817.070898511412, 1817.070898511412, 1817.070898511412, 1817.070898511412, 1817.070898511412, 1817.070898511412, 1817.070898511412, 1817.070898511412, 1817.070898511412, 1817.070898511412, 1817.070898511412, 1817.070898511412, 1817.070898511412, 1817.070898511412, 1817.070898511412, 1817.070898511412, 1817.070898511412, 1817.070898511412, 1817.070898511412, 1817.070898511412, 1817.070898511412, 1817.070898511412, 1817.070898511412, 1817.070898511412, 1817.070898511412, 1817.070898511412, 1817.070898511412, 1817.070898511412, 1817.070898511412, 1817.070898511412, 1817.070898511412, 1817.070898511412, 1817.070898511412, 1817.070898511412, 1817.070898511412, 1817.070898511412, 1817.070898511412, 1817.070898511412, 1817.070898511412, 1817.070898511412, 1817.070898511412, 1817.070898511412, 1817.070898511412, 1817.070898511412, 1817.070898511412, 1817.070898511412, 1817.070898511412, 1817.070898511412, 1817.070898511412, 1817.070898511412, 1817.070898511412, 1817.070898511412, 1817.070898511412, 1817.070898511412, 1817.070898511412, 1817.070898511412, 1817.070898511412, 1817.070898511412, 1817.070898511412, 1817.070898511412, 1817.070898511412, 1817.070898511412, 1817.070898511412, 1817.070898511412, 1817.070898511412, 1817.070898511412, 1817.070898511412, 1817.070898511412, 1817.070898511412, 1817.070898511412, 1817.070898511412, 1817.070898511412, 1817.070898511412, 1817.070898511412, 1817.070898511412, 1817.070898511412, 1817.070898511412, 1817.070898511412, 1817.070898511412, 1817.070898511412, 1817.070898511412, 1817.070898511412, 1817.070898511412, 1817.070898511412, 1817.070898511412, 1817.070898511412, 1817.070898511412, 1817.070898511412, 1817.070898511412, 1817.070898511412, 1817.070898511412, 1817.070898511412, 1817.070898511412, 1817.070898511412, 1817.070898511412, 1817.070898511412, 1817.070898511412, 1817.070898511412, 1817.070898511412, 1817.070898511412, 1817.070898511412, 1817.070898511412, 1817.070898511412, 1817.070898511412, 1817.070898511412, 1817.070898511412, 1817.070898511412, 1817.070898511412, 1817.070898511412, 1817.070898511412, 1817.070898511412, 1817.070898511412, 1817.070898511412, 1817.070898511412, 1817.070898511412, 1817.070898511412, 1817.070898511412, 1817.070898511412, 1817.070898511412, 1817.070898511412, 1817.070898511412, 1817.070898511412, 1817.070898511412, 1817.070898511412, 1817.070898511412, 1817.070898511412, 1817.070898511412, 1817.070898511412, 1817.070898511412, 1817.070898511412, 1817.070898511412, 1817.070898511412, 1817.070898511412, 1817.070898511412, 1817.070898511412, 1817.070898511412, 1817.070898511412, 1817.070898511412, 1817.070898511412, 1817.070898511412, 1817.070898511412, 1817.070898511412, 1817.070898511412, 1817.070898511412, 1817.070898511412, 1817.070898511412, 1817.070898511412, 1817.070898511412, 1817.070898511412, 1817.070898511412, 1817.070898511412, 1817.070898511412, 1817.070898511412, 1817.070898511412, 1817.070898511412, 1817.070898511412, 1817.070898511412, 1817.070898511412, 1817.070898511412, 1817.070898511412, 1817.070898511412, 1817.070898511412, 1817.070898511412, 1817.070898511412, 1817.070898511412, 1817.070898511412, 1817.070898511412, 1817.070898511412, 1817.070898511412, 1817.070898511412, 1817.070898511412, 1817.070898511412, 1817.070898511412, 1817.070898511412, 1817.070898511412, 1817.070898511412, 1817.070898511412, 1817.070898511412, 1817.070898511412, 1817.070898511412, 1817.070898511412, 1817.070898511412, 1817.070898511412, 1817.070898511412, 1817.070898511412, 1817.070898511412, 1817.070898511412, 1817.070898511412, 1817.070898511412, 1817.070898511412, 1817.070898511412, 1817.070898511412, 1817.070898511412, 1817.070898511412, 1817.070898511412, 1817.070898511412, 1817.070898511412, 1817.070898511412, 1817.070898511412, 1817.070898511412, 1817.070898511412, 1817.070898511412, 1817.070898511412, 1817.070898511412, 1817.070898511412, 1817.070898511412, 1817.070898511412, 1817.070898511412, 1817.070898511412, 1817.070898511412, 1817.070898511412, 1817.070898511412, 1817.070898511412, 1817.070898511412, 1817.070898511412, 1817.070898511412, 1817.070898511412, 1817.070898511412, 1817.070898511412, 1817.070898511412, 1817.070898511412, 1817.070898511412, 1817.070898511412, 1817.070898511412, 1817.070898511412, 1817.070898511412, 1817.070898511412, 1817.070898511412, 1817.070898511412, 1817.070898511412, 1817.070898511412, 1817.070898511412, 1817.070898511412, 1817.070898511412, 1817.070898511412, 1817.070898511412, 1817.070898511412, 1817.070898511412, 1817.070898511412, 1817.070898511412, 1817.070898511412, 1817.070898511412, 1817.070898511412, 1817.070898511412, 1817.070898511412, 1817.070898511412, 1817.070898511412, 1817.070898511412, 1817.070898511412, 1817.070898511412, 1817.070898511412, 1817.070898511412, 1817.070898511412, 1817.070898511412, 1817.070898511412, 1817.070898511412, 1817.070898511412, 1817.070898511412, 1817.070898511412, 1817.070898511412, 1817.070898511412, 1817.070898511412, 1817.070898511412, 1817.070898511412, 1817.070898511412, 1817.070898511412, 1817.070898511412, 1817.070898511412, 1817.070898511412, 1817.070898511412, 1817.070898511412, 1817.070898511412, 1817.070898511412, 1817.070898511412, 1817.070898511412, 1817.070898511412, 1817.070898511412, 1817.070898511412, 1817.070898511412, 1817.070898511412, 1817.070898511412, 1817.070898511412, 1817.070898511412, 1817.070898511412, 1817.070898511412, 1817.070898511412, 1817.070898511412, 1817.070898511412, 1817.070898511412, 1817.070898511412, 1817.070898511412, 1817.070898511412, 1817.070898511412, 1817.070898511412, 1817.070898511412, 1817.070898511412, 1817.070898511412, 1817.070898511412, 1817.070898511412, 1817.070898511412, 1817.070898511412, 1817.070898511412, 1817.070898511412, 1817.070898511412, 1817.070898511412, 1817.070898511412, 1817.070898511412, 1817.070898511412, 1817.070898511412, 1817.070898511412, 1817.070898511412, 1817.070898511412, 1817.070898511412, 1817.070898511412, 1817.070898511412, 1817.070898511412, 1817.070898511412, 1817.070898511412, 1817.070898511412, 1817.070898511412, 1817.070898511412, 1817.070898511412, 1817.070898511412, 1817.070898511412, 1817.070898511412, 1817.070898511412, 1817.070898511412, 1817.070898511412, 1817.070898511412, 1817.070898511412, 1817.070898511412, 1817.070898511412, 1817.070898511412, 1817.070898511412, 1817.070898511412, 1817.070898511412, 1817.070898511412, 1817.070898511412, 1817.070898511412, 1817.070898511412, 1817.070898511412, 1817.070898511412, 1817.070898511412, 1817.070898511412, 1817.070898511412, 1817.070898511412, 1817.070898511412, 1817.070898511412, 1817.070898511412, 1817.070898511412, 1817.070898511412, 1817.070898511412, 1817.070898511412, 1817.070898511412, 1817.070898511412, 1817.070898511412, 1817.070898511412, 1817.070898511412, 1817.070898511412, 1817.070898511412, 1817.070898511412, 1817.070898511412, 1817.070898511412, 1817.070898511412, 1817.070898511412, 1817.070898511412, 1817.070898511412, 1817.070898511412, 1817.070898511412, 1817.070898511412, 1817.070898511412, 1817.070898511412, 1817.070898511412, 1817.070898511412, 1817.070898511412, 1817.070898511412, 1817.070898511412, 1817.070898511412, 1817.070898511412, 1817.070898511412, 1817.070898511412, 1817.070898511412, 1817.070898511412, 1817.070898511412, 1817.070898511412, 1817.070898511412, 1817.070898511412, 1817.070898511412, 1817.070898511412, 1817.070898511412, 1817.070898511412, 1817.070898511412, 1817.070898511412, 1817.070898511412, 1817.070898511412, 1817.070898511412, 1817.070898511412, 1817.070898511412, 1817.070898511412, 1817.070898511412, 1817.070898511412, 1817.070898511412, 1817.070898511412, 1817.070898511412, 1817.070898511412, 1817.070898511412, 1817.070898511412, 1817.070898511412, 1817.070898511412, 1817.070898511412, 1817.070898511412, 1817.070898511412, 1817.070898511412, 1817.070898511412, 1817.070898511412, 1817.070898511412, 1817.070898511412, 1817.070898511412, 1817.070898511412, 1817.070898511412, 1817.070898511412, 1817.070898511412, 1817.070898511412, 1817.070898511412, 1817.070898511412, 1817.070898511412, 1817.070898511412, 1817.070898511412, 1817.070898511412, 1817.070898511412, 1817.070898511412, 1817.070898511412, 1817.070898511412, 1817.070898511412, 1817.070898511412, 1817.070898511412, 1817.070898511412, 1817.070898511412, 1817.070898511412, 1817.070898511412, 1817.070898511412, 1817.070898511412, 1817.070898511412, 1817.070898511412, 1817.070898511412, 1817.070898511412, 1817.070898511412, 1817.070898511412, 1817.070898511412, 1817.070898511412, 1817.070898511412, 1817.070898511412, 1817.070898511412, 1817.070898511412, 1817.070898511412, 1817.070898511412, 1817.070898511412, 1817.070898511412, 1817.070898511412, 1817.070898511412, 1817.070898511412, 1817.070898511412, 1817.070898511412, 1817.070898511412, 1817.070898511412, 1817.070898511412, 1817.070898511412, 1817.070898511412, 1817.070898511412, 1817.070898511412, 1817.070898511412, 1817.070898511412, 1817.070898511412, 1817.070898511412, 1817.070898511412, 1817.070898511412, 1817.070898511412, 1817.070898511412, 1817.070898511412, 1817.070898511412, 1817.070898511412, 1817.070898511412, 1817.070898511412, 1817.070898511412, 1817.070898511412, 1817.070898511412, 1817.070898511412, 1817.070898511412, 1817.070898511412, 1817.070898511412, 1817.070898511412, 1817.070898511412, 1817.070898511412, 1817.070898511412, 1817.070898511412, 1817.070898511412, 1817.070898511412, 1817.070898511412, 1817.070898511412, 1817.070898511412, 1817.070898511412, 1817.070898511412, 1817.070898511412, 1817.070898511412, 1817.070898511412, 1817.070898511412, 1817.070898511412, 1817.070898511412, 1817.070898511412, 1817.070898511412, 1817.070898511412, 1817.070898511412, 1817.070898511412, 1817.070898511412, 1817.070898511412, 1817.070898511412, 1817.070898511412, 1817.070898511412, 1817.070898511412, 1817.070898511412, 1817.070898511412, 1817.070898511412, 1817.070898511412, 1817.070898511412, 1817.070898511412, 1817.070898511412, 1817.070898511412, 1817.070898511412, 1817.070898511412, 1817.070898511412, 1817.070898511412, 1817.070898511412, 1817.070898511412, 1817.070898511412, 1817.070898511412, 1817.070898511412, 1817.070898511412, 1817.070898511412, 1817.070898511412, 1817.070898511412, 1817.070898511412, 1817.070898511412, 1817.070898511412, 1817.070898511412, 1817.070898511412, 1817.070898511412, 1817.070898511412, 1817.070898511412, 1817.070898511412, 1817.070898511412, 1817.070898511412, 1817.070898511412, 1817.070898511412, 1817.070898511412, 1817.070898511412, 1817.070898511412, 1817.070898511412, 1817.070898511412, 1817.070898511412, 1817.070898511412, 1817.070898511412, 1817.070898511412, 1817.070898511412, 1817.070898511412, 1817.070898511412, 1817.070898511412, 1817.070898511412, 1817.070898511412, 1817.070898511412, 1817.070898511412, 1817.070898511412, 1817.070898511412, 1817.070898511412, 1817.070898511412, 1817.070898511412, 1817.070898511412, 1817.070898511412, 1817.070898511412, 1817.070898511412, 1817.070898511412, 1817.070898511412, 1817.070898511412, 1817.070898511412, 1817.070898511412, 1817.070898511412, 1817.070898511412, 1817.070898511412, 1817.070898511412, 1817.070898511412, 1817.070898511412, 1817.070898511412, 1817.070898511412, 1817.070898511412, 1817.070898511412, 1817.070898511412, 1817.070898511412, 1817.070898511412, 1817.070898511412, 1817.070898511412, 1817.070898511412, 1817.070898511412, 1817.070898511412, 1817.070898511412, 1817.070898511412, 1817.070898511412, 1817.070898511412, 1817.070898511412, 1817.070898511412, 1817.070898511412, 1817.070898511412, 1817.070898511412, 1817.070898511412, 1817.070898511412, 1817.070898511412, 1817.070898511412, 1817.070898511412, 1817.070898511412, 1817.070898511412, 1817.070898511412, 1817.070898511412, 1817.070898511412, 1817.070898511412, 1817.070898511412, 1817.070898511412, 1817.070898511412, 1817.070898511412, 1817.070898511412, 1817.070898511412, 1817.070898511412, 1817.070898511412, 1817.070898511412, 1817.070898511412, 1817.070898511412, 1817.070898511412, 1817.070898511412, 1817.070898511412, 1817.070898511412, 1817.070898511412, 1817.070898511412, 1817.070898511412, 1817.070898511412, 1817.070898511412, 1817.070898511412, 1817.070898511412, 1817.070898511412, 1817.070898511412, 1817.070898511412, 1817.070898511412, 1817.070898511412, 1817.070898511412, 1817.070898511412, 1817.070898511412, 1817.070898511412, 1817.070898511412, 1817.070898511412, 1817.070898511412, 1817.070898511412, 1817.070898511412, 1817.070898511412, 1817.070898511412, 1817.070898511412, 1817.070898511412, 1817.070898511412, 1817.070898511412, 1817.070898511412, 1817.070898511412, 1817.070898511412, 1817.070898511412, 1817.070898511412, 1817.070898511412, 1817.070898511412, 1817.070898511412, 1817.070898511412, 1817.070898511412, 1817.070898511412, 1817.070898511412, 1817.070898511412, 1817.070898511412, 1817.070898511412, 1817.070898511412, 1817.070898511412, 1817.070898511412, 1817.070898511412, 1817.070898511412, 1817.070898511412, 1817.070898511412, 1817.070898511412, 1817.070898511412, 1817.070898511412, 1817.070898511412, 1817.070898511412, 1817.070898511412, 1817.070898511412, 1817.070898511412, 1817.070898511412, 1817.070898511412, 1817.070898511412, 1817.070898511412, 1817.070898511412, 1817.070898511412, 1817.070898511412, 1817.070898511412, 1817.070898511412, 1817.070898511412, 1817.070898511412, 1817.070898511412, 1817.070898511412, 1817.070898511412, 1817.070898511412, 1817.070898511412, 1817.070898511412, 1817.070898511412, 1817.070898511412, 1817.070898511412, 1817.070898511412, 1817.070898511412, 1817.070898511412, 1817.070898511412, 1817.070898511412, 1817.070898511412, 1817.070898511412, 1817.070898511412, 1817.070898511412, 1817.070898511412, 1817.070898511412, 1817.070898511412, 1817.070898511412, 1817.070898511412, 1817.070898511412, 1817.070898511412, 1817.070898511412, 1817.070898511412, 1817.070898511412, 1817.070898511412, 1817.070898511412, 1817.070898511412, 1817.070898511412, 1817.070898511412, 1817.070898511412, 1817.070898511412, 1817.070898511412, 1817.070898511412, 1817.070898511412, 1817.070898511412, 1817.070898511412, 1817.070898511412, 1817.070898511412, 1817.070898511412, 1817.070898511412, 1817.070898511412, 1817.070898511412, 1817.070898511412, 1817.070898511412, 1817.070898511412, 1817.070898511412, 1817.070898511412, 1817.070898511412, 1817.070898511412, 1817.070898511412, 1817.070898511412, 1817.070898511412, 1817.070898511412, 1817.070898511412, 1817.070898511412, 1817.070898511412, 1817.070898511412, 1817.070898511412, 1817.070898511412, 1817.070898511412, 1817.070898511412, 1817.070898511412, 1817.070898511412, 1817.070898511412, 1817.070898511412, 1817.070898511412, 1817.070898511412, 1817.070898511412, 1817.070898511412, 1817.070898511412, 1817.070898511412, 1817.070898511412, 1817.070898511412, 1817.070898511412, 1817.070898511412, 1817.070898511412, 1817.070898511412, 1817.070898511412, 1817.070898511412, 1817.070898511412, 1817.070898511412, 1817.070898511412, 1817.070898511412, 1817.070898511412, 1817.070898511412, 1817.070898511412, 1817.070898511412, 1817.070898511412, 1817.070898511412, 1817.070898511412, 1817.070898511412, 1817.070898511412, 1817.070898511412, 1817.070898511412, 1817.070898511412, 1817.070898511412, 1817.070898511412, 1817.070898511412, 1817.070898511412, 1817.070898511412, 1817.070898511412, 1817.070898511412, 1817.070898511412, 1817.070898511412, 1817.070898511412, 1817.070898511412, 1817.070898511412, 1817.070898511412, 1817.070898511412, 1817.070898511412, 1817.070898511412, 1817.070898511412, 1817.070898511412, 1817.070898511412, 1817.070898511412, 1817.070898511412, 1817.070898511412, 1817.070898511412, 1817.070898511412, 1817.070898511412, 1817.070898511412, 1817.070898511412, 1817.070898511412, 1817.070898511412, 1817.070898511412, 1817.070898511412, 1817.070898511412, 1817.070898511412, 1817.070898511412, 1817.070898511412, 1817.070898511412, 1817.070898511412, 1817.070898511412, 1817.070898511412, 1817.070898511412, 1817.070898511412, 1817.070898511412, 1817.070898511412, 1817.070898511412, 1817.070898511412, 1817.070898511412, 1817.070898511412, 1817.070898511412, 1817.070898511412, 1817.070898511412, 1817.070898511412, 1817.070898511412, 1817.070898511412, 1817.070898511412, 1817.070898511412, 1817.070898511412, 1817.070898511412, 1817.070898511412, 1817.070898511412, 1817.070898511412, 1817.070898511412, 1817.070898511412, 1817.070898511412, 1817.070898511412, 1817.070898511412, 1817.070898511412, 1817.070898511412, 1817.070898511412, 1817.070898511412, 1817.070898511412, 1817.070898511412, 1817.070898511412, 1817.070898511412, 1817.070898511412, 1817.070898511412, 1817.070898511412, 1817.070898511412, 1817.070898511412, 1817.070898511412, 1817.070898511412, 1817.070898511412, 1817.070898511412, 1817.070898511412, 1817.070898511412, 1817.070898511412, 1817.070898511412, 1817.070898511412, 1817.070898511412, 1817.070898511412, 1817.070898511412, 1817.070898511412, 1817.070898511412, 1817.070898511412, 1817.070898511412, 1817.070898511412, 1817.070898511412, 1817.070898511412, 1817.070898511412, 1817.070898511412, 1817.070898511412, 1817.070898511412, 1817.070898511412, 1817.070898511412, 1817.070898511412, 1817.070898511412, 1817.070898511412, 1817.070898511412, 1817.070898511412, 1817.070898511412, 1817.070898511412, 1817.070898511412, 1817.070898511412, 1817.070898511412, 1817.070898511412, 1817.070898511412, 1817.070898511412, 1817.070898511412, 1817.070898511412, 1817.070898511412, 1817.070898511412, 1817.070898511412, 1817.070898511412, 1817.070898511412, 1817.070898511412, 1817.070898511412, 1817.070898511412, 1817.070898511412, 1817.070898511412, 1817.070898511412, 1817.070898511412, 1817.070898511412, 1817.070898511412, 1817.070898511412, 1817.070898511412, 1817.070898511412, 1817.070898511412, 1817.070898511412, 1817.070898511412, 1817.070898511412, 1817.070898511412, 1817.070898511412, 1817.070898511412, 1817.070898511412, 1817.070898511412, 1817.070898511412, 1817.070898511412, 1817.070898511412, 1817.070898511412, 1817.070898511412, 1817.070898511412, 1817.070898511412, 1817.070898511412, 1817.070898511412, 1817.070898511412, 1817.070898511412, 1817.070898511412, 1817.070898511412, 1817.070898511412, 1817.070898511412, 1817.070898511412, 1817.070898511412, 1817.070898511412, 1817.070898511412, 1817.070898511412, 1817.070898511412, 1817.070898511412, 1817.070898511412, 1817.070898511412, 1817.070898511412, 1817.070898511412, 1817.070898511412, 1817.070898511412, 1817.070898511412, 1817.070898511412, 1817.070898511412, 1817.070898511412, 1817.070898511412, 1817.070898511412, 1817.070898511412, 1817.070898511412, 1817.070898511412, 1817.070898511412, 1817.070898511412, 1817.070898511412, 1817.070898511412, 1817.070898511412, 1817.070898511412, 1817.070898511412, 1817.070898511412, 1817.070898511412, 1817.070898511412, 1817.070898511412, 1817.070898511412, 1817.070898511412, 1817.070898511412, 1817.070898511412, 1817.070898511412, 1817.070898511412, 1817.070898511412, 1817.070898511412, 1817.070898511412, 1817.070898511412, 1817.070898511412, 1817.070898511412, 1817.070898511412, 1817.070898511412, 1817.070898511412, 1817.070898511412, 1817.070898511412, 1817.070898511412, 1817.070898511412, 1817.070898511412, 1817.070898511412, 1817.070898511412, 1817.070898511412, 1817.070898511412, 1817.070898511412, 1817.070898511412, 1817.070898511412, 1817.070898511412, 1817.070898511412, 1817.070898511412, 1817.070898511412, 1817.070898511412, 1817.070898511412, 1817.070898511412, 1817.070898511412, 1817.070898511412, 1817.070898511412, 1817.070898511412, 1817.070898511412, 1817.070898511412, 1817.070898511412, 1817.070898511412, 1817.070898511412, 1817.070898511412, 1817.070898511412, 1817.070898511412, 1817.070898511412, 1817.070898511412, 1817.070898511412, 1817.070898511412, 1817.070898511412, 1817.070898511412, 1817.070898511412, 1817.070898511412, 1817.070898511412, 1817.070898511412, 1817.070898511412, 1817.070898511412, 1817.070898511412, 1817.070898511412, 1817.070898511412, 1817.070898511412, 1817.070898511412, 1817.070898511412, 1817.070898511412, 1817.070898511412, 1817.070898511412, 1817.070898511412, 1817.070898511412, 1817.070898511412, 1817.070898511412, 1817.070898511412, 1817.070898511412, 1817.070898511412, 1817.070898511412, 1817.070898511412, 1817.070898511412, 1817.070898511412, 1817.070898511412, 1817.070898511412, 1817.070898511412, 1817.070898511412, 1817.070898511412, 1817.070898511412, 1817.070898511412, 1817.070898511412, 1817.070898511412, 1817.070898511412, 1817.070898511412, 1817.070898511412, 1817.070898511412, 1817.070898511412, 1817.070898511412, 1817.070898511412, 1817.070898511412, 1817.070898511412, 1817.070898511412, 1817.070898511412, 1817.070898511412, 1817.070898511412, 1817.070898511412, 1817.070898511412, 1817.070898511412, 1817.070898511412, 1817.070898511412, 1817.070898511412, 1817.070898511412, 1817.070898511412, 1817.070898511412, 1817.070898511412, 1817.070898511412, 1817.070898511412, 1817.070898511412, 1817.070898511412, 1817.070898511412, 1817.070898511412, 1817.070898511412, 1817.070898511412, 1817.070898511412, 1817.070898511412, 1817.070898511412, 1817.070898511412, 1817.070898511412, 1817.070898511412, 1817.070898511412, 1817.070898511412, 1817.070898511412, 1817.070898511412, 1817.070898511412, 1817.070898511412, 1817.070898511412, 1817.070898511412, 1817.070898511412, 1817.070898511412, 1817.070898511412, 1817.070898511412, 1817.070898511412, 1817.070898511412, 1817.070898511412, 1817.070898511412, 1817.070898511412, 1817.070898511412, 1817.070898511412, 1817.070898511412, 1817.070898511412, 1817.070898511412, 1817.070898511412, 1817.070898511412, 1817.070898511412, 1817.070898511412, 1817.070898511412, 1817.070898511412, 1817.070898511412, 1817.070898511412, 1817.070898511412, 1817.070898511412, 1817.070898511412, 1817.070898511412, 1817.070898511412, 1817.070898511412, 1817.070898511412, 1817.070898511412, 1817.070898511412, 1817.070898511412, 1817.070898511412, 1817.070898511412, 1817.070898511412, 1817.070898511412, 1817.070898511412, 1817.070898511412, 1817.070898511412, 1817.070898511412, 1817.070898511412, 1817.070898511412, 1817.070898511412, 1817.070898511412, 1817.070898511412, 1817.070898511412, 1817.070898511412, 1817.070898511412, 1817.070898511412, 1817.070898511412, 1817.070898511412, 1817.070898511412, 1817.070898511412, 1817.070898511412, 1817.070898511412, 1817.070898511412, 1817.070898511412, 1817.070898511412, 1817.070898511412, 1817.070898511412, 1817.070898511412, 1817.070898511412, 1817.070898511412, 1817.070898511412, 1817.070898511412, 1817.070898511412, 1817.070898511412, 1817.070898511412, 1817.070898511412, 1817.070898511412, 1817.070898511412, 1817.070898511412, 1817.070898511412, 1817.070898511412, 1817.070898511412, 1817.070898511412, 1817.070898511412, 1817.070898511412, 1817.070898511412, 1817.070898511412, 1817.070898511412, 1817.070898511412, 1817.070898511412, 1817.070898511412, 1817.070898511412, 1817.070898511412, 1817.070898511412, 1817.070898511412, 1817.070898511412, 1817.070898511412, 1817.070898511412, 1817.070898511412, 1817.070898511412, 1817.070898511412, 1817.070898511412, 1817.070898511412, 1817.070898511412, 1817.070898511412, 1817.070898511412, 1817.070898511412, 1817.070898511412, 1817.070898511412, 1817.070898511412, 1817.070898511412, 1817.070898511412, 1817.070898511412, 1817.070898511412, 1817.070898511412, 1817.070898511412, 1817.070898511412, 1817.070898511412, 1817.070898511412, 1817.070898511412, 1817.070898511412, 1817.070898511412, 1817.070898511412, 1817.070898511412, 1817.070898511412, 1817.070898511412, 1817.070898511412, 1817.070898511412, 1817.070898511412, 1817.070898511412, 1817.070898511412, 1817.070898511412, 1817.070898511412, 1817.070898511412, 1817.070898511412, 1817.070898511412, 1817.070898511412, 1817.070898511412, 1817.070898511412, 1817.070898511412, 1817.070898511412, 1817.070898511412, 1817.070898511412, 1817.070898511412, 1817.070898511412, 1817.070898511412, 1817.070898511412, 1817.070898511412, 1817.070898511412, 1817.070898511412, 1817.070898511412, 1817.070898511412, 1817.070898511412, 1817.070898511412, 1817.070898511412, 1817.070898511412, 1817.070898511412, 1817.070898511412, 1817.070898511412, 1817.070898511412, 1817.070898511412, 1817.070898511412, 1817.070898511412, 1817.070898511412, 1817.070898511412, 1817.070898511412, 1817.070898511412, 1817.070898511412, 1817.070898511412, 1817.070898511412, 1817.070898511412, 1817.070898511412, 1817.070898511412, 1817.070898511412, 1817.070898511412, 1817.070898511412, 1817.070898511412, 1817.070898511412, 1817.070898511412, 1817.070898511412, 1817.070898511412, 1817.070898511412, 1817.070898511412, 1817.070898511412, 1817.070898511412, 1817.070898511412, 1817.070898511412, 1817.070898511412, 1817.070898511412, 1817.070898511412, 1817.070898511412, 1817.070898511412, 1817.070898511412, 1817.070898511412, 1817.070898511412, 1817.070898511412, 1817.070898511412, 1817.070898511412, 1817.070898511412, 1817.070898511412, 1817.070898511412, 1817.070898511412, 1817.070898511412, 1817.070898511412, 1817.070898511412, 1817.070898511412, 1817.070898511412, 1817.070898511412, 1817.070898511412, 1817.070898511412, 1817.070898511412, 1817.070898511412, 1817.070898511412, 1817.070898511412, 1817.070898511412, 1817.070898511412, 1817.070898511412, 1817.070898511412, 1817.070898511412, 1817.070898511412, 1817.070898511412, 1817.070898511412, 1817.070898511412, 1817.070898511412, 1817.070898511412, 1817.070898511412, 1817.070898511412, 1817.070898511412, 1817.070898511412, 1817.070898511412, 1817.070898511412, 1817.070898511412, 1817.070898511412, 1817.070898511412, 1817.070898511412, 1817.070898511412, 1817.070898511412, 1817.070898511412, 1817.070898511412, 1817.070898511412, 1817.070898511412, 1817.070898511412, 1817.070898511412, 1817.070898511412, 1817.070898511412, 1817.070898511412, 1817.070898511412, 1817.070898511412, 1817.070898511412, 1817.070898511412, 1817.070898511412, 1817.070898511412, 1817.070898511412, 1817.070898511412, 1817.070898511412, 1817.070898511412, 1817.070898511412, 1817.070898511412, 1817.070898511412, 1817.070898511412, 1817.070898511412, 1817.070898511412, 1817.070898511412, 1817.070898511412, 1817.070898511412, 1817.070898511412, 1817.070898511412, 1817.070898511412, 1817.070898511412, 1817.070898511412, 1817.070898511412, 1817.070898511412, 1817.070898511412, 1817.070898511412, 1817.070898511412, 1817.070898511412, 1817.070898511412, 1817.070898511412, 1817.070898511412, 1817.070898511412, 1817.070898511412, 1817.070898511412, 1817.070898511412, 1817.070898511412, 1817.070898511412, 1817.070898511412, 1817.070898511412, 1817.070898511412, 1817.070898511412, 1817.070898511412, 1817.070898511412, 1817.070898511412, 1817.070898511412, 1817.070898511412, 1817.070898511412, 1817.070898511412, 1817.070898511412, 1817.070898511412, 1817.070898511412, 1817.070898511412, 1817.070898511412, 1817.070898511412, 1817.070898511412, 1817.070898511412, 1817.070898511412, 1817.070898511412, 1817.070898511412, 1817.070898511412, 1817.070898511412, 1817.070898511412, 1817.070898511412, 1817.070898511412, 1817.070898511412, 1817.070898511412, 1817.070898511412, 1817.070898511412, 1817.070898511412, 1817.070898511412, 1817.070898511412, 1817.070898511412, 1817.070898511412, 1817.070898511412, 1817.070898511412, 1817.070898511412, 1817.070898511412, 1817.070898511412, 1817.070898511412, 1817.070898511412, 1817.070898511412, 1817.070898511412, 1817.070898511412, 1817.070898511412, 1817.070898511412, 1817.070898511412, 1817.070898511412, 1817.070898511412, 1817.070898511412, 1817.070898511412, 1817.070898511412, 1817.070898511412, 1817.070898511412, 1817.070898511412, 1817.070898511412, 1817.070898511412, 1817.070898511412, 1817.070898511412, 1817.070898511412, 1817.070898511412, 1817.070898511412, 1817.070898511412, 1817.070898511412, 1817.070898511412, 1817.070898511412, 1817.070898511412, 1817.070898511412, 1817.070898511412, 1817.070898511412, 1817.070898511412, 1817.070898511412, 1817.070898511412, 1817.070898511412, 1817.070898511412, 1817.070898511412, 1817.070898511412, 1817.070898511412, 1817.070898511412, 1817.070898511412, 1817.070898511412, 1817.070898511412, 1817.070898511412, 1817.070898511412, 1817.070898511412, 1817.070898511412, 1817.070898511412, 1817.070898511412, 1817.070898511412, 1817.070898511412, 1817.070898511412, 1817.070898511412, 1817.070898511412, 1817.070898511412, 1817.070898511412, 1817.070898511412, 1817.070898511412, 1817.070898511412, 1817.070898511412, 1817.070898511412, 1817.070898511412, 1817.070898511412, 1817.070898511412, 1817.070898511412, 1817.070898511412, 1817.070898511412, 1817.070898511412, 1817.070898511412, 1817.070898511412, 1817.070898511412, 1817.070898511412, 1817.070898511412, 1817.070898511412, 1817.070898511412, 1817.070898511412, 1817.070898511412, 1817.070898511412, 1817.070898511412, 1817.070898511412, 1817.070898511412, 1817.070898511412, 1817.070898511412, 1817.070898511412, 1817.070898511412, 1817.070898511412, 1817.070898511412, 1817.070898511412, 1817.070898511412, 1817.070898511412, 1817.070898511412, 1817.070898511412, 1817.070898511412, 1817.070898511412, 1817.070898511412, 1817.070898511412, 1817.070898511412, 1817.070898511412, 1817.070898511412, 1817.070898511412, 1817.070898511412, 1817.070898511412, 1817.070898511412, 1817.070898511412, 1817.070898511412, 1817.070898511412, 1817.070898511412, 1817.070898511412, 1817.070898511412, 1817.070898511412, 1817.070898511412, 1817.070898511412, 1817.070898511412, 1817.070898511412, 1817.070898511412, 1817.070898511412, 1817.070898511412, 1817.070898511412, 1817.070898511412, 1817.070898511412, 1817.070898511412, 1817.070898511412, 1817.070898511412, 1817.070898511412, 1817.070898511412, 1817.070898511412, 1817.070898511412, 1817.070898511412, 1817.070898511412, 1817.070898511412, 1817.070898511412, 1817.070898511412, 1817.070898511412, 1817.070898511412, 1817.070898511412, 1817.070898511412, 1817.070898511412, 1817.070898511412, 1817.070898511412, 1817.070898511412, 1817.070898511412, 1817.070898511412, 1817.070898511412, 1817.070898511412, 1817.070898511412, 1817.070898511412, 1817.070898511412, 1817.070898511412, 1817.070898511412, 1817.070898511412, 1817.070898511412, 1817.070898511412, 1817.070898511412, 1817.070898511412, 1817.070898511412, 1817.070898511412, 1817.070898511412, 1817.070898511412, 1817.070898511412, 1817.070898511412, 1817.070898511412, 1817.070898511412, 1817.070898511412, 1817.070898511412, 1817.070898511412, 1817.070898511412, 1817.070898511412, 1817.070898511412, 1817.070898511412, 1817.070898511412, 1817.070898511412, 1817.070898511412, 1817.070898511412, 1817.070898511412, 1817.070898511412, 1817.070898511412, 1817.070898511412, 1817.070898511412, 1817.070898511412, 1817.070898511412, 1817.070898511412, 1817.070898511412, 1817.070898511412, 1817.070898511412, 1817.070898511412, 1817.070898511412, 1817.070898511412, 1817.070898511412, 1817.070898511412, 1817.070898511412, 1817.070898511412, 1817.070898511412, 1817.070898511412, 1817.070898511412, 1817.070898511412, 1817.070898511412, 1817.070898511412, 1817.070898511412, 1817.070898511412, 1817.070898511412, 1817.070898511412, 1817.070898511412, 1817.070898511412, 1817.070898511412, 1817.070898511412, 1817.070898511412, 1817.070898511412, 1817.070898511412, 1817.070898511412, 1817.070898511412, 1817.070898511412, 1817.070898511412, 1817.070898511412, 1817.070898511412, 1817.070898511412, 1817.070898511412, 1817.070898511412, 1817.070898511412, 1817.070898511412, 1817.070898511412, 1817.070898511412, 1817.070898511412, 1817.070898511412, 1817.070898511412, 1817.070898511412, 1817.070898511412, 1817.070898511412, 1817.070898511412, 1817.070898511412, 1817.070898511412, 1817.070898511412, 1817.070898511412, 1817.070898511412, 1817.070898511412, 1817.070898511412, 1817.070898511412, 1817.070898511412, 1817.070898511412, 1817.070898511412, 1817.070898511412, 1817.070898511412, 1817.070898511412, 1817.070898511412, 1817.070898511412, 1817.070898511412, 1817.070898511412, 1817.070898511412, 1817.070898511412, 1817.070898511412, 1817.070898511412, 1817.070898511412, 1817.070898511412, 1817.070898511412, 1817.070898511412, 1817.070898511412, 1817.070898511412, 1817.070898511412, 1817.070898511412, 1817.070898511412, 1817.070898511412, 1817.070898511412, 1817.070898511412, 1817.070898511412, 1817.070898511412, 1817.070898511412, 1817.070898511412, 1817.070898511412, 1817.070898511412, 1817.070898511412, 1817.070898511412, 1817.070898511412, 1817.070898511412, 1817.070898511412, 1817.070898511412, 1817.070898511412, 1817.070898511412, 1817.070898511412, 1817.070898511412, 1817.070898511412, 1817.070898511412, 1817.070898511412, 1817.070898511412, 1817.070898511412, 1817.070898511412, 1817.070898511412, 1817.070898511412, 1817.070898511412, 1817.070898511412, 1817.070898511412, 1817.070898511412, 1817.070898511412, 1817.070898511412, 1817.070898511412, 1817.070898511412, 1817.070898511412, 1817.070898511412, 1817.070898511412, 1817.070898511412, 1817.070898511412, 1817.070898511412, 1817.070898511412, 1817.070898511412, 1817.070898511412, 1817.070898511412, 1817.070898511412, 1817.070898511412, 1817.070898511412, 1817.070898511412, 1817.070898511412, 1817.070898511412, 1817.070898511412, 1817.070898511412, 1817.070898511412, 1817.070898511412, 1817.070898511412, 1817.070898511412, 1817.070898511412, 1817.070898511412, 1817.070898511412, 1817.070898511412, 1817.070898511412, 1817.070898511412, 1817.070898511412, 1817.070898511412, 1817.070898511412, 1817.070898511412, 1817.070898511412, 1817.070898511412, 1817.070898511412, 1817.070898511412, 1817.070898511412, 1817.070898511412, 1817.070898511412, 1817.070898511412, 1817.070898511412, 1817.070898511412, 1817.070898511412, 1817.070898511412, 1817.070898511412, 1817.070898511412, 1817.070898511412, 1817.070898511412, 1817.070898511412, 1817.070898511412, 1817.070898511412, 1817.070898511412, 1817.070898511412, 1817.070898511412, 1817.070898511412, 1817.070898511412, 1817.070898511412, 1817.070898511412, 1817.070898511412, 1817.070898511412, 1817.070898511412, 1817.070898511412, 1817.070898511412, 1817.070898511412, 1817.070898511412, 1817.070898511412, 1817.070898511412, 1817.070898511412, 1817.070898511412, 1817.070898511412, 1817.070898511412, 1817.070898511412, 1817.070898511412, 1817.070898511412, 1817.070898511412, 1817.070898511412, 1817.070898511412, 1817.070898511412, 1817.070898511412, 1817.070898511412, 1817.070898511412, 1817.070898511412, 1817.070898511412, 1817.070898511412, 1817.070898511412, 1817.070898511412, 1817.070898511412, 1817.070898511412, 1817.070898511412, 1817.070898511412, 1817.070898511412, 1817.070898511412, 1817.070898511412, 1817.070898511412, 1817.070898511412, 1817.070898511412, 1817.070898511412, 1817.070898511412, 1817.070898511412, 1817.070898511412, 1817.070898511412, 1817.070898511412, 1817.070898511412, 1817.070898511412, 1817.070898511412, 1817.070898511412, 1817.070898511412, 1817.070898511412, 1817.070898511412, 1817.070898511412, 1817.070898511412, 1817.070898511412, 1817.070898511412, 1817.070898511412, 1817.070898511412, 1817.070898511412, 1817.070898511412, 1817.070898511412, 1817.070898511412, 1817.070898511412, 1817.070898511412, 1817.070898511412, 1817.070898511412, 1817.070898511412, 1817.070898511412, 1817.070898511412, 1817.070898511412, 1817.070898511412, 1817.070898511412, 1817.070898511412, 1817.070898511412, 1817.070898511412, 1817.070898511412, 1817.070898511412, 1817.070898511412, 1817.070898511412, 1817.070898511412, 1817.070898511412, 1817.070898511412, 1817.070898511412, 1817.070898511412, 1817.070898511412, 1817.070898511412, 1817.070898511412, 1817.070898511412, 1817.070898511412, 1817.070898511412, 1817.070898511412, 1817.070898511412, 1817.070898511412, 1817.070898511412, 1817.070898511412, 1817.070898511412, 1817.070898511412, 1817.070898511412, 1817.070898511412, 1817.070898511412, 1817.070898511412, 1817.070898511412, 1817.070898511412, 1817.070898511412, 1817.070898511412, 1817.070898511412, 1817.070898511412, 1817.070898511412, 1817.070898511412, 1817.070898511412, 1817.070898511412, 1817.070898511412, 1817.070898511412, 1817.070898511412, 1817.070898511412, 1817.070898511412, 1817.070898511412, 1817.070898511412, 1817.070898511412, 1817.070898511412, 1817.070898511412, 1817.070898511412, 1817.070898511412, 1817.070898511412, 1817.070898511412, 1817.070898511412]
Computational time : 266.932999849