Name : Ahmed ElMousel
Problem : X-n190-k8 
Whale Algorithm 
cost : 562.35429097
Routes : 
1->48->5->18->45->16->46->34->11->50->13->1
1->7->15->26->25->44->8->24->49->2->28->1
1->6->38->43->20->41->42->14->19->1
1->33->12->17->30->22->51->35->31->40->10->39->47->1
1->23->3->21->36->37->4->29->32->27->9->1
1->1
best solutions : 
[607.0303959030546, 603.6018215693057, 603.6018215693057, 603.6018215693057, 592.999713553518, 592.999713553518, 588.9269900198924, 584.8505925275058, 584.8505925275058, 583.4717157348578, 583.4717157348578, 583.4717157348578, 583.4717157348578, 582.3623646263521, 579.4428334491495, 579.4428334491495, 579.4428334491495, 579.4428334491495, 579.4428334491495, 579.4428334491495, 579.4428334491495, 575.6870361879074, 575.6870361879074, 575.6870361879074, 575.6870361879074, 574.0114222320101, 574.0114222320101, 568.4501357219715, 568.4501357219715, 568.4501357219715, 568.4501357219715, 568.4501357219715, 568.4501357219715, 566.9394042544682, 566.9394042544682, 566.9394042544682, 566.9394042544682, 566.9394042544682, 566.9394042544682, 566.324683342332, 566.324683342332, 564.8139518748287, 564.8139518748287, 564.8139518748287, 564.8139518748287, 564.8139518748287, 564.8139518748287, 564.8139518748287, 564.8139518748287, 564.8139518748287, 564.8139518748287, 564.8139518748287, 564.8139518748287, 564.8139518748287, 564.8139518748287, 564.8139518748287, 564.8139518748287, 564.8139518748287, 564.8139518748287, 564.8139518748287, 564.8139518748287, 564.8139518748287, 563.7837532197318, 562.3542909703324, 562.3542909703324, 562.3542909703324, 562.3542909703324, 562.3542909703324, 562.3542909703324, 562.3542909703324, 562.3542909703324, 562.3542909703324, 562.3542909703324, 562.3542909703324, 562.3542909703324, 562.3542909703324, 562.3542909703324, 562.3542909703324, 562.3542909703324, 562.3542909703324, 562.3542909703324, 562.3542909703324, 562.3542909703324, 562.3542909703324, 562.3542909703324, 562.3542909703324, 562.3542909703324, 562.3542909703324, 562.3542909703324, 562.3542909703324, 562.3542909703324, 562.3542909703324, 562.3542909703324, 562.3542909703324, 562.3542909703324, 562.3542909703324, 562.3542909703324, 562.3542909703324, 562.3542909703324, 562.3542909703324, 562.3542909703324, 562.3542909703324, 562.3542909703324, 562.3542909703324, 562.3542909703324, 562.3542909703324, 562.3542909703324, 562.3542909703324, 562.3542909703324, 562.3542909703324, 562.3542909703324, 562.3542909703324, 562.3542909703324, 562.3542909703324, 562.3542909703324, 562.3542909703324, 562.3542909703324, 562.3542909703324, 562.3542909703324, 562.3542909703324, 562.3542909703324, 562.3542909703324, 562.3542909703324, 562.3542909703323, 562.3542909703323, 562.3542909703323, 562.3542909703323, 562.3542909703323, 562.3542909703323, 562.3542909703323, 562.3542909703323, 562.3542909703323, 562.3542909703323, 562.3542909703323, 562.3542909703323, 562.3542909703323, 562.3542909703323, 562.3542909703323, 562.3542909703323, 562.3542909703323, 562.3542909703323, 562.3542909703323, 562.3542909703323, 562.3542909703323, 562.3542909703323, 562.3542909703323, 562.3542909703323, 562.3542909703323, 562.3542909703323, 562.3542909703323, 562.3542909703323, 562.3542909703323, 562.3542909703323, 562.3542909703323, 562.3542909703323, 562.3542909703323, 562.3542909703323, 562.3542909703323, 562.3542909703323, 562.3542909703323, 562.3542909703323, 562.3542909703323, 562.3542909703323, 562.3542909703323, 562.3542909703323, 562.3542909703323, 562.3542909703323, 562.3542909703323, 562.3542909703323, 562.3542909703323, 562.3542909703323, 562.3542909703323, 562.3542909703323, 562.3542909703323, 562.3542909703323, 562.3542909703323, 562.3542909703323, 562.3542909703323, 562.3542909703323, 562.3542909703323, 562.3542909703323, 562.3542909703323, 562.3542909703323, 562.3542909703323, 562.3542909703323, 562.3542909703323, 562.3542909703323, 562.3542909703323, 562.3542909703323, 562.3542909703323, 562.3542909703323, 562.3542909703323, 562.3542909703323, 562.3542909703323, 562.3542909703323, 562.3542909703323, 562.3542909703323, 562.3542909703323, 562.3542909703323, 562.3542909703323, 562.3542909703323, 562.3542909703323, 562.3542909703323, 562.3542909703323, 562.3542909703323, 562.3542909703323, 562.3542909703323, 562.3542909703323, 562.3542909703323, 562.3542909703323, 562.3542909703323, 562.3542909703323, 562.3542909703323, 562.3542909703323, 562.3542909703323, 562.3542909703323, 562.3542909703323, 562.3542909703323, 562.3542909703323, 562.3542909703323, 562.3542909703323, 562.3542909703323, 562.3542909703323, 562.3542909703323, 562.3542909703323, 562.3542909703323, 562.3542909703323, 562.3542909703323, 562.3542909703323, 562.3542909703323, 562.3542909703323, 562.3542909703323, 562.3542909703323, 562.3542909703323, 562.3542909703323, 562.3542909703323, 562.3542909703323, 562.3542909703323, 562.3542909703323, 562.3542909703323, 562.3542909703323, 562.3542909703323, 562.3542909703323, 562.3542909703323, 562.3542909703323, 562.3542909703323, 562.3542909703323, 562.3542909703323, 562.3542909703323, 562.3542909703323, 562.3542909703323, 562.3542909703323, 562.3542909703323, 562.3542909703323, 562.3542909703323, 562.3542909703323, 562.3542909703323, 562.3542909703323, 562.3542909703323, 562.3542909703323, 562.3542909703323, 562.3542909703323, 562.3542909703323, 562.3542909703323, 562.3542909703323, 562.3542909703323, 562.3542909703323, 562.3542909703323, 562.3542909703323, 562.3542909703323, 562.3542909703323, 562.3542909703323, 562.3542909703323, 562.3542909703323, 562.3542909703323, 562.3542909703323, 562.3542909703323, 562.3542909703323, 562.3542909703323, 562.3542909703323, 562.3542909703323, 562.3542909703323, 562.3542909703323, 562.3542909703323, 562.3542909703323, 562.3542909703323, 562.3542909703323, 562.3542909703323, 562.3542909703323, 562.3542909703323, 562.3542909703323, 562.3542909703323, 562.3542909703323, 562.3542909703323, 562.3542909703323, 562.3542909703323, 562.3542909703323, 562.3542909703323, 562.3542909703323, 562.3542909703323, 562.3542909703323, 562.3542909703323, 562.3542909703323, 562.3542909703323, 562.3542909703323, 562.3542909703323, 562.3542909703323, 562.3542909703323, 562.3542909703323, 562.3542909703323, 562.3542909703323, 562.3542909703323, 562.3542909703323, 562.3542909703323, 562.3542909703323, 562.3542909703323, 562.3542909703323, 562.3542909703323, 562.3542909703323, 562.3542909703323, 562.3542909703323, 562.3542909703323, 562.3542909703323, 562.3542909703323, 562.3542909703323, 562.3542909703323, 562.3542909703323, 562.3542909703323, 562.3542909703323, 562.3542909703323, 562.3542909703323, 562.3542909703323, 562.3542909703323, 562.3542909703323, 562.3542909703323, 562.3542909703323, 562.3542909703323, 562.3542909703323, 562.3542909703323, 562.3542909703323, 562.3542909703323, 562.3542909703323, 562.3542909703323, 562.3542909703323, 562.3542909703323, 562.3542909703323, 562.3542909703323, 562.3542909703323, 562.3542909703323, 562.3542909703323, 562.3542909703323, 562.3542909703323, 562.3542909703323, 562.3542909703323, 562.3542909703323, 562.3542909703323, 562.3542909703323, 562.3542909703323, 562.3542909703323, 562.3542909703323, 562.3542909703323, 562.3542909703323, 562.3542909703323, 562.3542909703323, 562.3542909703323, 562.3542909703323, 562.3542909703323, 562.3542909703323, 562.3542909703323, 562.3542909703323, 562.3542909703323, 562.3542909703323, 562.3542909703323, 562.3542909703323, 562.3542909703323, 562.3542909703323, 562.3542909703323, 562.3542909703323, 562.3542909703323, 562.3542909703323, 562.3542909703323, 562.3542909703323, 562.3542909703323, 562.3542909703323, 562.3542909703323, 562.3542909703323, 562.3542909703323, 562.3542909703323, 562.3542909703323, 562.3542909703323, 562.3542909703323, 562.3542909703323, 562.3542909703323, 562.3542909703323, 562.3542909703323, 562.3542909703323, 562.3542909703323, 562.3542909703323, 562.3542909703323, 562.3542909703323, 562.3542909703323, 562.3542909703323, 562.3542909703323, 562.3542909703323, 562.3542909703323, 562.3542909703323, 562.3542909703323, 562.3542909703323, 562.3542909703323, 562.3542909703323, 562.3542909703323, 562.3542909703323, 562.3542909703323, 562.3542909703323, 562.3542909703323, 562.3542909703323, 562.3542909703323, 562.3542909703323, 562.3542909703323, 562.3542909703323, 562.3542909703323, 562.3542909703323, 562.3542909703323, 562.3542909703323, 562.3542909703323, 562.3542909703323, 562.3542909703323, 562.3542909703323, 562.3542909703323, 562.3542909703323, 562.3542909703323, 562.3542909703323, 562.3542909703323, 562.3542909703323, 562.3542909703323, 562.3542909703323, 562.3542909703323, 562.3542909703323, 562.3542909703323, 562.3542909703323, 562.3542909703323, 562.3542909703323, 562.3542909703323, 562.3542909703323, 562.3542909703323, 562.3542909703323, 562.3542909703323, 562.3542909703323, 562.3542909703323, 562.3542909703323, 562.3542909703323, 562.3542909703323, 562.3542909703323, 562.3542909703323, 562.3542909703323, 562.3542909703323, 562.3542909703323, 562.3542909703323, 562.3542909703323, 562.3542909703323, 562.3542909703323, 562.3542909703323, 562.3542909703323, 562.3542909703323, 562.3542909703323, 562.3542909703323, 562.3542909703323, 562.3542909703323, 562.3542909703323, 562.3542909703323, 562.3542909703323, 562.3542909703323, 562.3542909703323, 562.3542909703323, 562.3542909703323, 562.3542909703323, 562.3542909703323, 562.3542909703323, 562.3542909703323, 562.3542909703323, 562.3542909703323, 562.3542909703323, 562.3542909703323, 562.3542909703323, 562.3542909703323, 562.3542909703323, 562.3542909703323, 562.3542909703323, 562.3542909703323, 562.3542909703323, 562.3542909703323, 562.3542909703323, 562.3542909703323, 562.3542909703323, 562.3542909703323, 562.3542909703323, 562.3542909703323, 562.3542909703323, 562.3542909703323, 562.3542909703323, 562.3542909703323, 562.3542909703323, 562.3542909703323, 562.3542909703323, 562.3542909703323, 562.3542909703323, 562.3542909703323, 562.3542909703323, 562.3542909703323, 562.3542909703323, 562.3542909703323, 562.3542909703323, 562.3542909703323, 562.3542909703323, 562.3542909703323, 562.3542909703323, 562.3542909703323, 562.3542909703323, 562.3542909703323, 562.3542909703323, 562.3542909703323, 562.3542909703323, 562.3542909703323, 562.3542909703323, 562.3542909703323, 562.3542909703323, 562.3542909703323, 562.3542909703323, 562.3542909703323, 562.3542909703323, 562.3542909703323, 562.3542909703323, 562.3542909703323, 562.3542909703323, 562.3542909703323, 562.3542909703323, 562.3542909703323, 562.3542909703323, 562.3542909703323, 562.3542909703323, 562.3542909703323, 562.3542909703323, 562.3542909703323, 562.3542909703323, 562.3542909703323, 562.3542909703323, 562.3542909703323, 562.3542909703323, 562.3542909703323, 562.3542909703323, 562.3542909703323, 562.3542909703323, 562.3542909703323, 562.3542909703323, 562.3542909703323, 562.3542909703323, 562.3542909703323, 562.3542909703323, 562.3542909703323, 562.3542909703323, 562.3542909703323, 562.3542909703323, 562.3542909703323, 562.3542909703323, 562.3542909703323, 562.3542909703323, 562.3542909703323, 562.3542909703323, 562.3542909703323, 562.3542909703323, 562.3542909703323, 562.3542909703323, 562.3542909703323, 562.3542909703323, 562.3542909703323, 562.3542909703323, 562.3542909703323, 562.3542909703323, 562.3542909703323, 562.3542909703323, 562.3542909703323, 562.3542909703323, 562.3542909703323, 562.3542909703323, 562.3542909703323, 562.3542909703323, 562.3542909703323, 562.3542909703323, 562.3542909703323, 562.3542909703323, 562.3542909703323, 562.3542909703323, 562.3542909703323, 562.3542909703323, 562.3542909703323, 562.3542909703323, 562.3542909703323, 562.3542909703323, 562.3542909703323, 562.3542909703323, 562.3542909703323, 562.3542909703323, 562.3542909703323, 562.3542909703323, 562.3542909703323, 562.3542909703323, 562.3542909703323, 562.3542909703323, 562.3542909703323, 562.3542909703323, 562.3542909703323, 562.3542909703323, 562.3542909703323, 562.3542909703323, 562.3542909703323, 562.3542909703323, 562.3542909703323, 562.3542909703323, 562.3542909703323, 562.3542909703323, 562.3542909703323, 562.3542909703323, 562.3542909703323, 562.3542909703323, 562.3542909703323, 562.3542909703323, 562.3542909703323, 562.3542909703323, 562.3542909703323, 562.3542909703323, 562.3542909703323, 562.3542909703323, 562.3542909703323, 562.3542909703323, 562.3542909703323, 562.3542909703323, 562.3542909703323, 562.3542909703323, 562.3542909703323, 562.3542909703323, 562.3542909703323, 562.3542909703323, 562.3542909703323, 562.3542909703323, 562.3542909703323, 562.3542909703323, 562.3542909703323, 562.3542909703323, 562.3542909703323, 562.3542909703323, 562.3542909703323, 562.3542909703323, 562.3542909703323, 562.3542909703323, 562.3542909703323, 562.3542909703323, 562.3542909703323, 562.3542909703323, 562.3542909703323, 562.3542909703323, 562.3542909703323, 562.3542909703323, 562.3542909703323, 562.3542909703323, 562.3542909703323, 562.3542909703323, 562.3542909703323, 562.3542909703323, 562.3542909703323, 562.3542909703323, 562.3542909703323, 562.3542909703323, 562.3542909703323, 562.3542909703323, 562.3542909703323, 562.3542909703323, 562.3542909703323, 562.3542909703323, 562.3542909703323, 562.3542909703323, 562.3542909703323, 562.3542909703323, 562.3542909703323, 562.3542909703323, 562.3542909703323, 562.3542909703323, 562.3542909703323, 562.3542909703323, 562.3542909703323, 562.3542909703323, 562.3542909703323, 562.3542909703323, 562.3542909703323, 562.3542909703323, 562.3542909703323, 562.3542909703323, 562.3542909703323, 562.3542909703323, 562.3542909703323, 562.3542909703323, 562.3542909703323, 562.3542909703323, 562.3542909703323, 562.3542909703323, 562.3542909703323, 562.3542909703323, 562.3542909703323, 562.3542909703323, 562.3542909703323, 562.3542909703323, 562.3542909703323, 562.3542909703323, 562.3542909703323, 562.3542909703323, 562.3542909703323, 562.3542909703323, 562.3542909703323, 562.3542909703323, 562.3542909703323, 562.3542909703323, 562.3542909703323, 562.3542909703323, 562.3542909703323, 562.3542909703323, 562.3542909703323, 562.3542909703323, 562.3542909703323, 562.3542909703323, 562.3542909703323, 562.3542909703323, 562.3542909703323, 562.3542909703323, 562.3542909703323, 562.3542909703323, 562.3542909703323, 562.3542909703323, 562.3542909703323, 562.3542909703323, 562.3542909703323, 562.3542909703323, 562.3542909703323, 562.3542909703323, 562.3542909703323, 562.3542909703323, 562.3542909703323, 562.3542909703323, 562.3542909703323, 562.3542909703323, 562.3542909703323, 562.3542909703323, 562.3542909703323, 562.3542909703323, 562.3542909703323, 562.3542909703323, 562.3542909703323, 562.3542909703323, 562.3542909703323, 562.3542909703323, 562.3542909703323, 562.3542909703323, 562.3542909703323, 562.3542909703323, 562.3542909703323, 562.3542909703323, 562.3542909703323, 562.3542909703323, 562.3542909703323, 562.3542909703323, 562.3542909703323, 562.3542909703323, 562.3542909703323, 562.3542909703323, 562.3542909703323, 562.3542909703323, 562.3542909703323, 562.3542909703323, 562.3542909703323, 562.3542909703323, 562.3542909703323, 562.3542909703323, 562.3542909703323, 562.3542909703323, 562.3542909703323, 562.3542909703323, 562.3542909703323, 562.3542909703323, 562.3542909703323, 562.3542909703323, 562.3542909703323, 562.3542909703323, 562.3542909703323, 562.3542909703323, 562.3542909703323, 562.3542909703323, 562.3542909703323, 562.3542909703323, 562.3542909703323, 562.3542909703323, 562.3542909703323, 562.3542909703323, 562.3542909703323, 562.3542909703323, 562.3542909703323, 562.3542909703323, 562.3542909703323, 562.3542909703323, 562.3542909703323, 562.3542909703323, 562.3542909703323, 562.3542909703323, 562.3542909703323, 562.3542909703323, 562.3542909703323, 562.3542909703323, 562.3542909703323, 562.3542909703323, 562.3542909703323, 562.3542909703323, 562.3542909703323, 562.3542909703323, 562.3542909703323, 562.3542909703323, 562.3542909703323, 562.3542909703323, 562.3542909703323, 562.3542909703323, 562.3542909703323, 562.3542909703323, 562.3542909703323, 562.3542909703323, 562.3542909703323, 562.3542909703323, 562.3542909703323, 562.3542909703323, 562.3542909703323, 562.3542909703323, 562.3542909703323, 562.3542909703323, 562.3542909703323, 562.3542909703323, 562.3542909703323, 562.3542909703323, 562.3542909703323, 562.3542909703323, 562.3542909703323, 562.3542909703323, 562.3542909703323, 562.3542909703323, 562.3542909703323, 562.3542909703323, 562.3542909703323, 562.3542909703323, 562.3542909703323, 562.3542909703323, 562.3542909703323, 562.3542909703323, 562.3542909703323, 562.3542909703323, 562.3542909703323, 562.3542909703323, 562.3542909703323, 562.3542909703323, 562.3542909703323, 562.3542909703323, 562.3542909703323, 562.3542909703323, 562.3542909703323, 562.3542909703323, 562.3542909703323, 562.3542909703323, 562.3542909703323, 562.3542909703323, 562.3542909703323, 562.3542909703323, 562.3542909703323, 562.3542909703323, 562.3542909703323, 562.3542909703323, 562.3542909703323, 562.3542909703323, 562.3542909703323, 562.3542909703323, 562.3542909703323, 562.3542909703323, 562.3542909703323, 562.3542909703323, 562.3542909703323, 562.3542909703323, 562.3542909703323, 562.3542909703323, 562.3542909703323, 562.3542909703323, 562.3542909703323, 562.3542909703323, 562.3542909703323, 562.3542909703323, 562.3542909703323, 562.3542909703323, 562.3542909703323, 562.3542909703323, 562.3542909703323, 562.3542909703323, 562.3542909703323, 562.3542909703323, 562.3542909703323, 562.3542909703323, 562.3542909703323, 562.3542909703323, 562.3542909703323, 562.3542909703323, 562.3542909703323, 562.3542909703323, 562.3542909703323, 562.3542909703323, 562.3542909703323, 562.3542909703323, 562.3542909703323, 562.3542909703323, 562.3542909703323, 562.3542909703323, 562.3542909703323, 562.3542909703323, 562.3542909703323, 562.3542909703323, 562.3542909703323, 562.3542909703323, 562.3542909703323, 562.3542909703323, 562.3542909703323, 562.3542909703323, 562.3542909703323, 562.3542909703323, 562.3542909703323, 562.3542909703323, 562.3542909703323, 562.3542909703323, 562.3542909703323, 562.3542909703323, 562.3542909703323, 562.3542909703323, 562.3542909703323, 562.3542909703323, 562.3542909703323, 562.3542909703323, 562.3542909703323, 562.3542909703323, 562.3542909703323, 562.3542909703323, 562.3542909703323, 562.3542909703323, 562.3542909703323, 562.3542909703323, 562.3542909703323, 562.3542909703323, 562.3542909703323, 562.3542909703323, 562.3542909703323, 562.3542909703323, 562.3542909703323, 562.3542909703323, 562.3542909703323, 562.3542909703323, 562.3542909703323, 562.3542909703323, 562.3542909703323, 562.3542909703323, 562.3542909703323, 562.3542909703323, 562.3542909703323, 562.3542909703323, 562.3542909703323, 562.3542909703323, 562.3542909703323, 562.3542909703323, 562.3542909703323, 562.3542909703323, 562.3542909703323, 562.3542909703323, 562.3542909703323, 562.3542909703323, 562.3542909703323, 562.3542909703323, 562.3542909703323, 562.3542909703323, 562.3542909703323, 562.3542909703323, 562.3542909703323, 562.3542909703323, 562.3542909703323, 562.3542909703323, 562.3542909703323, 562.3542909703323, 562.3542909703323, 562.3542909703323, 562.3542909703323, 562.3542909703323, 562.3542909703323, 562.3542909703323, 562.3542909703323, 562.3542909703323, 562.3542909703323, 562.3542909703323, 562.3542909703323, 562.3542909703323, 562.3542909703323, 562.3542909703323, 562.3542909703323, 562.3542909703323, 562.3542909703323, 562.3542909703323, 562.3542909703323, 562.3542909703323, 562.3542909703323, 562.3542909703323, 562.3542909703323, 562.3542909703323, 562.3542909703323, 562.3542909703323, 562.3542909703323, 562.3542909703323, 562.3542909703323, 562.3542909703323, 562.3542909703323, 562.3542909703323, 562.3542909703323, 562.3542909703323, 562.3542909703323, 562.3542909703323, 562.3542909703323, 562.3542909703323, 562.3542909703323, 562.3542909703323, 562.3542909703323, 562.3542909703323, 562.3542909703323, 562.3542909703323, 562.3542909703323, 562.3542909703323, 562.3542909703323, 562.3542909703323, 562.3542909703323, 562.3542909703323, 562.3542909703323, 562.3542909703323, 562.3542909703323, 562.3542909703323, 562.3542909703323, 562.3542909703323, 562.3542909703323, 562.3542909703323, 562.3542909703323, 562.3542909703323, 562.3542909703323, 562.3542909703323, 562.3542909703323, 562.3542909703323, 562.3542909703323, 562.3542909703323, 562.3542909703323, 562.3542909703323, 562.3542909703323, 562.3542909703323, 562.3542909703323, 562.3542909703323, 562.3542909703323, 562.3542909703323, 562.3542909703323, 562.3542909703323, 562.3542909703323, 562.3542909703323, 562.3542909703323, 562.3542909703323, 562.3542909703323, 562.3542909703323, 562.3542909703323, 562.3542909703323, 562.3542909703323, 562.3542909703323, 562.3542909703323, 562.3542909703323, 562.3542909703323, 562.3542909703323, 562.3542909703323, 562.3542909703323, 562.3542909703323, 562.3542909703323, 562.3542909703323, 562.3542909703323, 562.3542909703323, 562.3542909703323, 562.3542909703323, 562.3542909703323, 562.3542909703323, 562.3542909703323, 562.3542909703323, 562.3542909703323, 562.3542909703323, 562.3542909703323, 562.3542909703323, 562.3542909703323, 562.3542909703323, 562.3542909703323, 562.3542909703323, 562.3542909703323, 562.3542909703323, 562.3542909703323, 562.3542909703323, 562.3542909703323, 562.3542909703323, 562.3542909703323, 562.3542909703323, 562.3542909703323, 562.3542909703323, 562.3542909703323, 562.3542909703323, 562.3542909703323, 562.3542909703323, 562.3542909703323, 562.3542909703323, 562.3542909703323, 562.3542909703323, 562.3542909703323, 562.3542909703323, 562.3542909703323, 562.3542909703323, 562.3542909703323, 562.3542909703323, 562.3542909703323, 562.3542909703323, 562.3542909703323, 562.3542909703323, 562.3542909703323, 562.3542909703323, 562.3542909703323, 562.3542909703323, 562.3542909703323, 562.3542909703323, 562.3542909703323, 562.3542909703323, 562.3542909703323, 562.3542909703323, 562.3542909703323, 562.3542909703323, 562.3542909703323, 562.3542909703323, 562.3542909703323, 562.3542909703323, 562.3542909703323, 562.3542909703323, 562.3542909703323, 562.3542909703323, 562.3542909703323, 562.3542909703323, 562.3542909703323, 562.3542909703323, 562.3542909703323, 562.3542909703323, 562.3542909703323, 562.3542909703323, 562.3542909703323, 562.3542909703323, 562.3542909703323, 562.3542909703323, 562.3542909703323, 562.3542909703323, 562.3542909703323, 562.3542909703323, 562.3542909703323, 562.3542909703323, 562.3542909703323, 562.3542909703323, 562.3542909703323, 562.3542909703323, 562.3542909703323, 562.3542909703323, 562.3542909703323, 562.3542909703323, 562.3542909703323, 562.3542909703323, 562.3542909703323, 562.3542909703323, 562.3542909703323, 562.3542909703323, 562.3542909703323, 562.3542909703323, 562.3542909703323, 562.3542909703323, 562.3542909703323, 562.3542909703323, 562.3542909703323, 562.3542909703323, 562.3542909703323, 562.3542909703323, 562.3542909703323, 562.3542909703323, 562.3542909703323, 562.3542909703323, 562.3542909703323, 562.3542909703323, 562.3542909703323, 562.3542909703323, 562.3542909703323, 562.3542909703323, 562.3542909703323, 562.3542909703323, 562.3542909703323, 562.3542909703323, 562.3542909703323, 562.3542909703323, 562.3542909703323, 562.3542909703323, 562.3542909703323, 562.3542909703323, 562.3542909703323, 562.3542909703323, 562.3542909703323, 562.3542909703323, 562.3542909703323, 562.3542909703323, 562.3542909703323, 562.3542909703323, 562.3542909703323, 562.3542909703323, 562.3542909703323, 562.3542909703323, 562.3542909703323, 562.3542909703323, 562.3542909703323, 562.3542909703323, 562.3542909703323, 562.3542909703323, 562.3542909703323, 562.3542909703323, 562.3542909703323, 562.3542909703323, 562.3542909703323, 562.3542909703323, 562.3542909703323, 562.3542909703323, 562.3542909703323, 562.3542909703323, 562.3542909703323, 562.3542909703323, 562.3542909703323, 562.3542909703323, 562.3542909703323, 562.3542909703323, 562.3542909703323, 562.3542909703323, 562.3542909703323, 562.3542909703323, 562.3542909703323, 562.3542909703323, 562.3542909703323, 562.3542909703323, 562.3542909703323, 562.3542909703323, 562.3542909703323, 562.3542909703323, 562.3542909703323, 562.3542909703323, 562.3542909703323, 562.3542909703323, 562.3542909703323, 562.3542909703323, 562.3542909703323, 562.3542909703323, 562.3542909703323, 562.3542909703323, 562.3542909703323, 562.3542909703323, 562.3542909703323, 562.3542909703323, 562.3542909703323, 562.3542909703323, 562.3542909703323, 562.3542909703323, 562.3542909703323, 562.3542909703323, 562.3542909703323, 562.3542909703323, 562.3542909703323, 562.3542909703323, 562.3542909703323, 562.3542909703323, 562.3542909703323, 562.3542909703323, 562.3542909703323, 562.3542909703323, 562.3542909703323, 562.3542909703323, 562.3542909703323, 562.3542909703323, 562.3542909703323, 562.3542909703323, 562.3542909703323, 562.3542909703323, 562.3542909703323, 562.3542909703323, 562.3542909703323, 562.3542909703323, 562.3542909703323, 562.3542909703323, 562.3542909703323, 562.3542909703323, 562.3542909703323, 562.3542909703323, 562.3542909703323, 562.3542909703323, 562.3542909703323, 562.3542909703323, 562.3542909703323, 562.3542909703323, 562.3542909703323, 562.3542909703323, 562.3542909703323, 562.3542909703323, 562.3542909703323, 562.3542909703323, 562.3542909703323, 562.3542909703323, 562.3542909703323, 562.3542909703323, 562.3542909703323, 562.3542909703323, 562.3542909703323, 562.3542909703323, 562.3542909703323, 562.3542909703323, 562.3542909703323, 562.3542909703323, 562.3542909703323, 562.3542909703323, 562.3542909703323, 562.3542909703323, 562.3542909703323, 562.3542909703323, 562.3542909703323, 562.3542909703323, 562.3542909703323, 562.3542909703323, 562.3542909703323, 562.3542909703323, 562.3542909703323, 562.3542909703323, 562.3542909703323, 562.3542909703323, 562.3542909703323, 562.3542909703323, 562.3542909703323, 562.3542909703323, 562.3542909703323, 562.3542909703323, 562.3542909703323, 562.3542909703323, 562.3542909703323, 562.3542909703323, 562.3542909703323, 562.3542909703323, 562.3542909703323, 562.3542909703323, 562.3542909703323, 562.3542909703323, 562.3542909703323, 562.3542909703323, 562.3542909703323, 562.3542909703323, 562.3542909703323, 562.3542909703323, 562.3542909703323, 562.3542909703323, 562.3542909703323, 562.3542909703323, 562.3542909703323, 562.3542909703323, 562.3542909703323, 562.3542909703323, 562.3542909703323, 562.3542909703323, 562.3542909703323, 562.3542909703323, 562.3542909703323, 562.3542909703323, 562.3542909703323, 562.3542909703323, 562.3542909703323, 562.3542909703323, 562.3542909703323, 562.3542909703323, 562.3542909703323, 562.3542909703323, 562.3542909703323, 562.3542909703323, 562.3542909703323, 562.3542909703323, 562.3542909703323, 562.3542909703323, 562.3542909703323, 562.3542909703323, 562.3542909703323, 562.3542909703323, 562.3542909703323, 562.3542909703323, 562.3542909703323, 562.3542909703323, 562.3542909703323, 562.3542909703323, 562.3542909703323, 562.3542909703323, 562.3542909703323, 562.3542909703323, 562.3542909703323, 562.3542909703323, 562.3542909703323, 562.3542909703323, 562.3542909703323, 562.3542909703323, 562.3542909703323, 562.3542909703323, 562.3542909703323, 562.3542909703323, 562.3542909703323, 562.3542909703323, 562.3542909703323, 562.3542909703323, 562.3542909703323, 562.3542909703323, 562.3542909703323, 562.3542909703323, 562.3542909703323, 562.3542909703323, 562.3542909703323, 562.3542909703323, 562.3542909703323, 562.3542909703323, 562.3542909703323, 562.3542909703323, 562.3542909703323, 562.3542909703323, 562.3542909703323, 562.3542909703323, 562.3542909703323, 562.3542909703323, 562.3542909703323, 562.3542909703323, 562.3542909703323, 562.3542909703323, 562.3542909703323, 562.3542909703323, 562.3542909703323, 562.3542909703323, 562.3542909703323, 562.3542909703323, 562.3542909703323, 562.3542909703323, 562.3542909703323, 562.3542909703323, 562.3542909703323, 562.3542909703323, 562.3542909703323, 562.3542909703323, 562.3542909703323, 562.3542909703323, 562.3542909703323, 562.3542909703323, 562.3542909703323, 562.3542909703323, 562.3542909703323, 562.3542909703323, 562.3542909703323, 562.3542909703323, 562.3542909703323, 562.3542909703323, 562.3542909703323, 562.3542909703323, 562.3542909703323, 562.3542909703323, 562.3542909703323, 562.3542909703323, 562.3542909703323, 562.3542909703323, 562.3542909703323, 562.3542909703323, 562.3542909703323, 562.3542909703323, 562.3542909703323, 562.3542909703323, 562.3542909703323, 562.3542909703323, 562.3542909703323, 562.3542909703323, 562.3542909703323, 562.3542909703323, 562.3542909703323, 562.3542909703323, 562.3542909703323, 562.3542909703323, 562.3542909703323, 562.3542909703323, 562.3542909703323, 562.3542909703323, 562.3542909703323, 562.3542909703323, 562.3542909703323, 562.3542909703323, 562.3542909703323, 562.3542909703323, 562.3542909703323, 562.3542909703323, 562.3542909703323, 562.3542909703323, 562.3542909703323, 562.3542909703323, 562.3542909703323, 562.3542909703323, 562.3542909703323, 562.3542909703323, 562.3542909703323, 562.3542909703323, 562.3542909703323, 562.3542909703323, 562.3542909703323, 562.3542909703323, 562.3542909703323, 562.3542909703323, 562.3542909703323, 562.3542909703323, 562.3542909703323, 562.3542909703323, 562.3542909703323, 562.3542909703323, 562.3542909703323, 562.3542909703323, 562.3542909703323, 562.3542909703323, 562.3542909703323, 562.3542909703323, 562.3542909703323, 562.3542909703323, 562.3542909703323, 562.3542909703323, 562.3542909703323, 562.3542909703323, 562.3542909703323, 562.3542909703323, 562.3542909703323, 562.3542909703323, 562.3542909703323, 562.3542909703323, 562.3542909703323, 562.3542909703323, 562.3542909703323, 562.3542909703323, 562.3542909703323, 562.3542909703323, 562.3542909703323, 562.3542909703323, 562.3542909703323, 562.3542909703323, 562.3542909703323, 562.3542909703323, 562.3542909703323, 562.3542909703323, 562.3542909703323, 562.3542909703323, 562.3542909703323, 562.3542909703323, 562.3542909703323, 562.3542909703323, 562.3542909703323, 562.3542909703323, 562.3542909703323, 562.3542909703323, 562.3542909703323, 562.3542909703323, 562.3542909703323, 562.3542909703323, 562.3542909703323, 562.3542909703323, 562.3542909703323, 562.3542909703323, 562.3542909703323, 562.3542909703323, 562.3542909703323, 562.3542909703323, 562.3542909703323, 562.3542909703323, 562.3542909703323, 562.3542909703323, 562.3542909703323, 562.3542909703323, 562.3542909703323, 562.3542909703323, 562.3542909703323, 562.3542909703323, 562.3542909703323, 562.3542909703323, 562.3542909703323, 562.3542909703323, 562.3542909703323, 562.3542909703323, 562.3542909703323, 562.3542909703323, 562.3542909703323, 562.3542909703323, 562.3542909703323, 562.3542909703323, 562.3542909703323, 562.3542909703323, 562.3542909703323, 562.3542909703323, 562.3542909703323, 562.3542909703323, 562.3542909703323, 562.3542909703323, 562.3542909703323, 562.3542909703323, 562.3542909703323, 562.3542909703323, 562.3542909703323, 562.3542909703323, 562.3542909703323, 562.3542909703323, 562.3542909703323, 562.3542909703323, 562.3542909703323, 562.3542909703323, 562.3542909703323, 562.3542909703323, 562.3542909703323, 562.3542909703323, 562.3542909703323, 562.3542909703323, 562.3542909703323, 562.3542909703323, 562.3542909703323, 562.3542909703323, 562.3542909703323, 562.3542909703323, 562.3542909703323, 562.3542909703323, 562.3542909703323, 562.3542909703323, 562.3542909703323, 562.3542909703323, 562.3542909703323, 562.3542909703323, 562.3542909703323, 562.3542909703323, 562.3542909703323, 562.3542909703323, 562.3542909703323, 562.3542909703323, 562.3542909703323, 562.3542909703323, 562.3542909703323, 562.3542909703323, 562.3542909703323, 562.3542909703323, 562.3542909703323, 562.3542909703323, 562.3542909703323, 562.3542909703323, 562.3542909703323, 562.3542909703323, 562.3542909703323, 562.3542909703323, 562.3542909703323, 562.3542909703323, 562.3542909703323, 562.3542909703323, 562.3542909703323, 562.3542909703323, 562.3542909703323, 562.3542909703323, 562.3542909703323, 562.3542909703323, 562.3542909703323, 562.3542909703323, 562.3542909703323, 562.3542909703323, 562.3542909703323, 562.3542909703323, 562.3542909703323, 562.3542909703323, 562.3542909703323, 562.3542909703323, 562.3542909703323, 562.3542909703323, 562.3542909703323, 562.3542909703323, 562.3542909703323, 562.3542909703323, 562.3542909703323, 562.3542909703323, 562.3542909703323, 562.3542909703323, 562.3542909703323, 562.3542909703323, 562.3542909703323, 562.3542909703323, 562.3542909703323, 562.3542909703323, 562.3542909703323, 562.3542909703323, 562.3542909703323, 562.3542909703323, 562.3542909703323, 562.3542909703323, 562.3542909703323, 562.3542909703323, 562.3542909703323, 562.3542909703323, 562.3542909703323, 562.3542909703323, 562.3542909703323, 562.3542909703323, 562.3542909703323, 562.3542909703323, 562.3542909703323, 562.3542909703323, 562.3542909703323, 562.3542909703323, 562.3542909703323, 562.3542909703323, 562.3542909703323, 562.3542909703323, 562.3542909703323, 562.3542909703323, 562.3542909703323, 562.3542909703323, 562.3542909703323, 562.3542909703323, 562.3542909703323, 562.3542909703323, 562.3542909703323, 562.3542909703323, 562.3542909703323, 562.3542909703323, 562.3542909703323, 562.3542909703323, 562.3542909703323, 562.3542909703323, 562.3542909703323, 562.3542909703323, 562.3542909703323, 562.3542909703323, 562.3542909703323, 562.3542909703323, 562.3542909703323, 562.3542909703323, 562.3542909703323, 562.3542909703323, 562.3542909703323, 562.3542909703323, 562.3542909703323, 562.3542909703323, 562.3542909703323, 562.3542909703323, 562.3542909703323, 562.3542909703323, 562.3542909703323, 562.3542909703323, 562.3542909703323, 562.3542909703323, 562.3542909703323, 562.3542909703323, 562.3542909703323, 562.3542909703323, 562.3542909703323, 562.3542909703323, 562.3542909703323, 562.3542909703323, 562.3542909703323, 562.3542909703323, 562.3542909703323, 562.3542909703323, 562.3542909703323, 562.3542909703323, 562.3542909703323, 562.3542909703323, 562.3542909703323, 562.3542909703323, 562.3542909703323, 562.3542909703323, 562.3542909703323, 562.3542909703323, 562.3542909703323, 562.3542909703323, 562.3542909703323, 562.3542909703323, 562.3542909703323, 562.3542909703323, 562.3542909703323, 562.3542909703323, 562.3542909703323, 562.3542909703323, 562.3542909703323, 562.3542909703323, 562.3542909703323, 562.3542909703323, 562.3542909703323, 562.3542909703323, 562.3542909703323, 562.3542909703323, 562.3542909703323, 562.3542909703323, 562.3542909703323, 562.3542909703323, 562.3542909703323, 562.3542909703323, 562.3542909703323, 562.3542909703323, 562.3542909703323, 562.3542909703323, 562.3542909703323, 562.3542909703323, 562.3542909703323, 562.3542909703323, 562.3542909703323, 562.3542909703323, 562.3542909703323, 562.3542909703323, 562.3542909703323, 562.3542909703323, 562.3542909703323, 562.3542909703323, 562.3542909703323, 562.3542909703323, 562.3542909703323, 562.3542909703323, 562.3542909703323, 562.3542909703323, 562.3542909703323, 562.3542909703323, 562.3542909703323, 562.3542909703323, 562.3542909703323, 562.3542909703323, 562.3542909703323, 562.3542909703323, 562.3542909703323, 562.3542909703323, 562.3542909703323, 562.3542909703323, 562.3542909703323, 562.3542909703323, 562.3542909703323, 562.3542909703323, 562.3542909703323, 562.3542909703323, 562.3542909703323, 562.3542909703323, 562.3542909703323, 562.3542909703323, 562.3542909703323, 562.3542909703323, 562.3542909703323, 562.3542909703323, 562.3542909703323, 562.3542909703323, 562.3542909703323, 562.3542909703323, 562.3542909703323, 562.3542909703323, 562.3542909703323, 562.3542909703323, 562.3542909703323, 562.3542909703323, 562.3542909703323, 562.3542909703323, 562.3542909703323, 562.3542909703323, 562.3542909703323, 562.3542909703323, 562.3542909703323, 562.3542909703323, 562.3542909703323, 562.3542909703323, 562.3542909703323, 562.3542909703323, 562.3542909703323, 562.3542909703323, 562.3542909703323, 562.3542909703323, 562.3542909703323, 562.3542909703323, 562.3542909703323, 562.3542909703323, 562.3542909703323, 562.3542909703323, 562.3542909703323, 562.3542909703323, 562.3542909703323, 562.3542909703323, 562.3542909703323, 562.3542909703323, 562.3542909703323, 562.3542909703323, 562.3542909703323, 562.3542909703323, 562.3542909703323, 562.3542909703323, 562.3542909703323, 562.3542909703323, 562.3542909703323, 562.3542909703323, 562.3542909703323, 562.3542909703323, 562.3542909703323, 562.3542909703323, 562.3542909703323, 562.3542909703323, 562.3542909703323, 562.3542909703323, 562.3542909703323, 562.3542909703323, 562.3542909703323, 562.3542909703323, 562.3542909703323, 562.3542909703323, 562.3542909703323, 562.3542909703323, 562.3542909703323, 562.3542909703323, 562.3542909703323, 562.3542909703323, 562.3542909703323, 562.3542909703323, 562.3542909703323, 562.3542909703323, 562.3542909703323, 562.3542909703323, 562.3542909703323, 562.3542909703323, 562.3542909703323, 562.3542909703323, 562.3542909703323, 562.3542909703323, 562.3542909703323, 562.3542909703323, 562.3542909703323, 562.3542909703323, 562.3542909703323, 562.3542909703323, 562.3542909703323, 562.3542909703323, 562.3542909703323, 562.3542909703323, 562.3542909703323, 562.3542909703323, 562.3542909703323, 562.3542909703323, 562.3542909703323, 562.3542909703323, 562.3542909703323, 562.3542909703323, 562.3542909703323, 562.3542909703323, 562.3542909703323, 562.3542909703323, 562.3542909703323, 562.3542909703323, 562.3542909703323, 562.3542909703323, 562.3542909703323, 562.3542909703323, 562.3542909703323, 562.3542909703323, 562.3542909703323, 562.3542909703323, 562.3542909703323, 562.3542909703323, 562.3542909703323, 562.3542909703323, 562.3542909703323, 562.3542909703323, 562.3542909703323, 562.3542909703323, 562.3542909703323, 562.3542909703323, 562.3542909703323, 562.3542909703323, 562.3542909703323, 562.3542909703323, 562.3542909703323, 562.3542909703323, 562.3542909703323, 562.3542909703323, 562.3542909703323, 562.3542909703323, 562.3542909703323, 562.3542909703323, 562.3542909703323, 562.3542909703323, 562.3542909703323, 562.3542909703323, 562.3542909703323, 562.3542909703323, 562.3542909703323, 562.3542909703323, 562.3542909703323, 562.3542909703323, 562.3542909703323, 562.3542909703323, 562.3542909703323, 562.3542909703323, 562.3542909703323, 562.3542909703323, 562.3542909703323, 562.3542909703323, 562.3542909703323, 562.3542909703323, 562.3542909703323, 562.3542909703323, 562.3542909703323, 562.3542909703323, 562.3542909703323, 562.3542909703323, 562.3542909703323, 562.3542909703323, 562.3542909703323, 562.3542909703323, 562.3542909703323, 562.3542909703323, 562.3542909703323, 562.3542909703323, 562.3542909703323, 562.3542909703323, 562.3542909703323, 562.3542909703323, 562.3542909703323, 562.3542909703323, 562.3542909703323, 562.3542909703323, 562.3542909703323, 562.3542909703323, 562.3542909703323, 562.3542909703323, 562.3542909703323, 562.3542909703323, 562.3542909703323, 562.3542909703323, 562.3542909703323, 562.3542909703323, 562.3542909703323, 562.3542909703323, 562.3542909703323, 562.3542909703323, 562.3542909703323, 562.3542909703323, 562.3542909703323, 562.3542909703323, 562.3542909703323, 562.3542909703323, 562.3542909703323, 562.3542909703323, 562.3542909703323, 562.3542909703323, 562.3542909703323, 562.3542909703323, 562.3542909703323, 562.3542909703323, 562.3542909703323, 562.3542909703323, 562.3542909703323, 562.3542909703323, 562.3542909703323, 562.3542909703323, 562.3542909703323, 562.3542909703323, 562.3542909703323, 562.3542909703323, 562.3542909703323, 562.3542909703323, 562.3542909703323, 562.3542909703323, 562.3542909703323, 562.3542909703323, 562.3542909703323, 562.3542909703323, 562.3542909703323, 562.3542909703323, 562.3542909703323, 562.3542909703323, 562.3542909703323, 562.3542909703323, 562.3542909703323, 562.3542909703323, 562.3542909703323, 562.3542909703323, 562.3542909703323, 562.3542909703323, 562.3542909703323, 562.3542909703323, 562.3542909703323, 562.3542909703323, 562.3542909703323, 562.3542909703323, 562.3542909703323, 562.3542909703323, 562.3542909703323, 562.3542909703323, 562.3542909703323, 562.3542909703323, 562.3542909703323, 562.3542909703323, 562.3542909703323, 562.3542909703323, 562.3542909703323, 562.3542909703323, 562.3542909703323, 562.3542909703323, 562.3542909703323, 562.3542909703323, 562.3542909703323, 562.3542909703323, 562.3542909703323, 562.3542909703323, 562.3542909703323, 562.3542909703323, 562.3542909703323, 562.3542909703323, 562.3542909703323, 562.3542909703323, 562.3542909703323, 562.3542909703323, 562.3542909703323, 562.3542909703323, 562.3542909703323, 562.3542909703323, 562.3542909703323, 562.3542909703323, 562.3542909703323, 562.3542909703323, 562.3542909703323, 562.3542909703323, 562.3542909703323, 562.3542909703323, 562.3542909703323, 562.3542909703323, 562.3542909703323, 562.3542909703323, 562.3542909703323, 562.3542909703323, 562.3542909703323, 562.3542909703323, 562.3542909703323, 562.3542909703323, 562.3542909703323, 562.3542909703323, 562.3542909703323, 562.3542909703323, 562.3542909703323, 562.3542909703323, 562.3542909703323, 562.3542909703323, 562.3542909703323, 562.3542909703323, 562.3542909703323, 562.3542909703323, 562.3542909703323, 562.3542909703323, 562.3542909703323, 562.3542909703323, 562.3542909703323, 562.3542909703323, 562.3542909703323, 562.3542909703323, 562.3542909703323, 562.3542909703323, 562.3542909703323, 562.3542909703323, 562.3542909703323, 562.3542909703323, 562.3542909703323, 562.3542909703323, 562.3542909703323, 562.3542909703323, 562.3542909703323, 562.3542909703323, 562.3542909703323, 562.3542909703323, 562.3542909703323, 562.3542909703323, 562.3542909703323, 562.3542909703323, 562.3542909703323, 562.3542909703323, 562.3542909703323, 562.3542909703323, 562.3542909703323, 562.3542909703323, 562.3542909703323, 562.3542909703323, 562.3542909703323, 562.3542909703323, 562.3542909703323, 562.3542909703323, 562.3542909703323, 562.3542909703323, 562.3542909703323, 562.3542909703323, 562.3542909703323, 562.3542909703323, 562.3542909703323, 562.3542909703323, 562.3542909703323, 562.3542909703323, 562.3542909703323, 562.3542909703323, 562.3542909703323, 562.3542909703323, 562.3542909703323, 562.3542909703323, 562.3542909703323, 562.3542909703323, 562.3542909703323, 562.3542909703323, 562.3542909703323, 562.3542909703323, 562.3542909703323, 562.3542909703323, 562.3542909703323, 562.3542909703323, 562.3542909703323, 562.3542909703323, 562.3542909703323, 562.3542909703323, 562.3542909703323, 562.3542909703323, 562.3542909703323, 562.3542909703323, 562.3542909703323, 562.3542909703323, 562.3542909703323, 562.3542909703323, 562.3542909703323, 562.3542909703323, 562.3542909703323, 562.3542909703323, 562.3542909703323, 562.3542909703323, 562.3542909703323, 562.3542909703323, 562.3542909703323, 562.3542909703323, 562.3542909703323, 562.3542909703323, 562.3542909703323, 562.3542909703323, 562.3542909703323, 562.3542909703323, 562.3542909703323, 562.3542909703323, 562.3542909703323, 562.3542909703323, 562.3542909703323, 562.3542909703323, 562.3542909703323, 562.3542909703323, 562.3542909703323, 562.3542909703323, 562.3542909703323, 562.3542909703323, 562.3542909703323, 562.3542909703323, 562.3542909703323, 562.3542909703323, 562.3542909703323, 562.3542909703323, 562.3542909703323, 562.3542909703323, 562.3542909703323, 562.3542909703323, 562.3542909703323, 562.3542909703323, 562.3542909703323, 562.3542909703323, 562.3542909703323, 562.3542909703323, 562.3542909703323, 562.3542909703323, 562.3542909703323, 562.3542909703323, 562.3542909703323, 562.3542909703323, 562.3542909703323, 562.3542909703323, 562.3542909703323, 562.3542909703323, 562.3542909703323, 562.3542909703323, 562.3542909703323, 562.3542909703323, 562.3542909703323, 562.3542909703323, 562.3542909703323, 562.3542909703323, 562.3542909703323, 562.3542909703323, 562.3542909703323, 562.3542909703323, 562.3542909703323, 562.3542909703323, 562.3542909703323, 562.3542909703323, 562.3542909703323, 562.3542909703323, 562.3542909703323, 562.3542909703323, 562.3542909703323, 562.3542909703323, 562.3542909703323, 562.3542909703323, 562.3542909703323, 562.3542909703323, 562.3542909703323, 562.3542909703323, 562.3542909703323, 562.3542909703323, 562.3542909703323, 562.3542909703323, 562.3542909703323, 562.3542909703323, 562.3542909703323, 562.3542909703323, 562.3542909703323, 562.3542909703323, 562.3542909703323, 562.3542909703323, 562.3542909703323, 562.3542909703323, 562.3542909703323, 562.3542909703323, 562.3542909703323, 562.3542909703323, 562.3542909703323, 562.3542909703323, 562.3542909703323, 562.3542909703323, 562.3542909703323, 562.3542909703323, 562.3542909703323, 562.3542909703323, 562.3542909703323, 562.3542909703323, 562.3542909703323, 562.3542909703323, 562.3542909703323, 562.3542909703323, 562.3542909703323, 562.3542909703323, 562.3542909703323, 562.3542909703323, 562.3542909703323, 562.3542909703323, 562.3542909703323, 562.3542909703323, 562.3542909703323, 562.3542909703323, 562.3542909703323, 562.3542909703323, 562.3542909703323, 562.3542909703323, 562.3542909703323, 562.3542909703323, 562.3542909703323, 562.3542909703323, 562.3542909703323, 562.3542909703323, 562.3542909703323, 562.3542909703323, 562.3542909703323, 562.3542909703323, 562.3542909703323, 562.3542909703323, 562.3542909703323, 562.3542909703323, 562.3542909703323, 562.3542909703323, 562.3542909703323, 562.3542909703323, 562.3542909703323, 562.3542909703323, 562.3542909703323, 562.3542909703323, 562.3542909703323, 562.3542909703323, 562.3542909703323, 562.3542909703323, 562.3542909703323, 562.3542909703323, 562.3542909703323, 562.3542909703323, 562.3542909703323, 562.3542909703323, 562.3542909703323, 562.3542909703323, 562.3542909703323, 562.3542909703323, 562.3542909703323, 562.3542909703323, 562.3542909703323, 562.3542909703323, 562.3542909703323, 562.3542909703323, 562.3542909703323, 562.3542909703323, 562.3542909703323, 562.3542909703323, 562.3542909703323, 562.3542909703323, 562.3542909703323, 562.3542909703323, 562.3542909703323, 562.3542909703323, 562.3542909703323, 562.3542909703323, 562.3542909703323, 562.3542909703323, 562.3542909703323, 562.3542909703323, 562.3542909703323, 562.3542909703323, 562.3542909703323, 562.3542909703323, 562.3542909703323, 562.3542909703323, 562.3542909703323, 562.3542909703323, 562.3542909703323, 562.3542909703323, 562.3542909703323, 562.3542909703323, 562.3542909703323, 562.3542909703323, 562.3542909703323, 562.3542909703323, 562.3542909703323, 562.3542909703323, 562.3542909703323, 562.3542909703323, 562.3542909703323, 562.3542909703323, 562.3542909703323, 562.3542909703323, 562.3542909703323, 562.3542909703323, 562.3542909703323, 562.3542909703323, 562.3542909703323, 562.3542909703323, 562.3542909703323, 562.3542909703323, 562.3542909703323, 562.3542909703323, 562.3542909703323, 562.3542909703323, 562.3542909703323, 562.3542909703323, 562.3542909703323, 562.3542909703323, 562.3542909703323, 562.3542909703323, 562.3542909703323, 562.3542909703323, 562.3542909703323, 562.3542909703323, 562.3542909703323, 562.3542909703323, 562.3542909703323, 562.3542909703323, 562.3542909703323, 562.3542909703323, 562.3542909703323, 562.3542909703323, 562.3542909703323, 562.3542909703323, 562.3542909703323, 562.3542909703323, 562.3542909703323, 562.3542909703323, 562.3542909703323, 562.3542909703323, 562.3542909703323, 562.3542909703323, 562.3542909703323, 562.3542909703323, 562.3542909703323, 562.3542909703323, 562.3542909703323, 562.3542909703323, 562.3542909703323, 562.3542909703323, 562.3542909703323, 562.3542909703323, 562.3542909703323, 562.3542909703323, 562.3542909703323, 562.3542909703323]
Computational time : 40.4229998589