Name : Ahmed ElMousel
Problem : X-n190-k8 
Whale Algorithm 
cost : 19464.7680804
Routes : 
1->1
1->1
1->1
1->1
1->107->120->50->27->118->171->17->157->130->104->11->59->74->35->103->134->73->140->100->1
1->1
1->1
1->1
1->38->15->146->98->144->25->13->87->78->126->177->6->48->102->42->153->187->147->72->53->178->124->168->137->184->26->96->169->1
1->1
1->1
1->30->2->166->45->128->121->14->172->5->7->3->39->175->55->152->138->23->37->129->164->111->67->58->20->1
1->1
1->132->176->12->61->117->80->18->156->8->163->21->66->92->60->91->43->63->180->9->57->131->65->189->106->1
1->170->81->79->148->151->31->40->101->97->4->16->125->188->28->115->10->34->108->114->56->86->139->29->1
1->84->44->160->143->105->90->110->36->85->154->181->62->33->41->141->190->155->54->135->82->93->136->47->150->1
1->119->32->46->68->167->52->94->76->122->145->95->51->22->69->49->182->127->77->186->19->71->142->99->149->88->113->1
1->64->173->116->179->70->159->165->24->112->75->162->133->83->123->174->158->109->89->161->183->185->1
best solutions : 
[33912.383422331106, 31957.518928522328, 30196.777466999418, 28257.669811143154, 26638.92861474282, 25157.128990178266, 24136.893309619325, 22790.36962713613, 22203.095561006958, 22160.01027431334, 22160.01027431334, 22115.741362169174, 22115.741362169174, 22038.685476640276, 22038.685476640276, 21946.471683521697, 21946.471683521697, 21946.471683521697, 21932.587388671665, 21932.587388671665, 21932.587388671665, 21932.587388671665, 21932.587388671665, 21932.587388671665, 21932.587388671665, 21931.627924343167, 21931.627924343167, 21931.627924343167, 21931.627924343167, 21931.627924343167, 21931.627924343167, 21891.070352595205, 21891.070352595205, 21891.070352595205, 20878.275145794803, 20865.200534050968, 20865.200534050968, 20865.200534050968, 20830.94263742737, 20830.94263742737, 20830.94263742737, 20774.149005824696, 19784.516889942992, 19784.516889942992, 19784.516889942992, 19784.516889942992, 19784.516889942992, 19784.516889942992, 19784.516889942992, 19740.36649117769, 19740.36649117769, 19740.36649117769, 19740.36649117769, 19740.36649117769, 19740.36649117769, 19740.36649117769, 19740.36649117769, 19740.36649117769, 19740.36649117769, 19740.36649117769, 19740.36649117769, 19740.36649117769, 19740.36649117769, 19739.627602393783, 19739.627602393783, 19739.627602393783, 19739.627602393783, 19739.627602393783, 19739.627602393783, 19739.627602393783, 19739.627602393783, 19739.627602393783, 19739.627602393783, 19739.627602393783, 19739.627602393783, 19739.627602393783, 19730.005883887337, 19730.005883887337, 19730.005883887337, 19730.005883887337, 19730.005883887337, 19730.005883887337, 19730.005883887337, 19711.954465422747, 19711.954465422747, 19711.954465422747, 19708.355124138026, 19708.355124138026, 19708.355124138026, 19708.355124138026, 19708.355124138026, 19708.355124138026, 19708.355124138026, 19708.355124138026, 19708.355124138026, 19708.355124138026, 19708.355124138026, 19708.355124138026, 19708.355124138026, 19708.355124138026, 19694.02919020123, 19694.02919020123, 19694.02919020123, 19694.02919020123, 19694.02919020123, 19694.02919020123, 19694.02919020123, 19694.02919020123, 19694.02919020123, 19694.02919020123, 19694.02919020123, 19675.683277114185, 19675.683277114185, 19675.683277114185, 19675.683277114185, 19675.683277114185, 19675.683277114185, 19651.634663540353, 19651.634663540353, 19651.634663540353, 19651.634663540353, 19651.634663540353, 19651.634663540353, 19651.634663540353, 19651.634663540353, 19651.634663540353, 19651.634663540353, 19651.634663540353, 19651.634663540353, 19651.634663540353, 19651.634663540353, 19651.634663540353, 19651.634663540353, 19651.634663540353, 19651.634663540353, 19651.634663540353, 19651.634663540353, 19651.634663540353, 19651.634663540353, 19651.634663540353, 19651.634663540353, 19651.634663540353, 19651.634663540353, 19651.634663540353, 19651.634663540353, 19651.634663540353, 19651.634663540353, 19651.634663540353, 19651.634663540353, 19651.634663540353, 19651.634663540353, 19651.634663540353, 19651.634663540353, 19651.634663540353, 19651.634663540353, 19651.634663540353, 19651.634663540353, 19637.38973680501, 19637.38973680501, 19637.38973680501, 19637.38973680501, 19637.38973680501, 19637.38973680501, 19637.38973680501, 19637.38973680501, 19637.38973680501, 19637.38973680501, 19637.38973680501, 19637.38973680501, 19637.38973680501, 19637.38973680501, 19637.38973680501, 19637.38973680501, 19637.38973680501, 19637.38973680501, 19637.38973680501, 19637.38973680501, 19637.38973680501, 19637.38973680501, 19637.38973680501, 19637.38973680501, 19637.38973680501, 19637.38973680501, 19637.38973680501, 19637.38973680501, 19637.38973680501, 19637.38973680501, 19637.38973680501, 19628.710317833902, 19628.710317833902, 19628.710317833902, 19628.710317833902, 19628.710317833902, 19628.710317833902, 19628.710317833902, 19628.710317833902, 19628.710317833902, 19628.710317833902, 19628.710317833902, 19628.710317833902, 19628.710317833902, 19628.710317833902, 19628.710317833902, 19628.710317833902, 19628.710317833902, 19628.710317833902, 19626.12984732577, 19626.12984732577, 19626.12984732577, 19626.12984732577, 19626.12984732577, 19626.12984732577, 19626.12984732577, 19626.12984732577, 19626.12984732577, 19626.12984732577, 19626.12984732577, 19626.12984732577, 19626.12984732577, 19626.12984732577, 19626.12984732577, 19626.12984732577, 19626.12984732577, 19626.12984732577, 19626.12984732577, 19626.12984732577, 19626.12984732577, 19611.86294835653, 19611.86294835653, 19611.86294835653, 19611.86294835653, 19611.86294835653, 19611.86294835653, 19611.86294835653, 19611.86294835653, 19611.86294835653, 19611.86294835653, 19611.86294835653, 19611.86294835653, 19611.86294835653, 19611.86294835653, 19611.86294835653, 19611.86294835653, 19611.86294835653, 19611.86294835653, 19611.86294835653, 19611.86294835653, 19611.86294835653, 19611.86294835653, 19611.86294835653, 19611.86294835653, 19611.86294835653, 19611.86294835653, 19611.86294835653, 19611.86294835653, 19585.775002493203, 19585.775002493203, 19585.775002493203, 19585.775002493203, 19585.775002493203, 19585.775002493203, 19585.775002493203, 19585.775002493203, 19585.775002493203, 19585.775002493203, 19585.773753225923, 19585.773753225923, 19585.773753225923, 19567.562755099927, 19567.562755099927, 19567.562755099927, 19567.562755099927, 19567.562755099927, 19567.562755099927, 19567.562755099927, 19567.562755099927, 19567.562755099927, 19567.562755099927, 19567.562755099927, 19567.562755099927, 19567.562755099927, 19567.562755099927, 19567.562755099927, 19567.562755099927, 19567.562755099927, 19567.562755099927, 19567.562755099927, 19567.562755099927, 19567.562755099927, 19567.562755099927, 19567.562755099927, 19567.562755099927, 19567.562755099927, 19567.562755099927, 19567.562755099927, 19567.562755099927, 19567.562755099927, 19567.562755099927, 19567.562755099927, 19567.562755099927, 19567.562755099927, 19567.562755099927, 19567.562755099927, 19567.562755099927, 19567.562755099927, 19567.562755099927, 19567.562755099927, 19567.562755099927, 19567.562755099927, 19567.562755099927, 19567.562755099927, 19567.562755099927, 19567.562755099927, 19567.562755099927, 19549.316880685266, 19549.316880685266, 19549.316880685266, 19549.316880685266, 19549.316880685266, 19549.316880685266, 19549.316880685266, 19549.316880685266, 19549.316880685266, 19549.316880685266, 19549.316880685266, 19549.316880685266, 19549.316880685266, 19479.172935891616, 19479.172935891616, 19479.172935891616, 19479.172935891616, 19479.172935891616, 19479.172935891616, 19479.172935891616, 19479.172935891616, 19479.172935891616, 19479.172935891616, 19479.172935891616, 19479.172935891616, 19479.172935891616, 19479.172935891616, 19479.172935891616, 19479.172935891616, 19479.172935891616, 19479.172935891616, 19479.172935891616, 19479.172935891616, 19479.172935891616, 19479.172935891616, 19479.172935891616, 19479.172935891616, 19479.172935891616, 19479.172935891616, 19479.172935891616, 19479.172935891616, 19479.172935891616, 19479.172935891616, 19479.172935891616, 19479.172935891616, 19479.172935891616, 19479.172935891616, 19479.172935891616, 19479.172935891616, 19479.172935891616, 19479.172935891616, 19479.172935891616, 19479.172935891616, 19479.172935891616, 19479.172935891616, 19479.172935891616, 19479.172935891616, 19479.172935891616, 19479.172935891616, 19479.172935891616, 19479.172935891616, 19479.172935891616, 19479.172935891616, 19479.172935891616, 19479.172935891616, 19479.172935891616, 19479.172935891616, 19479.172935891616, 19479.172935891616, 19479.172935891616, 19479.172935891616, 19479.172935891616, 19479.172935891616, 19479.172935891616, 19479.172935891616, 19479.172935891616, 19479.172935891616, 19479.172935891616, 19479.172935891616, 19479.172935891616, 19479.172935891616, 19479.172935891616, 19479.172935891616, 19479.172935891616, 19479.172935891616, 19479.172935891616, 19479.172935891616, 19479.172935891616, 19479.172935891616, 19479.172935891616, 19479.172935891616, 19479.172935891616, 19479.172935891616, 19479.172935891616, 19479.172935891616, 19479.172935891616, 19479.172935891616, 19479.172935891616, 19479.172935891616, 19479.172935891616, 19479.172935891616, 19479.172935891616, 19479.172935891616, 19479.172935891616, 19479.172935891616, 19479.172935891616, 19479.172935891616, 19479.172935891616, 19479.172935891616, 19479.172935891616, 19479.172935891616, 19479.172935891616, 19479.172935891616, 19479.172935891616, 19479.172935891616, 19479.172935891616, 19479.172935891616, 19479.172935891616, 19479.172935891616, 19479.172935891616, 19479.172935891616, 19479.172935891616, 19479.172935891616, 19479.172935891616, 19479.172935891616, 19479.172935891616, 19479.172935891616, 19479.172935891616, 19479.172935891616, 19479.172935891616, 19479.172935891616, 19479.172935891616, 19479.172935891616, 19479.172935891616, 19479.172935891616, 19479.172935891616, 19479.172935891616, 19479.172935891616, 19479.172935891616, 19479.172935891616, 19479.172935891616, 19479.172935891616, 19479.172935891616, 19479.172935891616, 19479.172935891616, 19479.172935891616, 19479.172935891616, 19479.172935891616, 19479.172935891616, 19479.172935891616, 19479.172935891616, 19479.172935891616, 19479.172935891616, 19479.172935891616, 19479.172935891616, 19479.172935891616, 19479.172935891616, 19479.172935891616, 19479.172935891616, 19479.172935891616, 19479.172935891616, 19479.172935891616, 19479.172935891616, 19479.172935891616, 19479.172935891616, 19479.172935891616, 19479.172935891616, 19479.172935891616, 19479.172935891616, 19479.172935891616, 19479.172935891616, 19479.172935891616, 19479.172935891616, 19479.172935891616, 19479.172935891616, 19479.172935891616, 19479.172935891616, 19479.172935891616, 19479.172935891616, 19479.172935891616, 19479.172935891616, 19479.172935891616, 19479.172935891616, 19479.172935891616, 19479.172935891616, 19479.172935891616, 19479.172935891616, 19479.172935891616, 19479.172935891616, 19479.172935891616, 19479.172935891616, 19479.172935891616, 19479.172935891616, 19479.172935891616, 19479.172935891616, 19479.172935891616, 19479.172935891616, 19479.172935891616, 19479.172935891616, 19479.172935891616, 19479.172935891616, 19479.172935891616, 19479.128893838068, 19479.128893838068, 19479.128893838068, 19479.128893838068, 19479.128893838068, 19479.128893838068, 19479.128893838068, 19479.128893838068, 19479.128893838068, 19479.128893838068, 19479.128893838068, 19479.128893838068, 19479.128893838068, 19479.128893838068, 19479.128893838068, 19479.128893838068, 19479.128893838068, 19479.128893838068, 19479.128893838068, 19479.128893838068, 19479.128893838068, 19479.128893838068, 19479.128893838068, 19479.128893838068, 19479.128893838068, 19479.128893838068, 19479.128893838068, 19479.128893838068, 19479.128893838068, 19479.128893838068, 19479.128893838068, 19479.128893838068, 19479.128893838068, 19479.128893838068, 19479.128893838068, 19479.128893838068, 19479.128893838068, 19479.128893838068, 19479.128893838068, 19479.128893838068, 19479.128893838068, 19479.128893838068, 19479.128893838068, 19479.128893838068, 19479.128893838068, 19479.128893838068, 19479.128893838068, 19479.128893838068, 19479.128893838068, 19479.128893838068, 19479.128893838068, 19479.128893838068, 19479.128893838068, 19479.128893838068, 19479.128893838068, 19479.128893838068, 19479.128893838068, 19479.128893838068, 19479.128893838068, 19479.128893838068, 19479.128893838068, 19479.128893838068, 19479.128893838068, 19479.128893838068, 19479.128893838068, 19479.128893838068, 19479.128893838068, 19479.128893838068, 19479.128893838068, 19479.128893838068, 19479.128893838068, 19479.128893838068, 19479.128893838068, 19479.128893838068, 19479.128893838068, 19479.128893838068, 19479.128893838068, 19476.86443835601, 19476.86443835601, 19476.86443835601, 19476.86443835601, 19476.86443835601, 19476.86443835601, 19476.86443835601, 19476.86443835601, 19476.86443835601, 19476.86443835601, 19476.86443835601, 19476.86443835601, 19476.86443835601, 19476.86443835601, 19476.86443835601, 19476.86443835601, 19476.86443835601, 19476.86443835601, 19476.86443835601, 19476.86443835601, 19476.86443835601, 19476.86443835601, 19476.86443835601, 19476.86443835601, 19476.86443835601, 19476.86443835601, 19476.86443835601, 19476.86443835601, 19476.86443835601, 19476.86443835601, 19476.86443835601, 19476.86443835601, 19476.86443835601, 19476.86443835601, 19476.86443835601, 19476.86443835601, 19476.86443835601, 19476.86443835601, 19476.86443835601, 19476.86443835601, 19476.86443835601, 19476.86443835601, 19476.86443835601, 19476.86443835601, 19476.86443835601, 19476.86443835601, 19476.86443835601, 19476.86443835601, 19476.86443835601, 19476.86443835601, 19476.86443835601, 19476.86443835601, 19476.86443835601, 19476.86443835601, 19476.86443835601, 19476.86443835601, 19476.86443835601, 19476.86443835601, 19476.86443835601, 19476.86443835601, 19476.86443835601, 19476.86443835601, 19476.86443835601, 19476.86443835601, 19476.86443835601, 19476.86443835601, 19476.86443835601, 19476.86443835601, 19476.86443835601, 19476.86443835601, 19476.86443835601, 19476.86443835601, 19476.86443835601, 19476.86443835601, 19476.86443835601, 19476.86443835601, 19476.86443835601, 19476.86443835601, 19476.86443835601, 19476.86443835601, 19476.86443835601, 19476.86443835601, 19476.86443835601, 19476.86443835601, 19476.86443835601, 19476.86443835601, 19476.86443835601, 19476.86443835601, 19476.86443835601, 19476.86443835601, 19476.86443835601, 19476.86443835601, 19476.86443835601, 19476.86443835601, 19476.86443835601, 19476.86443835601, 19476.86443835601, 19476.86443835601, 19476.86443835601, 19476.86443835601, 19476.86443835601, 19476.86443835601, 19476.86443835601, 19476.86443835601, 19476.86443835601, 19476.86443835601, 19476.86443835601, 19476.86443835601, 19476.86443835601, 19476.86443835601, 19476.86443835601, 19476.86443835601, 19476.86443835601, 19476.86443835601, 19476.86443835601, 19476.86443835601, 19476.86443835601, 19476.86443835601, 19476.86443835601, 19476.86443835601, 19476.86443835601, 19476.86443835601, 19476.86443835601, 19476.86443835601, 19476.86443835601, 19476.86443835601, 19476.86443835601, 19476.86443835601, 19476.86443835601, 19476.86443835601, 19476.86443835601, 19476.86443835601, 19476.86443835601, 19476.86443835601, 19476.86443835601, 19476.86443835601, 19476.86443835601, 19476.86443835601, 19476.86443835601, 19476.86443835601, 19476.86443835601, 19476.86443835601, 19476.86443835601, 19476.86443835601, 19476.86443835601, 19476.86443835601, 19476.86443835601, 19476.86443835601, 19476.86443835601, 19476.86443835601, 19476.86443835601, 19476.86443835601, 19476.86443835601, 19476.86443835601, 19476.86443835601, 19476.86443835601, 19476.86443835601, 19476.86443835601, 19476.86443835601, 19476.86443835601, 19476.86443835601, 19476.86443835601, 19476.86443835601, 19476.86443835601, 19476.86443835601, 19476.86443835601, 19476.86443835601, 19476.86443835601, 19476.86443835601, 19476.86443835601, 19476.86443835601, 19476.86443835601, 19476.86443835601, 19476.86443835601, 19476.86443835601, 19476.86443835601, 19476.86443835601, 19476.86443835601, 19476.86443835601, 19476.86443835601, 19476.86443835601, 19476.86443835601, 19476.86443835601, 19476.86443835601, 19476.86443835601, 19476.86443835601, 19476.86443835601, 19476.86443835601, 19476.86443835601, 19476.86443835601, 19476.86443835601, 19476.86443835601, 19476.86443835601, 19476.86443835601, 19476.86443835601, 19476.86443835601, 19476.86443835601, 19476.86443835601, 19476.86443835601, 19476.86443835601, 19476.86443835601, 19476.86443835601, 19476.86443835601, 19476.86443835601, 19476.86443835601, 19476.86443835601, 19476.86443835601, 19476.86443835601, 19476.86443835601, 19476.86443835601, 19476.86443835601, 19476.86443835601, 19476.86443835601, 19476.86443835601, 19476.86443835601, 19476.86443835601, 19476.86443835601, 19476.86443835601, 19476.86443835601, 19476.86443835601, 19476.86443835601, 19476.86443835601, 19476.86443835601, 19476.86443835601, 19476.86443835601, 19476.86443835601, 19476.86443835601, 19476.86443835601, 19476.86443835601, 19476.86443835601, 19476.86443835601, 19476.86443835601, 19476.86443835601, 19476.86443835601, 19476.86443835601, 19476.86443835601, 19476.86443835601, 19476.86443835601, 19476.86443835601, 19476.86443835601, 19476.86443835601, 19476.86443835601, 19476.86443835601, 19476.86443835601, 19476.86443835601, 19476.86443835601, 19476.86443835601, 19476.86443835601, 19476.86443835601, 19476.86443835601, 19476.86443835601, 19476.86443835601, 19476.86443835601, 19476.86443835601, 19476.86443835601, 19476.86443835601, 19476.86443835601, 19476.86443835601, 19476.86443835601, 19476.86443835601, 19476.86443835601, 19476.86443835601, 19476.86443835601, 19476.86443835601, 19476.86443835601, 19476.86443835601, 19476.86443835601, 19476.86443835601, 19476.86443835601, 19476.86443835601, 19476.86443835601, 19476.86443835601, 19476.86443835601, 19476.86443835601, 19476.86443835601, 19476.86443835601, 19476.86443835601, 19476.86443835601, 19476.86443835601, 19476.86443835601, 19476.86443835601, 19476.86443835601, 19476.86443835601, 19476.86443835601, 19476.86443835601, 19476.86443835601, 19476.86443835601, 19476.86443835601, 19476.86443835601, 19476.86443835601, 19476.86443835601, 19476.86443835601, 19476.86443835601, 19476.86443835601, 19476.86443835601, 19476.86443835601, 19476.86443835601, 19476.86443835601, 19476.86443835601, 19476.86443835601, 19476.86443835601, 19476.86443835601, 19476.86443835601, 19476.86443835601, 19476.86443835601, 19476.86443835601, 19476.86443835601, 19476.86443835601, 19476.86443835601, 19476.86443835601, 19476.86443835601, 19476.86443835601, 19476.86443835601, 19476.86443835601, 19476.86443835601, 19476.86443835601, 19476.86443835601, 19476.86443835601, 19476.86443835601, 19476.86443835601, 19476.86443835601, 19476.86443835601, 19476.86443835601, 19476.86443835601, 19476.86443835601, 19476.86443835601, 19476.86443835601, 19476.86443835601, 19476.86443835601, 19476.86443835601, 19476.86443835601, 19476.86443835601, 19476.86443835601, 19476.86443835601, 19476.86443835601, 19476.86443835601, 19476.86443835601, 19476.86443835601, 19476.86443835601, 19476.86443835601, 19476.86443835601, 19476.86443835601, 19476.86443835601, 19476.86443835601, 19476.86443835601, 19476.86443835601, 19476.86443835601, 19476.86443835601, 19476.86443835601, 19476.86443835601, 19476.86443835601, 19476.86443835601, 19476.86443835601, 19476.86443835601, 19476.86443835601, 19476.86443835601, 19476.86443835601, 19476.86443835601, 19476.86443835601, 19476.86443835601, 19476.86443835601, 19476.86443835601, 19476.86443835601, 19476.86443835601, 19476.86443835601, 19476.86443835601, 19476.86443835601, 19476.86443835601, 19476.86443835601, 19476.86443835601, 19476.86443835601, 19476.86443835601, 19476.86443835601, 19476.86443835601, 19476.86443835601, 19476.86443835601, 19476.86443835601, 19476.86443835601, 19476.86443835601, 19476.86443835601, 19476.86443835601, 19476.86443835601, 19476.86443835601, 19476.86443835601, 19476.86443835601, 19476.86443835601, 19476.86443835601, 19476.86443835601, 19476.86443835601, 19476.86443835601, 19476.86443835601, 19476.86443835601, 19476.86443835601, 19476.86443835601, 19476.86443835601, 19476.86443835601, 19476.86443835601, 19476.86443835601, 19476.86443835601, 19476.86443835601, 19476.86443835601, 19476.86443835601, 19476.86443835601, 19476.86443835601, 19476.86443835601, 19476.86443835601, 19476.86443835601, 19476.86443835601, 19476.86443835601, 19476.86443835601, 19476.86443835601, 19476.86443835601, 19476.86443835601, 19476.86443835601, 19476.86443835601, 19476.86443835601, 19476.86443835601, 19476.86443835601, 19476.86443835601, 19476.86443835601, 19476.86443835601, 19476.86443835601, 19476.86443835601, 19476.86443835601, 19476.86443835601, 19476.86443835601, 19476.86443835601, 19476.86443835601, 19476.86443835601, 19476.86443835601, 19476.86443835601, 19476.86443835601, 19476.86443835601, 19476.86443835601, 19476.86443835601, 19476.86443835601, 19476.86443835601, 19476.86443835601, 19476.86443835601, 19476.86443835601, 19476.86443835601, 19476.86443835601, 19476.86443835601, 19476.86443835601, 19476.86443835601, 19476.86443835601, 19476.86443835601, 19476.86443835601, 19476.86443835601, 19476.86443835601, 19476.86443835601, 19476.86443835601, 19476.86443835601, 19476.86443835601, 19476.86443835601, 19476.86443835601, 19476.86443835601, 19476.86443835601, 19476.86443835601, 19476.86443835601, 19476.86443835601, 19476.86443835601, 19476.86443835601, 19476.86443835601, 19476.86443835601, 19476.86443835601, 19476.86443835601, 19476.86443835601, 19476.86443835601, 19476.86443835601, 19476.86443835601, 19476.86443835601, 19476.86443835601, 19464.76808040667, 19464.76808040667, 19464.76808040667, 19464.76808040667, 19464.76808040667, 19464.76808040667, 19464.76808040667, 19464.76808040667, 19464.76808040667, 19464.76808040667, 19464.76808040667, 19464.76808040667, 19464.76808040667, 19464.76808040667, 19464.76808040667, 19464.76808040667, 19464.76808040667, 19464.76808040667, 19464.76808040667, 19464.76808040667, 19464.76808040667, 19464.76808040667, 19464.76808040667, 19464.76808040667, 19464.76808040667, 19464.76808040667, 19464.76808040667, 19464.76808040667, 19464.76808040667, 19464.76808040667, 19464.76808040667, 19464.76808040667, 19464.76808040667, 19464.76808040667, 19464.76808040667, 19464.76808040667, 19464.76808040667, 19464.76808040667, 19464.76808040667, 19464.76808040667, 19464.76808040667, 19464.76808040667, 19464.76808040667, 19464.76808040667, 19464.76808040667, 19464.76808040667, 19464.76808040667, 19464.76808040667, 19464.76808040667, 19464.76808040667, 19464.76808040667, 19464.76808040667, 19464.76808040667, 19464.76808040667, 19464.76808040667, 19464.76808040667, 19464.76808040667, 19464.76808040667, 19464.76808040667, 19464.76808040667, 19464.76808040667, 19464.76808040667, 19464.76808040667, 19464.76808040667, 19464.76808040667, 19464.76808040667, 19464.76808040667, 19464.76808040667, 19464.76808040667, 19464.76808040667, 19464.76808040667, 19464.76808040667, 19464.76808040667, 19464.76808040667, 19464.76808040667, 19464.76808040667, 19464.76808040667, 19464.76808040667, 19464.76808040667, 19464.76808040667, 19464.76808040667, 19464.76808040667, 19464.76808040667, 19464.76808040667, 19464.76808040667, 19464.76808040667, 19464.76808040667, 19464.76808040667, 19464.76808040667, 19464.76808040667, 19464.76808040667, 19464.76808040667, 19464.76808040667, 19464.76808040667, 19464.76808040667, 19464.76808040667, 19464.76808040667, 19464.76808040667, 19464.76808040667, 19464.76808040667, 19464.76808040667, 19464.76808040667]
Computational time : 1646.5769999