Name : Ahmed ElMousel
Problem : X-n115-k10 
Whale Algorithm 
cost : 569.746101212
Routes : 
1->13->12->10->9->6->5->22->8->1
1->19->20->21->23->18->15->16->17->4->3->2->7->1
1->1
1->11->14->1
best solutions : 
[634.74545392856, 634.74545392856, 609.9422280370745, 603.2609193139549, 573.2004691898164, 573.2004691898164, 570.8856340827188, 570.8856340827188, 570.8856340827188, 570.8856340827188, 570.8856340827188, 570.8856340827188, 570.8856340827188, 569.8846342332732, 569.8846342332732, 569.7461012117925, 569.7461012117925, 569.7461012117925, 569.7461012117925, 569.7461012117925, 569.7461012117925, 569.7461012117925, 569.7461012117925, 569.7461012117925, 569.7461012117925, 569.7461012117925, 569.7461012117925, 569.7461012117925, 569.7461012117925, 569.7461012117925, 569.7461012117925, 569.7461012117925, 569.7461012117925, 569.7461012117925, 569.7461012117925, 569.7461012117925, 569.7461012117925, 569.7461012117925, 569.7461012117925, 569.7461012117925, 569.7461012117925, 569.7461012117925, 569.7461012117925, 569.7461012117925, 569.7461012117925, 569.7461012117925, 569.7461012117925, 569.7461012117925, 569.7461012117925, 569.7461012117925, 569.7461012117925, 569.7461012117925, 569.7461012117925, 569.7461012117925, 569.7461012117925, 569.7461012117925, 569.7461012117925, 569.7461012117925, 569.7461012117925, 569.7461012117925, 569.7461012117925, 569.7461012117925, 569.7461012117925, 569.7461012117925, 569.7461012117925, 569.7461012117925, 569.7461012117925, 569.7461012117925, 569.7461012117925, 569.7461012117925, 569.7461012117925, 569.7461012117925, 569.7461012117925, 569.7461012117925, 569.7461012117925, 569.7461012117925, 569.7461012117925, 569.7461012117925, 569.7461012117925, 569.7461012117925, 569.7461012117925, 569.7461012117925, 569.7461012117925, 569.7461012117925, 569.7461012117925, 569.7461012117925, 569.7461012117925, 569.7461012117925, 569.7461012117925, 569.7461012117925, 569.7461012117925, 569.7461012117925, 569.7461012117925, 569.7461012117925, 569.7461012117925, 569.7461012117925, 569.7461012117925, 569.7461012117925, 569.7461012117925, 569.7461012117925, 569.7461012117925, 569.7461012117925, 569.7461012117925, 569.7461012117925, 569.7461012117925, 569.7461012117925, 569.7461012117925, 569.7461012117925, 569.7461012117925, 569.7461012117925, 569.7461012117925, 569.7461012117925, 569.7461012117925, 569.7461012117925, 569.7461012117925, 569.7461012117925, 569.7461012117925, 569.7461012117925, 569.7461012117925, 569.7461012117925, 569.7461012117925, 569.7461012117925, 569.7461012117925, 569.7461012117925, 569.7461012117925, 569.7461012117925, 569.7461012117925, 569.7461012117925, 569.7461012117925, 569.7461012117925, 569.7461012117925, 569.7461012117925, 569.7461012117925, 569.7461012117925, 569.7461012117925, 569.7461012117925, 569.7461012117925, 569.7461012117925, 569.7461012117925, 569.7461012117925, 569.7461012117925, 569.7461012117925, 569.7461012117925, 569.7461012117925, 569.7461012117925, 569.7461012117925, 569.7461012117925, 569.7461012117925, 569.7461012117925, 569.7461012117925, 569.7461012117925, 569.7461012117925, 569.7461012117925, 569.7461012117925, 569.7461012117925, 569.7461012117925, 569.7461012117925, 569.7461012117925, 569.7461012117925, 569.7461012117925, 569.7461012117925, 569.7461012117925, 569.7461012117925, 569.7461012117925, 569.7461012117925, 569.7461012117925, 569.7461012117925, 569.7461012117925, 569.7461012117925, 569.7461012117925, 569.7461012117925, 569.7461012117925, 569.7461012117925, 569.7461012117925, 569.7461012117925, 569.7461012117925, 569.7461012117925, 569.7461012117925, 569.7461012117925, 569.7461012117925, 569.7461012117925, 569.7461012117925, 569.7461012117925, 569.7461012117925, 569.7461012117925, 569.7461012117925, 569.7461012117925, 569.7461012117925, 569.7461012117925, 569.7461012117925, 569.7461012117925, 569.7461012117925, 569.7461012117925, 569.7461012117925]
Computational time : -0.210000038147