Name : Ahmed ElMousel
Problem : X-n190-k8 
Whale Algorithm 
cost : 19166.4676682
Routes : 
1->1
1->1
1->1
1->1
1->1
1->1
1->1
1->96->26->144->98->25->13->178->48->6->177->126->87->78->39->3->31->151->148->79->170->81->160->166->84->1
1->1
1->189->65->67->111->164->129->47->136->146->116->145->70->56->60->97->4->92->114->112->24->165->159->52->104->2->1
1->132->119->32->46->150->15->17->171->27->118->158->135->162->133->174->134->73->140->89->45->161->183->30->1
1->173->40->37->138->152->175->49->55->127->77->186->71->182->42->153->88->187->147->102->53->72->124->137->184->64->20->1
1->1
1->185->157->130->109->176->12->123->83->117->61->80->18->156->8->163->21->66->122->76->94->44->169->121->1
1->5->113->23->7->131->57->9->101->180->63->43->91->10->41->33->62->181->154->19->85->99->142->149->168->106->1
1->1
1->58->14->172->74->59->29->139->143->16->28->188->125->141->190->155->54->115->34->108->75->68->50->120->107->1
1->38->100->167->93->82->95->51->179->22->69->36->110->90->105->86->11->35->103->128->1
best solutions : 
[33945.52764987987, 32284.13843563097, 30177.54238985274, 28431.125997714717, 27149.433024309226, 25739.483027286537, 25152.65462022624, 24449.1942247981, 23176.038955202264, 23176.038955202264, 22980.15930299306, 22968.289711164267, 22473.22537724215, 21794.796702548796, 21794.796702548796, 20575.61001107456, 20540.529757426848, 20540.529757426848, 20540.05524108305, 20540.05524108305, 20466.237484317688, 20435.067875394838, 20435.067875394838, 20435.067875394838, 20349.008504201287, 20349.008504201287, 20349.008504201287, 20349.008504201287, 20349.008504201287, 20349.008504201287, 20308.379096121505, 20270.26386862898, 20270.26386862898, 20270.26386862898, 20106.801073383544, 20106.801073383544, 20106.801073383544, 20106.801073383544, 20055.746007271853, 19969.622760353446, 19969.622760353446, 19898.637798615306, 19898.637798615306, 19843.071906640074, 19784.48111641599, 19784.48111641599, 19784.48111641599, 19784.48111641599, 19784.48111641599, 19784.48111641599, 19784.48111641599, 19784.48111641599, 19768.39924332188, 19677.504634589106, 19677.504634589106, 19677.504634589106, 19677.504634589106, 19677.504634589106, 19677.504634589106, 19677.504634589106, 19677.504634589106, 19677.504634589106, 19677.504634589106, 19677.504634589106, 19677.504634589106, 19677.504634589106, 19530.72125760772, 19527.576109178903, 19527.576109178903, 19526.733940052294, 19524.41872149441, 19524.41872149441, 19524.41872149441, 19524.41872149441, 19524.41872149441, 19524.41872149441, 19524.41872149441, 19524.41872149441, 19524.41872149441, 19524.41872149441, 19524.41872149441, 19524.41872149441, 19524.41872149441, 19475.306085694705, 19475.306085694705, 19475.306085694705, 19475.306085694705, 19475.306085694705, 19475.306085694705, 19475.306085694705, 19475.306085694705, 19475.306085694705, 19475.306085694705, 19475.306085694705, 19475.306085694705, 19475.306085694705, 19475.306085694705, 19475.306085694705, 19475.306085694705, 19475.306085694705, 19475.306085694705, 19475.306085694705, 19475.306085694705, 19475.306085694705, 19475.306085694705, 19475.306085694705, 19475.306085694705, 19475.306085694705, 19475.306085694705, 19475.306085694705, 19461.122110364264, 19461.122110364264, 19461.122110364264, 19461.122110364264, 19461.122110364264, 19461.122110364264, 19461.122110364264, 19455.296620446603, 19455.296620446603, 19455.296620446603, 19455.296620446603, 19455.296620446603, 19455.296620446603, 19455.296620446603, 19455.296620446603, 19455.296620446603, 19455.296620446603, 19455.296620446603, 19455.296620446603, 19455.296620446603, 19455.296620446603, 19455.296620446603, 19455.296620446603, 19455.296620446603, 19455.296620446603, 19444.16460843802, 19444.16460843802, 19444.16460843802, 19444.16460843802, 19444.16460843802, 19444.16460843802, 19444.16460843802, 19444.16460843802, 19444.16460843802, 19444.16460843802, 19444.16460843802, 19444.16460843802, 19444.16460843802, 19444.16460843802, 19444.16460843802, 19444.16460843802, 19444.16460843802, 19444.16460843802, 19444.16460843802, 19444.16460843802, 19444.16460843802, 19444.16460843802, 19406.275618773896, 19406.275618773896, 19406.275618773896, 19292.032529139087, 19292.032529139087, 19292.032529139087, 19292.032529139087, 19292.032529139087, 19292.032529139087, 19292.032529139087, 19292.032529139087, 19292.032529139087, 19292.032529139087, 19292.032529139087, 19292.032529139087, 19292.032529139087, 19292.032529139087, 19292.032529139087, 19288.774069815205, 19288.774069815205, 19288.774069815205, 19288.774069815205, 19288.774069815205, 19288.774069815205, 19288.774069815205, 19288.774069815205, 19288.774069815205, 19288.774069815205, 19288.774069815205, 19288.774069815205, 19288.774069815205, 19288.774069815205, 19288.774069815205, 19288.774069815205, 19288.774069815205, 19288.774069815205, 19288.774069815205, 19288.774069815205, 19288.774069815205, 19288.774069815205, 19288.774069815205, 19262.032375667262, 19262.032375667262, 19262.032375667262, 19262.032375667262, 19262.032375667262, 19262.032375667262, 19262.032375667262, 19262.032375667262, 19262.032375667262, 19262.032375667262, 19262.032375667262, 19262.032375667262, 19262.032375667262, 19262.032375667262, 19262.032375667262, 19262.032375667262, 19262.032375667262, 19262.032375667262, 19262.032375667262, 19262.032375667262, 19262.032375667262, 19262.032375667262, 19262.032375667262, 19262.032375667262, 19262.032375667262, 19262.032375667262, 19262.032375667262, 19262.032375667262, 19262.032375667262, 19262.032375667262, 19262.032375667262, 19262.032375667262, 19262.032375667262, 19262.032375667262, 19262.032375667262, 19262.032375667262, 19262.032375667262, 19262.032375667262, 19262.032375667262, 19262.032375667262, 19262.032375667262, 19262.032375667262, 19262.032375667262, 19262.032375667262, 19262.032375667262, 19262.032375667262, 19262.032375667262, 19262.032375667262, 19262.032375667262, 19262.032375667262, 19262.032375667262, 19262.032375667262, 19262.032375667262, 19262.032375667262, 19262.032375667262, 19262.032375667262, 19262.032375667262, 19262.032375667262, 19259.30247839948, 19259.30247839948, 19259.30247839948, 19259.30247839948, 19259.30247839948, 19259.30247839948, 19259.30247839948, 19259.30247839948, 19259.30247839948, 19259.30247839948, 19257.855065034768, 19257.855065034768, 19257.855065034768, 19257.855065034768, 19257.855065034768, 19257.855065034768, 19257.855065034768, 19257.855065034768, 19257.855065034768, 19257.855065034768, 19257.855065034768, 19257.855065034768, 19257.855065034768, 19257.855065034768, 19257.855065034768, 19257.855065034768, 19257.855065034768, 19257.855065034768, 19257.855065034768, 19257.83660902159, 19257.83660902159, 19257.83660902159, 19257.83660902159, 19257.83660902159, 19257.83660902159, 19257.83660902159, 19257.83660902159, 19257.83660902159, 19257.83660902159, 19257.83660902159, 19257.83660902159, 19257.83660902159, 19257.83660902159, 19257.83660902159, 19257.83660902159, 19257.83660902159, 19257.83660902159, 19257.83660902159, 19257.83660902159, 19257.83660902159, 19257.83660902159, 19257.83660902159, 19257.83660902159, 19257.83660902159, 19257.83660902159, 19257.83660902159, 19257.83660902159, 19257.83660902159, 19257.83660902159, 19257.83660902159, 19257.83660902159, 19257.83660902159, 19257.83660902159, 19257.83660902159, 19257.83660902159, 19257.83660902159, 19257.83660902159, 19257.83660902159, 19257.83660902159, 19257.83660902159, 19257.83660902159, 19257.83660902159, 19257.83660902159, 19257.83660902159, 19257.83660902159, 19257.83660902159, 19257.509347408322, 19257.509347408322, 19257.509347408322, 19257.509347408322, 19242.0547694264, 19242.0547694264, 19242.0547694264, 19242.0547694264, 19242.0547694264, 19242.0547694264, 19242.0547694264, 19242.0547694264, 19242.0547694264, 19242.0547694264, 19242.0547694264, 19242.0547694264, 19242.0547694264, 19242.0547694264, 19242.0547694264, 19242.0547694264, 19242.0547694264, 19242.0547694264, 19242.0547694264, 19242.0547694264, 19242.0547694264, 19242.0547694264, 19242.0547694264, 19242.0547694264, 19242.0547694264, 19242.0547694264, 19242.0547694264, 19242.0547694264, 19242.0547694264, 19242.0547694264, 19242.0547694264, 19242.0547694264, 19242.0547694264, 19242.0547694264, 19242.0547694264, 19242.0547694264, 19242.0547694264, 19242.0547694264, 19242.0547694264, 19242.0547694264, 19242.0547694264, 19242.0547694264, 19242.0547694264, 19242.0547694264, 19242.0547694264, 19242.0547694264, 19242.0547694264, 19242.0547694264, 19242.0547694264, 19242.0547694264, 19242.0547694264, 19242.0547694264, 19242.0547694264, 19242.0547694264, 19242.0547694264, 19242.0547694264, 19240.501880434287, 19240.501880434287, 19240.501880434287, 19240.501880434287, 19240.501880434287, 19240.501880434287, 19240.501880434287, 19240.501880434287, 19240.11712458432, 19240.11712458432, 19240.11712458432, 19240.11712458432, 19240.11712458432, 19240.11712458432, 19240.11712458432, 19240.11712458432, 19240.11712458432, 19240.11712458432, 19240.11712458432, 19240.11712458432, 19240.11712458432, 19240.11712458432, 19240.11712458432, 19240.11712458432, 19240.11712458432, 19240.11712458432, 19240.11712458432, 19240.11712458432, 19240.11712458432, 19240.11712458432, 19240.11712458432, 19240.11712458432, 19240.11712458432, 19240.11712458432, 19240.11712458432, 19240.11712458432, 19240.11712458432, 19240.11712458432, 19240.11712458432, 19240.11712458432, 19240.11712458432, 19240.11712458432, 19240.11712458432, 19240.11712458432, 19240.11712458432, 19240.11712458432, 19240.11712458432, 19240.11712458432, 19240.11712458432, 19237.673366352992, 19237.673366352992, 19237.673366352992, 19222.131966424367, 19222.131966424367, 19222.131966424367, 19222.131966424367, 19222.131966424367, 19222.131966424367, 19222.131966424367, 19222.131966424367, 19222.131966424367, 19222.131966424367, 19222.131966424367, 19222.131966424367, 19222.131966424367, 19222.131966424367, 19222.131966424367, 19222.131966424367, 19222.131966424367, 19222.131966424367, 19222.131966424367, 19222.131966424367, 19222.131966424367, 19222.131966424367, 19222.131966424367, 19222.131966424367, 19222.131966424367, 19222.131966424367, 19222.131966424367, 19222.131966424367, 19222.131966424367, 19222.131966424367, 19222.131966424367, 19222.131966424367, 19222.131966424367, 19222.131966424367, 19222.131966424367, 19222.131966424367, 19222.131966424367, 19222.131966424367, 19222.131966424367, 19222.131966424367, 19222.131966424367, 19222.131966424367, 19222.131966424367, 19222.131966424367, 19222.131966424367, 19222.131966424367, 19222.131966424367, 19222.131966424367, 19222.131966424367, 19222.131966424367, 19222.131966424367, 19222.131966424367, 19222.131966424367, 19222.131966424367, 19222.131966424367, 19222.131966424367, 19222.131966424367, 19222.131966424367, 19222.131966424367, 19222.131966424367, 19222.131966424367, 19222.131966424367, 19222.131966424367, 19222.131966424367, 19222.131966424367, 19222.131966424367, 19222.131966424367, 19222.131966424367, 19222.131966424367, 19222.131966424367, 19222.131966424367, 19222.131966424367, 19222.131966424367, 19222.131966424367, 19222.131966424367, 19222.131966424367, 19222.131966424367, 19222.131966424367, 19222.131966424367, 19222.131966424367, 19222.131966424367, 19222.131966424367, 19222.131966424367, 19222.131966424367, 19222.131966424367, 19222.131966424367, 19222.131966424367, 19222.131966424367, 19222.131966424367, 19222.131966424367, 19222.131966424367, 19222.131966424367, 19222.131966424367, 19222.131966424367, 19222.131966424367, 19222.131966424367, 19222.131966424367, 19222.131966424367, 19222.131966424367, 19222.131966424367, 19222.131966424367, 19222.131966424367, 19222.131966424367, 19222.131966424367, 19222.131966424367, 19222.131966424367, 19222.131966424367, 19222.131966424367, 19222.131966424367, 19222.131966424367, 19222.131966424367, 19222.131966424367, 19222.131966424367, 19222.131966424367, 19222.131966424367, 19222.131966424367, 19222.131966424367, 19222.131966424367, 19222.131966424367, 19222.131966424367, 19222.131966424367, 19222.131966424367, 19222.131966424367, 19222.131966424367, 19222.131966424367, 19222.131966424367, 19222.131966424367, 19222.131966424367, 19222.131966424367, 19219.3869768995, 19219.3869768995, 19219.3869768995, 19219.3869768995, 19219.3869768995, 19219.3869768995, 19219.3869768995, 19219.3869768995, 19219.3869768995, 19219.3869768995, 19219.3869768995, 19219.3869768995, 19219.3869768995, 19219.3869768995, 19219.3869768995, 19219.3869768995, 19219.3869768995, 19219.3869768995, 19219.3869768995, 19219.3869768995, 19219.3869768995, 19219.3869768995, 19219.3869768995, 19219.3869768995, 19219.3869768995, 19219.3869768995, 19198.89733007811, 19198.89733007811, 19198.89733007811, 19198.89733007811, 19198.89733007811, 19198.89733007811, 19198.89733007811, 19198.89733007811, 19198.89733007811, 19198.89733007811, 19198.89733007811, 19198.89733007811, 19198.89733007811, 19198.89733007811, 19198.89733007811, 19198.89733007811, 19198.89733007811, 19198.89733007811, 19198.89733007811, 19198.89733007811, 19198.89733007811, 19198.89733007811, 19198.89733007811, 19198.89733007811, 19198.89733007811, 19198.89733007811, 19198.89733007811, 19198.89733007811, 19198.89733007811, 19198.89733007811, 19198.89733007811, 19198.89733007811, 19198.89733007811, 19196.16010202846, 19196.16010202846, 19196.16010202846, 19196.16010202846, 19196.16010202846, 19196.16010202846, 19196.16010202846, 19196.16010202846, 19196.16010202846, 19196.16010202846, 19196.16010202846, 19196.16010202846, 19196.16010202846, 19196.16010202846, 19196.16010202846, 19196.16010202846, 19196.16010202846, 19196.16010202846, 19191.43707552819, 19191.43707552819, 19191.43707552819, 19191.43707552819, 19191.43707552819, 19191.43707552819, 19191.43707552819, 19191.43707552819, 19191.43707552819, 19191.43707552819, 19191.43707552819, 19191.43707552819, 19191.43707552819, 19191.43707552819, 19191.43707552819, 19191.43707552819, 19189.013232845682, 19189.013232845682, 19189.013232845682, 19189.013232845682, 19189.013232845682, 19189.013232845682, 19189.013232845682, 19189.013232845682, 19189.013232845682, 19189.013232845682, 19189.013232845682, 19189.013232845682, 19189.013232845682, 19189.013232845682, 19189.013232845682, 19185.880871625122, 19185.880871625122, 19185.880871625122, 19185.880871625122, 19185.880871625122, 19185.880871625122, 19185.880871625122, 19185.880871625122, 19185.880871625122, 19185.880871625122, 19185.880871625122, 19185.880871625122, 19185.880871625122, 19185.880871625122, 19185.880871625122, 19185.880871625122, 19185.880871625122, 19185.880871625122, 19185.880871625122, 19185.880871625122, 19185.880871625122, 19185.880871625122, 19185.880871625122, 19185.880871625122, 19185.880871625122, 19185.880871625122, 19185.880871625122, 19185.880871625122, 19185.880871625122, 19185.880871625122, 19185.880871625122, 19185.880871625122, 19185.880871625122, 19185.880871625122, 19185.880871625122, 19185.880871625122, 19185.880871625122, 19185.880871625122, 19185.880871625122, 19185.880871625122, 19185.880871625122, 19185.880871625122, 19185.880871625122, 19185.880871625122, 19185.880871625122, 19185.880871625122, 19185.880871625122, 19185.880871625122, 19185.880871625122, 19185.880871625122, 19185.880871625122, 19185.880871625122, 19185.880871625122, 19185.880871625122, 19185.880871625122, 19185.880871625122, 19185.880871625122, 19185.880871625122, 19185.880871625122, 19185.880871625122, 19185.880871625122, 19185.880871625122, 19185.880871625122, 19185.880871625122, 19185.880871625122, 19185.880871625122, 19185.880871625122, 19185.880871625122, 19185.880871625122, 19185.880871625122, 19185.880871625122, 19185.880871625122, 19185.880871625122, 19185.880871625122, 19185.880871625122, 19185.880871625122, 19185.880871625122, 19185.880871625122, 19185.880871625122, 19185.880871625122, 19185.880871625122, 19185.880871625122, 19185.880871625122, 19185.880871625122, 19185.880871625122, 19185.880871625122, 19185.880871625122, 19185.880871625122, 19185.880871625122, 19185.880871625122, 19185.880871625122, 19185.880871625122, 19185.880871625122, 19185.880871625122, 19185.880871625122, 19185.880871625122, 19185.880871625122, 19185.880871625122, 19185.880871625122, 19185.880871625122, 19185.880871625122, 19185.880871625122, 19185.880871625122, 19185.880871625122, 19185.880871625122, 19185.880871625122, 19185.880871625122, 19185.880871625122, 19185.880871625122, 19185.880871625122, 19185.88087162512, 19177.195229539066, 19177.195229539066, 19177.195229539066, 19177.195229539066, 19177.195229539066, 19177.195229539066, 19177.195229539066, 19177.195229539066, 19177.195229539066, 19177.195229539066, 19177.195229539066, 19177.195229539066, 19177.195229539066, 19177.195229539066, 19177.195229539066, 19177.195229539066, 19177.195229539066, 19177.195229539066, 19174.99561534779, 19174.99561534779, 19174.99561534779, 19174.99561534779, 19174.99561534779, 19174.99561534779, 19174.99561534779, 19174.99561534779, 19174.99561534779, 19174.99561534779, 19174.99561534779, 19174.99561534779, 19174.99561534779, 19174.99561534779, 19174.99561534779, 19174.99561534779, 19174.99561534779, 19174.99561534779, 19174.99561534779, 19174.99561534779, 19174.99561534779, 19174.99561534779, 19174.99561534779, 19174.99561534779, 19174.99561534779, 19174.99561534779, 19174.99561534779, 19174.99561534779, 19174.99561534779, 19174.99561534779, 19174.99561534779, 19174.99561534779, 19174.99561534779, 19174.99561534779, 19174.99561534779, 19174.99561534779, 19174.99561534779, 19174.99561534779, 19174.99561534779, 19174.99561534779, 19174.99561534779, 19174.99561534779, 19174.99561534779, 19174.99561534779, 19174.99561534779, 19174.99561534779, 19174.99561534779, 19174.99561534779, 19174.99561534779, 19174.99561534779, 19174.99561534779, 19174.99561534779, 19174.99561534779, 19174.99561534779, 19174.99561534779, 19174.99561534779, 19174.99561534779, 19174.99561534779, 19174.99561534779, 19174.99561534779, 19174.99561534779, 19174.99561534779, 19174.99561534779, 19174.99561534779, 19174.99561534779, 19174.99561534779, 19174.99561534779, 19174.99561534779, 19174.99561534779, 19174.99561534779, 19174.99561534779, 19174.99561534779, 19174.99561534779, 19174.99561534779, 19174.99561534779, 19174.99561534779, 19174.99561534779, 19174.99561534779, 19174.99561534779, 19174.99561534779, 19174.99561534779, 19174.99561534779, 19174.99561534779, 19174.99561534779, 19174.99561534779, 19174.99561534779, 19174.99561534779, 19174.99561534779, 19174.99561534779, 19174.99561534779, 19174.99561534779, 19174.99561534779, 19174.99561534779, 19174.99561534779, 19174.99561534779, 19174.99561534779, 19174.99561534779, 19174.99561534779, 19174.99561534779, 19174.99561534779, 19174.99561534779, 19174.99561534779, 19174.99561534779, 19174.99561534779, 19174.99561534779, 19174.99561534779, 19174.99561534779, 19174.99561534779, 19174.99561534779, 19174.99561534779, 19174.99561534779, 19174.99561534779, 19174.99561534779, 19174.99561534779, 19174.99561534779, 19174.99561534779, 19174.99561534779, 19174.99561534779, 19174.8169272269, 19174.8169272269, 19174.8169272269, 19174.8169272269, 19174.8169272269, 19174.8169272269, 19174.8169272269, 19174.8169272269, 19174.8169272269, 19174.8169272269, 19174.8169272269, 19174.8169272269, 19174.8169272269, 19174.8169272269, 19174.803587668102, 19174.803587668102, 19174.803587668102, 19174.803587668102, 19174.803587668102, 19174.803587668102, 19174.803587668102, 19174.803587668102, 19174.803587668102, 19174.803587668102, 19174.803587668102, 19174.803587668102, 19174.803587668102, 19174.803587668102, 19174.803587668102, 19174.803587668102, 19174.803587668102, 19172.52607263089, 19172.52607263089, 19172.52607263089, 19172.52607263089, 19172.52607263089, 19172.52607263089, 19172.52607263089, 19172.52607263089, 19172.52607263089, 19172.52607263089, 19172.52607263089, 19172.52607263089, 19172.52607263089, 19172.52607263089, 19172.52607263089, 19172.52607263089, 19172.52607263089, 19172.52607263089, 19172.52607263089, 19172.52607263089, 19172.52607263089, 19172.52607263089, 19172.52607263089, 19172.52607263089, 19172.52607263089, 19172.52607263089, 19172.52607263089, 19172.52607263089, 19172.52607263089, 19172.52607263089, 19172.52607263089, 19172.52607263089, 19172.52607263089, 19172.52607263089, 19172.52607263089, 19172.52607263089, 19172.52607263089, 19172.52607263089, 19172.52607263089, 19172.52607263089, 19172.52607263089, 19172.52607263089, 19172.52607263089, 19172.52607263089, 19172.52607263089, 19172.52607263089, 19172.52607263089, 19172.52607263089, 19172.334044951203, 19172.334044951203, 19172.334044951203, 19172.334044951203, 19172.334044951203, 19172.334044951203, 19172.334044951203, 19172.334044951203, 19172.334044951203, 19172.334044951203, 19172.334044951203, 19172.334044951203, 19171.237141607486, 19171.237141607486, 19171.237141607486, 19171.237141607486, 19171.237141607486, 19171.237141607486, 19171.237141607486, 19171.237141607486, 19171.237141607486, 19171.237141607486, 19171.237141607486, 19171.237141607486, 19169.765427577968, 19169.765427577968, 19169.765427577968, 19169.765427577968, 19169.765427577968, 19169.765427577968, 19169.212657756867, 19169.212657756867, 19167.51629203111, 19167.51629203111, 19167.51629203111, 19167.51629203111, 19167.51629203111, 19167.51629203111, 19167.51629203111, 19167.51629203111, 19167.51629203111, 19167.51629203111, 19167.51629203111, 19167.51629203111, 19167.51629203111, 19167.51629203111, 19167.51629203111, 19167.51629203111, 19167.51629203111, 19167.51629203111, 19167.51629203111, 19167.51629203111, 19167.51629203111, 19167.51629203111, 19167.51629203111, 19167.51629203111, 19167.51629203111, 19167.51629203111, 19167.51629203111, 19167.51629203111, 19167.51629203111, 19167.51629203111, 19167.51629203111, 19167.51629203111, 19167.51629203111, 19167.51629203111, 19167.51629203111, 19167.51629203111, 19167.51629203111, 19166.467668231995, 19166.467668231995, 19166.467668231995, 19166.467668231995, 19166.467668231995, 19166.467668231995, 19166.467668231995, 19166.467668231995, 19166.467668231995, 19166.467668231995, 19166.467668231995, 19166.467668231995, 19166.467668231995, 19166.467668231995, 19166.467668231995, 19166.467668231995, 19166.467668231995, 19166.467668231995, 19166.467668231995, 19166.467668231995, 19166.467668231995, 19166.467668231995, 19166.467668231995, 19166.467668231995]
Computational time : 1763.18400002