Name : Ahmed ElMousel
Problem : X-n190-k8 
Whale Algorithm 
cost : 801.49479522
Routes : 
1->13->2->8->31->1
1->28->25->1
1->17->22->32->20->18->14->27->1
1->7->4->3->24->29->5->12->30->1
1->21->6->26->11->16->23->10->9->19->15->1
best solutions : 
[899.348975944205, 899.1709262562073, 883.1284814323301, 883.1284814323301, 852.0630275757181, 852.0630275757181, 852.0630275757181, 852.0630275757181, 852.0630275757181, 852.0630275757181, 852.0630275757181, 839.4269095522538, 839.4269095522538, 835.1918553907224, 817.7185277246479, 817.7185277246479, 817.7185277246479, 817.7185277246479, 817.7185277246479, 817.3338213722234, 817.3338213722234, 808.3883630566493, 808.3883630566493, 808.3883630566493, 808.3883630566493, 808.3883630566493, 808.3883630566493, 808.3883630566493, 808.3883630566493, 808.3883630566493, 808.3883630566493, 808.3883630566493, 808.3883630566493, 808.3883630566493, 808.3883630566493, 808.3883630566493, 808.3883630566493, 808.3883630566493, 808.3883630566493, 808.3883630566493, 808.3883630566493, 806.1699831738144, 806.1699831738144, 806.1699831738144, 806.1699831738144, 806.1699831738144, 806.1699831738144, 806.1699831738144, 806.1699831738144, 806.1699831738144, 806.1699831738144, 806.1699831738144, 806.1699831738144, 806.1699831738144, 806.1699831738144, 806.1699831738144, 806.1699831738144, 806.1699831738144, 806.1699831738144, 806.1699831738144, 806.1699831738144, 806.1699831738144, 806.1699831738144, 806.1699831738144, 806.1699831738144, 801.4947952195896, 801.4947952195896, 801.4947952195896, 801.4947952195896, 801.4947952195896, 801.4947952195896, 801.4947952195896, 801.4947952195896, 801.4947952195896, 801.4947952195896, 801.4947952195896, 801.4947952195896, 801.4947952195896, 801.4947952195896, 801.4947952195896, 801.4947952195896, 801.4947952195896, 801.4947952195896, 801.4947952195896, 801.4947952195896, 801.4947952195896, 801.4947952195896, 801.4947952195896, 801.4947952195896, 801.4947952195896, 801.4947952195896, 801.4947952195896, 801.4947952195896, 801.4947952195896, 801.4947952195896, 801.4947952195896, 801.4947952195896, 801.4947952195896, 801.4947952195896, 801.4947952195896, 801.4947952195896, 801.4947952195896, 801.4947952195896, 801.4947952195896, 801.4947952195896, 801.4947952195896, 801.4947952195896, 801.4947952195896, 801.4947952195896, 801.4947952195896, 801.4947952195896, 801.4947952195896, 801.4947952195896, 801.4947952195896, 801.4947952195896, 801.4947952195896, 801.4947952195896, 801.4947952195896, 801.4947952195896, 801.4947952195896, 801.4947952195896, 801.4947952195896, 801.4947952195896, 801.4947952195896, 801.4947952195896, 801.4947952195896, 801.4947952195896, 801.4947952195896, 801.4947952195896, 801.4947952195896, 801.4947952195896, 801.4947952195896, 801.4947952195896, 801.4947952195896, 801.4947952195896, 801.4947952195896, 801.4947952195896, 801.4947952195896, 801.4947952195896, 801.4947952195896, 801.4947952195896, 801.4947952195896, 801.4947952195896, 801.4947952195896, 801.4947952195896, 801.4947952195896, 801.4947952195896, 801.4947952195896, 801.4947952195896, 801.4947952195896, 801.4947952195896, 801.4947952195896, 801.4947952195896, 801.4947952195896, 801.4947952195896, 801.4947952195896, 801.4947952195896, 801.4947952195896, 801.4947952195896, 801.4947952195896, 801.4947952195896, 801.4947952195896, 801.4947952195896, 801.4947952195896, 801.4947952195896, 801.4947952195896, 801.4947952195896, 801.4947952195896, 801.4947952195896, 801.4947952195896, 801.4947952195896, 801.4947952195896, 801.4947952195896, 801.4947952195896, 801.4947952195896, 801.4947952195896, 801.4947952195896, 801.4947952195896, 801.4947952195896, 801.4947952195896, 801.4947952195896, 801.4947952195896, 801.4947952195896, 801.4947952195896, 801.4947952195896, 801.4947952195896, 801.4947952195896, 801.4947952195896, 801.4947952195896, 801.4947952195896, 801.4947952195896, 801.4947952195896, 801.4947952195896, 801.4947952195896, 801.4947952195896, 801.4947952195896, 801.4947952195896, 801.4947952195896, 801.4947952195896, 801.4947952195896, 801.4947952195896, 801.4947952195896, 801.4947952195896, 801.4947952195896, 801.4947952195896, 801.4947952195896, 801.4947952195896, 801.4947952195896, 801.4947952195896, 801.4947952195896, 801.4947952195896, 801.4947952195896, 801.4947952195896, 801.4947952195896, 801.4947952195896, 801.4947952195896, 801.4947952195896, 801.4947952195896, 801.4947952195896, 801.4947952195896, 801.4947952195896, 801.4947952195896, 801.4947952195896, 801.4947952195896, 801.4947952195896, 801.4947952195896, 801.4947952195896, 801.4947952195896, 801.4947952195896, 801.4947952195896, 801.4947952195896, 801.4947952195896, 801.4947952195896, 801.4947952195896, 801.4947952195896, 801.4947952195896, 801.4947952195896, 801.4947952195896, 801.4947952195896, 801.4947952195896, 801.4947952195896, 801.4947952195896, 801.4947952195896, 801.4947952195896, 801.4947952195896, 801.4947952195896, 801.4947952195896, 801.4947952195896, 801.4947952195896, 801.4947952195896, 801.4947952195896, 801.4947952195896, 801.4947952195896, 801.4947952195896, 801.4947952195896, 801.4947952195896, 801.4947952195896, 801.4947952195896, 801.4947952195896, 801.4947952195896, 801.4947952195896, 801.4947952195896, 801.4947952195896, 801.4947952195896, 801.4947952195896, 801.4947952195896, 801.4947952195896, 801.4947952195896, 801.4947952195896, 801.4947952195896, 801.4947952195896, 801.4947952195896, 801.4947952195896, 801.4947952195896, 801.4947952195896, 801.4947952195896, 801.4947952195896, 801.4947952195896, 801.4947952195896, 801.4947952195896, 801.4947952195896, 801.4947952195896, 801.4947952195896, 801.4947952195896, 801.4947952195896, 801.4947952195896, 801.4947952195896, 801.4947952195896, 801.4947952195896, 801.4947952195896, 801.4947952195896, 801.4947952195896, 801.4947952195896, 801.4947952195896, 801.4947952195896, 801.4947952195896, 801.4947952195896, 801.4947952195896, 801.4947952195896, 801.4947952195896, 801.4947952195896, 801.4947952195896, 801.4947952195896, 801.4947952195896, 801.4947952195896, 801.4947952195896, 801.4947952195896, 801.4947952195896, 801.4947952195896, 801.4947952195896, 801.4947952195896, 801.4947952195896, 801.4947952195896, 801.4947952195896, 801.4947952195896, 801.4947952195896, 801.4947952195896, 801.4947952195896, 801.4947952195896, 801.4947952195896, 801.4947952195896, 801.4947952195896, 801.4947952195896, 801.4947952195896, 801.4947952195896, 801.4947952195896, 801.4947952195896, 801.4947952195896, 801.4947952195896, 801.4947952195896, 801.4947952195896, 801.4947952195896, 801.4947952195896, 801.4947952195896, 801.4947952195896, 801.4947952195896, 801.4947952195896, 801.4947952195896, 801.4947952195896, 801.4947952195896, 801.4947952195896, 801.4947952195896, 801.4947952195896, 801.4947952195896, 801.4947952195896, 801.4947952195896, 801.4947952195896, 801.4947952195896, 801.4947952195896, 801.4947952195896, 801.4947952195896, 801.4947952195896, 801.4947952195896, 801.4947952195896, 801.4947952195896, 801.4947952195896, 801.4947952195896, 801.4947952195896, 801.4947952195896, 801.4947952195896, 801.4947952195896, 801.4947952195896, 801.4947952195896, 801.4947952195896, 801.4947952195896, 801.4947952195896, 801.4947952195896, 801.4947952195896, 801.4947952195896, 801.4947952195896, 801.4947952195896, 801.4947952195896, 801.4947952195896, 801.4947952195896, 801.4947952195896, 801.4947952195896, 801.4947952195896, 801.4947952195896, 801.4947952195896, 801.4947952195896, 801.4947952195896, 801.4947952195896, 801.4947952195896, 801.4947952195896, 801.4947952195896, 801.4947952195896, 801.4947952195896, 801.4947952195896, 801.4947952195896, 801.4947952195896, 801.4947952195896, 801.4947952195896, 801.4947952195896, 801.4947952195896, 801.4947952195896, 801.4947952195896, 801.4947952195896, 801.4947952195896, 801.4947952195896, 801.4947952195896, 801.4947952195896, 801.4947952195896, 801.4947952195896, 801.4947952195896, 801.4947952195896, 801.4947952195896, 801.4947952195896, 801.4947952195896, 801.4947952195896, 801.4947952195896, 801.4947952195896, 801.4947952195896, 801.4947952195896, 801.4947952195896, 801.4947952195896, 801.4947952195896, 801.4947952195896, 801.4947952195896, 801.4947952195896, 801.4947952195896, 801.4947952195896, 801.4947952195896, 801.4947952195896, 801.4947952195896, 801.4947952195896, 801.4947952195896, 801.4947952195896, 801.4947952195896, 801.4947952195896, 801.4947952195896, 801.4947952195896, 801.4947952195896, 801.4947952195896, 801.4947952195896, 801.4947952195896, 801.4947952195896, 801.4947952195896, 801.4947952195896, 801.4947952195896, 801.4947952195896, 801.4947952195896, 801.4947952195896, 801.4947952195896, 801.4947952195896, 801.4947952195896, 801.4947952195896, 801.4947952195896, 801.4947952195896, 801.4947952195896, 801.4947952195896, 801.4947952195896, 801.4947952195896, 801.4947952195896, 801.4947952195896, 801.4947952195896, 801.4947952195896, 801.4947952195896, 801.4947952195896, 801.4947952195896, 801.4947952195896, 801.4947952195896, 801.4947952195896, 801.4947952195896, 801.4947952195896, 801.4947952195896, 801.4947952195896, 801.4947952195896, 801.4947952195896, 801.4947952195896, 801.4947952195896, 801.4947952195896, 801.4947952195896, 801.4947952195896, 801.4947952195896, 801.4947952195896, 801.4947952195896, 801.4947952195896, 801.4947952195896, 801.4947952195896, 801.4947952195896, 801.4947952195896, 801.4947952195896, 801.4947952195896, 801.4947952195896, 801.4947952195896, 801.4947952195896, 801.4947952195896, 801.4947952195896, 801.4947952195896, 801.4947952195896, 801.4947952195896, 801.4947952195896, 801.4947952195896, 801.4947952195896, 801.4947952195896, 801.4947952195896, 801.4947952195896, 801.4947952195896, 801.4947952195896, 801.4947952195896, 801.4947952195896, 801.4947952195896, 801.4947952195896, 801.4947952195896, 801.4947952195896, 801.4947952195896, 801.4947952195896, 801.4947952195896, 801.4947952195896, 801.4947952195896, 801.4947952195896, 801.4947952195896, 801.4947952195896, 801.4947952195896, 801.4947952195896, 801.4947952195896, 801.4947952195896, 801.4947952195896, 801.4947952195896, 801.4947952195896, 801.4947952195896, 801.4947952195896, 801.4947952195896, 801.4947952195896, 801.4947952195896, 801.4947952195896, 801.4947952195896, 801.4947952195896, 801.4947952195896, 801.4947952195896, 801.4947952195896, 801.4947952195896, 801.4947952195896, 801.4947952195896, 801.4947952195896, 801.4947952195896, 801.4947952195896, 801.4947952195896, 801.4947952195896, 801.4947952195896, 801.4947952195896, 801.4947952195896, 801.4947952195896, 801.4947952195896, 801.4947952195896, 801.4947952195896, 801.4947952195896, 801.4947952195896, 801.4947952195896, 801.4947952195896, 801.4947952195896, 801.4947952195896, 801.4947952195896, 801.4947952195896, 801.4947952195896, 801.4947952195896, 801.4947952195896, 801.4947952195896, 801.4947952195896, 801.4947952195896, 801.4947952195896, 801.4947952195896, 801.4947952195896, 801.4947952195896, 801.4947952195896, 801.4947952195896, 801.4947952195896, 801.4947952195896, 801.4947952195896, 801.4947952195896, 801.4947952195896, 801.4947952195896, 801.4947952195896, 801.4947952195896, 801.4947952195896, 801.4947952195896, 801.4947952195896, 801.4947952195896, 801.4947952195896, 801.4947952195896, 801.4947952195896, 801.4947952195896, 801.4947952195896, 801.4947952195896, 801.4947952195896, 801.4947952195896, 801.4947952195896, 801.4947952195896, 801.4947952195896, 801.4947952195896, 801.4947952195896, 801.4947952195896, 801.4947952195896, 801.4947952195896, 801.4947952195896, 801.4947952195896, 801.4947952195896, 801.4947952195896, 801.4947952195896, 801.4947952195896, 801.4947952195896, 801.4947952195896, 801.4947952195896, 801.4947952195896, 801.4947952195896, 801.4947952195896, 801.4947952195896, 801.4947952195896, 801.4947952195896, 801.4947952195896, 801.4947952195896, 801.4947952195896, 801.4947952195896, 801.4947952195896, 801.4947952195896, 801.4947952195896, 801.4947952195896, 801.4947952195896, 801.4947952195896, 801.4947952195896, 801.4947952195896, 801.4947952195896, 801.4947952195896, 801.4947952195896, 801.4947952195896, 801.4947952195896, 801.4947952195896, 801.4947952195896, 801.4947952195896, 801.4947952195896, 801.4947952195896, 801.4947952195896, 801.4947952195896, 801.4947952195896, 801.4947952195896, 801.4947952195896, 801.4947952195896, 801.4947952195896, 801.4947952195896, 801.4947952195896, 801.4947952195896, 801.4947952195896, 801.4947952195896, 801.4947952195896, 801.4947952195896, 801.4947952195896, 801.4947952195896, 801.4947952195896, 801.4947952195896, 801.4947952195896, 801.4947952195896, 801.4947952195896, 801.4947952195896, 801.4947952195896, 801.4947952195896, 801.4947952195896, 801.4947952195896, 801.4947952195896, 801.4947952195896, 801.4947952195896, 801.4947952195896, 801.4947952195896, 801.4947952195896, 801.4947952195896, 801.4947952195896, 801.4947952195896, 801.4947952195896, 801.4947952195896, 801.4947952195896, 801.4947952195896, 801.4947952195896, 801.4947952195896, 801.4947952195896, 801.4947952195896, 801.4947952195896, 801.4947952195896, 801.4947952195896, 801.4947952195896, 801.4947952195896, 801.4947952195896, 801.4947952195896, 801.4947952195896, 801.4947952195896, 801.4947952195896, 801.4947952195896, 801.4947952195896, 801.4947952195896, 801.4947952195896, 801.4947952195896, 801.4947952195896, 801.4947952195896, 801.4947952195896, 801.4947952195896, 801.4947952195896, 801.4947952195896, 801.4947952195896, 801.4947952195896, 801.4947952195896, 801.4947952195896, 801.4947952195896, 801.4947952195896, 801.4947952195896, 801.4947952195896, 801.4947952195896, 801.4947952195896, 801.4947952195896, 801.4947952195896, 801.4947952195896, 801.4947952195896, 801.4947952195896, 801.4947952195896, 801.4947952195896, 801.4947952195896, 801.4947952195896, 801.4947952195896, 801.4947952195896, 801.4947952195896, 801.4947952195896, 801.4947952195896, 801.4947952195896, 801.4947952195896, 801.4947952195896, 801.4947952195896, 801.4947952195896, 801.4947952195896, 801.4947952195896, 801.4947952195896, 801.4947952195896, 801.4947952195896, 801.4947952195896, 801.4947952195896, 801.4947952195896, 801.4947952195896, 801.4947952195896, 801.4947952195896, 801.4947952195896, 801.4947952195896, 801.4947952195896, 801.4947952195896, 801.4947952195896, 801.4947952195896, 801.4947952195896, 801.4947952195896, 801.4947952195896, 801.4947952195896, 801.4947952195896, 801.4947952195896, 801.4947952195896, 801.4947952195896, 801.4947952195896, 801.4947952195896, 801.4947952195896, 801.4947952195896, 801.4947952195896, 801.4947952195896, 801.4947952195896, 801.4947952195896, 801.4947952195896, 801.4947952195896, 801.4947952195896, 801.4947952195896, 801.4947952195896, 801.4947952195896, 801.4947952195896, 801.4947952195896, 801.4947952195896, 801.4947952195896, 801.4947952195896, 801.4947952195896, 801.4947952195896, 801.4947952195896, 801.4947952195896, 801.4947952195896, 801.4947952195896, 801.4947952195896, 801.4947952195896, 801.4947952195896, 801.4947952195896, 801.4947952195896, 801.4947952195896, 801.4947952195896, 801.4947952195896, 801.4947952195896, 801.4947952195896, 801.4947952195896, 801.4947952195896, 801.4947952195896, 801.4947952195896, 801.4947952195896, 801.4947952195896, 801.4947952195896, 801.4947952195896, 801.4947952195896, 801.4947952195896, 801.4947952195896, 801.4947952195896, 801.4947952195896, 801.4947952195896, 801.4947952195896, 801.4947952195896, 801.4947952195896, 801.4947952195896, 801.4947952195896, 801.4947952195896, 801.4947952195896, 801.4947952195896, 801.4947952195896, 801.4947952195896, 801.4947952195896, 801.4947952195896, 801.4947952195896, 801.4947952195896, 801.4947952195896, 801.4947952195896, 801.4947952195896, 801.4947952195896, 801.4947952195896, 801.4947952195896, 801.4947952195896, 801.4947952195896, 801.4947952195896, 801.4947952195896, 801.4947952195896, 801.4947952195896, 801.4947952195896, 801.4947952195896, 801.4947952195896, 801.4947952195896, 801.4947952195896, 801.4947952195896, 801.4947952195896, 801.4947952195896, 801.4947952195896, 801.4947952195896, 801.4947952195896, 801.4947952195896, 801.4947952195896, 801.4947952195896, 801.4947952195896, 801.4947952195896, 801.4947952195896, 801.4947952195896, 801.4947952195896, 801.4947952195896, 801.4947952195896, 801.4947952195896, 801.4947952195896, 801.4947952195896, 801.4947952195896, 801.4947952195896, 801.4947952195896, 801.4947952195896, 801.4947952195896, 801.4947952195896, 801.4947952195896, 801.4947952195896, 801.4947952195896, 801.4947952195896, 801.4947952195896, 801.4947952195896, 801.4947952195896, 801.4947952195896, 801.4947952195896, 801.4947952195896, 801.4947952195896, 801.4947952195896, 801.4947952195896, 801.4947952195896, 801.4947952195896, 801.4947952195896, 801.4947952195896, 801.4947952195896, 801.4947952195896, 801.4947952195896, 801.4947952195896, 801.4947952195896, 801.4947952195896, 801.4947952195896, 801.4947952195896, 801.4947952195896, 801.4947952195896, 801.4947952195896, 801.4947952195896, 801.4947952195896, 801.4947952195896, 801.4947952195896, 801.4947952195896, 801.4947952195896, 801.4947952195896, 801.4947952195896, 801.4947952195896, 801.4947952195896, 801.4947952195896, 801.4947952195896, 801.4947952195896, 801.4947952195896, 801.4947952195896, 801.4947952195896, 801.4947952195896, 801.4947952195896, 801.4947952195896, 801.4947952195896, 801.4947952195896, 801.4947952195896, 801.4947952195896, 801.4947952195896, 801.4947952195896, 801.4947952195896, 801.4947952195896, 801.4947952195896, 801.4947952195896, 801.4947952195896, 801.4947952195896, 801.4947952195896, 801.4947952195896, 801.4947952195896, 801.4947952195896, 801.4947952195896, 801.4947952195896, 801.4947952195896, 801.4947952195896, 801.4947952195896, 801.4947952195896, 801.4947952195896, 801.4947952195896, 801.4947952195896, 801.4947952195896, 801.4947952195896, 801.4947952195896, 801.4947952195896, 801.4947952195896, 801.4947952195896, 801.4947952195896, 801.4947952195896, 801.4947952195896, 801.4947952195896, 801.4947952195896, 801.4947952195896, 801.4947952195896, 801.4947952195896, 801.4947952195896, 801.4947952195896, 801.4947952195896, 801.4947952195896, 801.4947952195896, 801.4947952195896, 801.4947952195896, 801.4947952195896, 801.4947952195896, 801.4947952195896, 801.4947952195896, 801.4947952195896, 801.4947952195896, 801.4947952195896, 801.4947952195896, 801.4947952195896, 801.4947952195896, 801.4947952195896, 801.4947952195896, 801.4947952195896, 801.4947952195896, 801.4947952195896, 801.4947952195896, 801.4947952195896, 801.4947952195896, 801.4947952195896, 801.4947952195896, 801.4947952195896, 801.4947952195896, 801.4947952195896, 801.4947952195896, 801.4947952195896, 801.4947952195896, 801.4947952195896, 801.4947952195896, 801.4947952195896, 801.4947952195896, 801.4947952195896, 801.4947952195896, 801.4947952195896, 801.4947952195896, 801.4947952195896, 801.4947952195896, 801.4947952195896, 801.4947952195896, 801.4947952195896, 801.4947952195896, 801.4947952195896, 801.4947952195896, 801.4947952195896, 801.4947952195896, 801.4947952195896, 801.4947952195896, 801.4947952195896, 801.4947952195896, 801.4947952195896, 801.4947952195896, 801.4947952195896, 801.4947952195896, 801.4947952195896, 801.4947952195896, 801.4947952195896, 801.4947952195896, 801.4947952195896, 801.4947952195896, 801.4947952195896, 801.4947952195896, 801.4947952195896, 801.4947952195896, 801.4947952195896, 801.4947952195896, 801.4947952195896, 801.4947952195896, 801.4947952195896, 801.4947952195896, 801.4947952195896, 801.4947952195896, 801.4947952195896, 801.4947952195896, 801.4947952195896, 801.4947952195896, 801.4947952195896, 801.4947952195896, 801.4947952195896, 801.4947952195896, 801.4947952195896, 801.4947952195896, 801.4947952195896, 801.4947952195896, 801.4947952195896, 801.4947952195896, 801.4947952195896, 801.4947952195896, 801.4947952195896, 801.4947952195896, 801.4947952195896, 801.4947952195896, 801.4947952195896, 801.4947952195896, 801.4947952195896, 801.4947952195896, 801.4947952195896, 801.4947952195896, 801.4947952195896, 801.4947952195896, 801.4947952195896, 801.4947952195896, 801.4947952195896, 801.4947952195896, 801.4947952195896, 801.4947952195896, 801.4947952195896, 801.4947952195896, 801.4947952195896, 801.4947952195896, 801.4947952195896, 801.4947952195896, 801.4947952195896, 801.4947952195896, 801.4947952195896, 801.4947952195896, 801.4947952195896, 801.4947952195896, 801.4947952195896, 801.4947952195896, 801.4947952195896, 801.4947952195896, 801.4947952195896, 801.4947952195896, 801.4947952195896, 801.4947952195896, 801.4947952195896, 801.4947952195896, 801.4947952195896, 801.4947952195896, 801.4947952195896, 801.4947952195896, 801.4947952195896, 801.4947952195896, 801.4947952195896, 801.4947952195896, 801.4947952195896, 801.4947952195896, 801.4947952195896, 801.4947952195896, 801.4947952195896, 801.4947952195896, 801.4947952195896, 801.4947952195896, 801.4947952195896, 801.4947952195896, 801.4947952195896, 801.4947952195896, 801.4947952195896, 801.4947952195896, 801.4947952195896, 801.4947952195896, 801.4947952195896, 801.4947952195896, 801.4947952195896, 801.4947952195896, 801.4947952195896, 801.4947952195896, 801.4947952195896, 801.4947952195896, 801.4947952195896, 801.4947952195896, 801.4947952195896, 801.4947952195896, 801.4947952195896, 801.4947952195896, 801.4947952195896, 801.4947952195896, 801.4947952195896, 801.4947952195896, 801.4947952195896, 801.4947952195896, 801.4947952195896, 801.4947952195896, 801.4947952195896, 801.4947952195896, 801.4947952195896, 801.4947952195896, 801.4947952195896, 801.4947952195896, 801.4947952195896, 801.4947952195896, 801.4947952195896, 801.4947952195896, 801.4947952195896, 801.4947952195896, 801.4947952195896, 801.4947952195896, 801.4947952195896, 801.4947952195896, 801.4947952195896, 801.4947952195896, 801.4947952195896, 801.4947952195896, 801.4947952195896, 801.4947952195896, 801.4947952195896, 801.4947952195896, 801.4947952195896, 801.4947952195896, 801.4947952195896, 801.4947952195896, 801.4947952195896, 801.4947952195896, 801.4947952195896, 801.4947952195896, 801.4947952195896, 801.4947952195896, 801.4947952195896, 801.4947952195896, 801.4947952195896, 801.4947952195896, 801.4947952195896, 801.4947952195896, 801.4947952195896, 801.4947952195896, 801.4947952195896, 801.4947952195896, 801.4947952195896, 801.4947952195896, 801.4947952195896, 801.4947952195896, 801.4947952195896, 801.4947952195896, 801.4947952195896, 801.4947952195896, 801.4947952195896, 801.4947952195896, 801.4947952195896, 801.4947952195896, 801.4947952195896, 801.4947952195896, 801.4947952195896, 801.4947952195896, 801.4947952195896, 801.4947952195896, 801.4947952195896, 801.4947952195896, 801.4947952195896, 801.4947952195896, 801.4947952195896, 801.4947952195896, 801.4947952195896, 801.4947952195896, 801.4947952195896, 801.4947952195896, 801.4947952195896, 801.4947952195896, 801.4947952195896, 801.4947952195896, 801.4947952195896, 801.4947952195896, 801.4947952195896, 801.4947952195896, 801.4947952195896, 801.4947952195896, 801.4947952195896, 801.4947952195896, 801.4947952195896, 801.4947952195896, 801.4947952195896, 801.4947952195896, 801.4947952195896, 801.4947952195896, 801.4947952195896, 801.4947952195896, 801.4947952195896, 801.4947952195896, 801.4947952195896, 801.4947952195896, 801.4947952195896, 801.4947952195896, 801.4947952195896, 801.4947952195896, 801.4947952195896, 801.4947952195896, 801.4947952195896, 801.4947952195896, 801.4947952195896, 801.4947952195896, 801.4947952195896, 801.4947952195896, 801.4947952195896, 801.4947952195896, 801.4947952195896, 801.4947952195896, 801.4947952195896, 801.4947952195896, 801.4947952195896, 801.4947952195896, 801.4947952195896, 801.4947952195896, 801.4947952195896, 801.4947952195896, 801.4947952195896, 801.4947952195896, 801.4947952195896, 801.4947952195896, 801.4947952195896, 801.4947952195896, 801.4947952195896, 801.4947952195896, 801.4947952195896, 801.4947952195896, 801.4947952195896, 801.4947952195896, 801.4947952195896, 801.4947952195896, 801.4947952195896, 801.4947952195896, 801.4947952195896, 801.4947952195896, 801.4947952195896, 801.4947952195896, 801.4947952195896, 801.4947952195896, 801.4947952195896, 801.4947952195896, 801.4947952195896, 801.4947952195896, 801.4947952195896, 801.4947952195896, 801.4947952195896, 801.4947952195896, 801.4947952195896, 801.4947952195896, 801.4947952195896, 801.4947952195896, 801.4947952195896, 801.4947952195896, 801.4947952195896, 801.4947952195896, 801.4947952195896, 801.4947952195896, 801.4947952195896, 801.4947952195896, 801.4947952195896, 801.4947952195896, 801.4947952195896, 801.4947952195896, 801.4947952195896, 801.4947952195896, 801.4947952195896, 801.4947952195896, 801.4947952195896, 801.4947952195896, 801.4947952195896, 801.4947952195896, 801.4947952195896, 801.4947952195896, 801.4947952195896, 801.4947952195896, 801.4947952195896, 801.4947952195896, 801.4947952195896, 801.4947952195896, 801.4947952195896, 801.4947952195896, 801.4947952195896, 801.4947952195896, 801.4947952195896, 801.4947952195896, 801.4947952195896, 801.4947952195896, 801.4947952195896, 801.4947952195896, 801.4947952195896, 801.4947952195896, 801.4947952195896, 801.4947952195896, 801.4947952195896, 801.4947952195896, 801.4947952195896, 801.4947952195896, 801.4947952195896, 801.4947952195896, 801.4947952195896, 801.4947952195896, 801.4947952195896, 801.4947952195896, 801.4947952195896, 801.4947952195896, 801.4947952195896, 801.4947952195896, 801.4947952195896, 801.4947952195896, 801.4947952195896, 801.4947952195896, 801.4947952195896, 801.4947952195896, 801.4947952195896, 801.4947952195896, 801.4947952195896, 801.4947952195896, 801.4947952195896, 801.4947952195896, 801.4947952195896, 801.4947952195896, 801.4947952195896, 801.4947952195896, 801.4947952195896, 801.4947952195896, 801.4947952195896, 801.4947952195896, 801.4947952195896, 801.4947952195896, 801.4947952195896, 801.4947952195896, 801.4947952195896, 801.4947952195896, 801.4947952195896, 801.4947952195896, 801.4947952195896, 801.4947952195896, 801.4947952195896, 801.4947952195896, 801.4947952195896, 801.4947952195896, 801.4947952195896, 801.4947952195896, 801.4947952195896, 801.4947952195896, 801.4947952195896, 801.4947952195896, 801.4947952195896, 801.4947952195896, 801.4947952195896, 801.4947952195896, 801.4947952195896, 801.4947952195896, 801.4947952195896, 801.4947952195896, 801.4947952195896, 801.4947952195896, 801.4947952195896, 801.4947952195896, 801.4947952195896, 801.4947952195896, 801.4947952195896, 801.4947952195896, 801.4947952195896, 801.4947952195896, 801.4947952195896, 801.4947952195896, 801.4947952195896, 801.4947952195896, 801.4947952195896, 801.4947952195896, 801.4947952195896, 801.4947952195896, 801.4947952195896, 801.4947952195896, 801.4947952195896, 801.4947952195896, 801.4947952195896, 801.4947952195896, 801.4947952195896, 801.4947952195896, 801.4947952195896, 801.4947952195896, 801.4947952195896, 801.4947952195896, 801.4947952195896, 801.4947952195896, 801.4947952195896, 801.4947952195896, 801.4947952195896, 801.4947952195896, 801.4947952195896, 801.4947952195896, 801.4947952195896, 801.4947952195896, 801.4947952195896, 801.4947952195896, 801.4947952195896, 801.4947952195896, 801.4947952195896, 801.4947952195896, 801.4947952195896, 801.4947952195896, 801.4947952195896, 801.4947952195896, 801.4947952195896, 801.4947952195896, 801.4947952195896, 801.4947952195896, 801.4947952195896, 801.4947952195896, 801.4947952195896, 801.4947952195896, 801.4947952195896, 801.4947952195896, 801.4947952195896, 801.4947952195896, 801.4947952195896, 801.4947952195896, 801.4947952195896, 801.4947952195896, 801.4947952195896, 801.4947952195896, 801.4947952195896, 801.4947952195896, 801.4947952195896, 801.4947952195896, 801.4947952195896, 801.4947952195896, 801.4947952195896, 801.4947952195896, 801.4947952195896, 801.4947952195896, 801.4947952195896, 801.4947952195896, 801.4947952195896, 801.4947952195896, 801.4947952195896, 801.4947952195896, 801.4947952195896, 801.4947952195896, 801.4947952195896, 801.4947952195896, 801.4947952195896, 801.4947952195896, 801.4947952195896, 801.4947952195896, 801.4947952195896, 801.4947952195896, 801.4947952195896, 801.4947952195896, 801.4947952195896, 801.4947952195896, 801.4947952195896, 801.4947952195896, 801.4947952195896, 801.4947952195896, 801.4947952195896, 801.4947952195896, 801.4947952195896, 801.4947952195896, 801.4947952195896, 801.4947952195896, 801.4947952195896, 801.4947952195896, 801.4947952195896, 801.4947952195896, 801.4947952195896, 801.4947952195896, 801.4947952195896, 801.4947952195896, 801.4947952195896, 801.4947952195896, 801.4947952195896, 801.4947952195896, 801.4947952195896, 801.4947952195896, 801.4947952195896, 801.4947952195896, 801.4947952195896, 801.4947952195896, 801.4947952195896, 801.4947952195896, 801.4947952195896, 801.4947952195896, 801.4947952195896, 801.4947952195896, 801.4947952195896, 801.4947952195896, 801.4947952195896, 801.4947952195896, 801.4947952195896, 801.4947952195896, 801.4947952195896, 801.4947952195896, 801.4947952195896, 801.4947952195896, 801.4947952195896, 801.4947952195896, 801.4947952195896, 801.4947952195896, 801.4947952195896, 801.4947952195896, 801.4947952195896, 801.4947952195896, 801.4947952195896, 801.4947952195896, 801.4947952195896, 801.4947952195896, 801.4947952195896, 801.4947952195896, 801.4947952195896, 801.4947952195896, 801.4947952195896, 801.4947952195896, 801.4947952195896, 801.4947952195896, 801.4947952195896, 801.4947952195896, 801.4947952195896, 801.4947952195896, 801.4947952195896, 801.4947952195896, 801.4947952195896, 801.4947952195896, 801.4947952195896, 801.4947952195896, 801.4947952195896, 801.4947952195896, 801.4947952195896, 801.4947952195896, 801.4947952195896, 801.4947952195896, 801.4947952195896, 801.4947952195896, 801.4947952195896, 801.4947952195896, 801.4947952195896]
Computational time : 3.31900000572