Name : Ahmed ElMousel
Problem : X-n115-k10 
Whale Algorithm 
cost : 843.042355878
Routes : 
1->3->13->12->33->9->10->8->7->6->5->1
1->4->11->19->20->22->21->23->24->25->26->18->16->1
1->32->15->31->1
1->30->29->17->28->27->2->14->1
best solutions : 
[861.4783043643025, 861.4783043643025, 861.4783043643025, 861.4783043643025, 861.4783043643025, 861.4783043643025, 861.4783043643025, 861.4783043643025, 861.4783043643025, 861.4783043643025, 861.4783043643025, 861.4783043643025, 861.4783043643025, 861.4783043643025, 861.4783043643025, 861.4783043643025, 861.4783043643025, 861.4783043643025, 861.4783043643025, 861.4783043643025, 861.4783043643025, 861.4783043643025, 861.4783043643025, 861.4783043643025, 861.4783043643025, 851.4535117121821, 851.4535117121821, 851.4535117121821, 851.4535117121821, 851.4535117121821, 851.4535117121821, 848.9447329800382, 845.8615333673438, 843.0423558780992, 843.0423558780992, 843.0423558780992, 843.0423558780992, 843.0423558780992, 843.0423558780992, 843.0423558780992, 843.0423558780992, 843.0423558780992, 843.0423558780992, 843.0423558780992, 843.0423558780992, 843.0423558780992, 843.0423558780992, 843.0423558780992, 843.0423558780992, 843.0423558780992, 843.0423558780992, 843.0423558780992, 843.0423558780992, 843.0423558780992, 843.0423558780992, 843.0423558780992, 843.0423558780992, 843.0423558780992, 843.0423558780992, 843.0423558780992, 843.0423558780992, 843.0423558780992, 843.0423558780992, 843.0423558780992, 843.0423558780992, 843.0423558780992, 843.0423558780992, 843.0423558780992, 843.0423558780992, 843.0423558780992, 843.0423558780992, 843.0423558780992, 843.0423558780992, 843.0423558780992, 843.0423558780992, 843.0423558780992, 843.0423558780992, 843.0423558780992, 843.0423558780992, 843.0423558780992, 843.0423558780992, 843.0423558780992, 843.0423558780992, 843.0423558780992, 843.0423558780992, 843.0423558780992, 843.0423558780992, 843.0423558780992, 843.0423558780992, 843.0423558780992, 843.0423558780992, 843.0423558780992, 843.0423558780992, 843.0423558780992, 843.0423558780992, 843.0423558780992, 843.0423558780992, 843.0423558780992, 843.0423558780992, 843.0423558780992, 843.0423558780992, 843.0423558780992, 843.0423558780992, 843.0423558780992, 843.0423558780992, 843.0423558780992, 843.0423558780992, 843.0423558780992, 843.0423558780992, 843.0423558780992, 843.0423558780992, 843.0423558780992, 843.0423558780992, 843.0423558780992, 843.0423558780992, 843.0423558780992, 843.0423558780992, 843.0423558780992, 843.0423558780992, 843.0423558780992, 843.0423558780992, 843.0423558780992, 843.0423558780992, 843.0423558780992, 843.0423558780992, 843.0423558780992, 843.0423558780992, 843.0423558780992, 843.0423558780992, 843.0423558780992, 843.0423558780992, 843.0423558780992, 843.0423558780992, 843.0423558780992, 843.0423558780992, 843.0423558780992, 843.0423558780992, 843.0423558780992, 843.0423558780992, 843.0423558780992, 843.0423558780992, 843.0423558780992, 843.0423558780992, 843.0423558780992, 843.0423558780992, 843.0423558780992, 843.0423558780992, 843.0423558780992, 843.0423558780992, 843.0423558780992, 843.0423558780992, 843.0423558780992, 843.0423558780992, 843.0423558780992, 843.0423558780992, 843.0423558780992, 843.0423558780992, 843.0423558780992, 843.0423558780992, 843.0423558780992, 843.0423558780992, 843.0423558780992, 843.0423558780992, 843.0423558780992, 843.0423558780992, 843.0423558780992, 843.0423558780992, 843.0423558780992, 843.0423558780992, 843.0423558780992, 843.0423558780992, 843.0423558780992, 843.0423558780992, 843.0423558780992, 843.0423558780992, 843.0423558780992, 843.0423558780992, 843.0423558780992, 843.0423558780992, 843.0423558780992, 843.0423558780992, 843.0423558780992, 843.0423558780992, 843.0423558780992, 843.0423558780992, 843.0423558780992, 843.0423558780992, 843.0423558780992, 843.0423558780992, 843.0423558780992, 843.0423558780992, 843.0423558780992, 843.0423558780992, 843.0423558780992, 843.0423558780992, 843.0423558780992, 843.0423558780992, 843.0423558780992, 843.0423558780992, 843.0423558780992, 843.0423558780992, 843.0423558780992, 843.0423558780992, 843.0423558780992, 843.0423558780992, 843.0423558780992, 843.0423558780992, 843.0423558780992, 843.0423558780992, 843.0423558780992, 843.0423558780992, 843.0423558780992, 843.0423558780992, 843.0423558780992, 843.0423558780992, 843.0423558780992, 843.0423558780992, 843.0423558780992, 843.0423558780992, 843.0423558780992, 843.0423558780992, 843.0423558780992, 843.0423558780992, 843.0423558780992, 843.0423558780992, 843.0423558780992, 843.0423558780992, 843.0423558780992, 843.0423558780992, 843.0423558780992, 843.0423558780992, 843.0423558780992, 843.0423558780992, 843.0423558780992, 843.0423558780992, 843.0423558780992, 843.0423558780992, 843.0423558780992, 843.0423558780992, 843.0423558780992, 843.0423558780992, 843.0423558780992, 843.0423558780992, 843.0423558780992, 843.0423558780992, 843.0423558780992, 843.0423558780992, 843.0423558780992, 843.0423558780992, 843.0423558780992, 843.0423558780992, 843.0423558780992, 843.0423558780992, 843.0423558780992, 843.0423558780992, 843.0423558780992, 843.0423558780992, 843.0423558780992, 843.0423558780992, 843.0423558780992, 843.0423558780992, 843.0423558780992, 843.0423558780992, 843.0423558780992, 843.0423558780992, 843.0423558780992, 843.0423558780992, 843.0423558780992, 843.0423558780992, 843.0423558780992, 843.0423558780992, 843.0423558780992, 843.0423558780992, 843.0423558780992, 843.0423558780992, 843.0423558780992, 843.0423558780992, 843.0423558780992, 843.0423558780992, 843.0423558780992, 843.0423558780992, 843.0423558780992, 843.0423558780992, 843.0423558780992, 843.0423558780992, 843.0423558780992, 843.0423558780992, 843.0423558780992, 843.0423558780992, 843.0423558780992, 843.0423558780992, 843.0423558780992, 843.0423558780992, 843.0423558780992, 843.0423558780992, 843.0423558780992, 843.0423558780992, 843.0423558780992, 843.0423558780992, 843.0423558780992, 843.0423558780992, 843.0423558780992, 843.0423558780992, 843.0423558780992, 843.0423558780992, 843.0423558780992, 843.0423558780992, 843.0423558780992, 843.0423558780992, 843.0423558780992, 843.0423558780992, 843.0423558780992, 843.0423558780992, 843.0423558780992, 843.0423558780992, 843.0423558780992, 843.0423558780992, 843.0423558780992, 843.0423558780992, 843.0423558780992, 843.0423558780992, 843.0423558780992, 843.0423558780992, 843.0423558780992, 843.0423558780992, 843.0423558780992, 843.0423558780992, 843.0423558780992, 843.0423558780992, 843.0423558780992, 843.0423558780992, 843.0423558780992, 843.0423558780992, 843.0423558780992, 843.0423558780992, 843.0423558780992, 843.0423558780992, 843.0423558780992, 843.0423558780992, 843.0423558780992, 843.0423558780992, 843.0423558780992, 843.0423558780992, 843.0423558780992, 843.0423558780992, 843.0423558780992, 843.0423558780992, 843.0423558780992, 843.0423558780992, 843.0423558780992, 843.0423558780992, 843.0423558780992, 843.0423558780992, 843.0423558780992, 843.0423558780992, 843.0423558780992, 843.0423558780992, 843.0423558780992, 843.0423558780992, 843.0423558780992, 843.0423558780992, 843.0423558780992, 843.0423558780992, 843.0423558780992, 843.0423558780992, 843.0423558780992, 843.0423558780992, 843.0423558780992, 843.0423558780992, 843.0423558780992, 843.0423558780992, 843.0423558780992, 843.0423558780992, 843.0423558780992, 843.0423558780992, 843.0423558780992, 843.0423558780992, 843.0423558780992, 843.0423558780992, 843.0423558780992, 843.0423558780992, 843.0423558780992, 843.0423558780992, 843.0423558780992, 843.0423558780992, 843.0423558780992, 843.0423558780992, 843.0423558780992, 843.0423558780992, 843.0423558780992, 843.0423558780992, 843.0423558780992, 843.0423558780992, 843.0423558780992, 843.0423558780992, 843.0423558780992, 843.0423558780992, 843.0423558780992, 843.0423558780992, 843.0423558780992, 843.0423558780992, 843.0423558780992, 843.0423558780992, 843.0423558780992, 843.0423558780992, 843.0423558780992, 843.0423558780992, 843.0423558780992, 843.0423558780992, 843.0423558780992, 843.0423558780992, 843.0423558780992, 843.0423558780992, 843.0423558780992, 843.0423558780992, 843.0423558780992, 843.0423558780992, 843.0423558780992, 843.0423558780992, 843.0423558780992, 843.0423558780992, 843.0423558780992, 843.0423558780992, 843.0423558780992, 843.0423558780992, 843.0423558780992, 843.0423558780992, 843.0423558780992, 843.0423558780992, 843.0423558780992, 843.0423558780992, 843.0423558780992, 843.0423558780992, 843.0423558780992, 843.0423558780992, 843.0423558780992, 843.0423558780992, 843.0423558780992, 843.0423558780992, 843.0423558780992, 843.0423558780992, 843.0423558780992, 843.0423558780992, 843.0423558780992, 843.0423558780992, 843.0423558780992, 843.0423558780992, 843.0423558780992, 843.0423558780992, 843.0423558780992, 843.0423558780992, 843.0423558780992, 843.0423558780992, 843.0423558780992, 843.0423558780992, 843.0423558780992, 843.0423558780992, 843.0423558780992, 843.0423558780992, 843.0423558780992, 843.0423558780992, 843.0423558780992, 843.0423558780992, 843.0423558780992, 843.0423558780992, 843.0423558780992, 843.0423558780992, 843.0423558780992, 843.0423558780992, 843.0423558780992, 843.0423558780992, 843.0423558780992, 843.0423558780992, 843.0423558780992, 843.0423558780992, 843.0423558780992, 843.0423558780992, 843.0423558780992, 843.0423558780992, 843.0423558780992, 843.0423558780992, 843.0423558780992, 843.0423558780992, 843.0423558780992, 843.0423558780992, 843.0423558780992, 843.0423558780992, 843.0423558780992, 843.0423558780992, 843.0423558780992, 843.0423558780992, 843.0423558780992, 843.0423558780992, 843.0423558780992, 843.0423558780992, 843.0423558780992, 843.0423558780992, 843.0423558780992, 843.0423558780992, 843.0423558780992, 843.0423558780992, 843.0423558780992, 843.0423558780992, 843.0423558780992, 843.0423558780992, 843.0423558780992, 843.0423558780992, 843.0423558780992, 843.0423558780992, 843.0423558780992, 843.0423558780992, 843.0423558780992, 843.0423558780992, 843.0423558780992, 843.0423558780992, 843.0423558780992, 843.0423558780992, 843.0423558780992, 843.0423558780992, 843.0423558780992, 843.0423558780992, 843.0423558780992, 843.0423558780992, 843.0423558780992, 843.0423558780992, 843.0423558780992, 843.0423558780992, 843.0423558780992, 843.0423558780992, 843.0423558780992, 843.0423558780992, 843.0423558780992, 843.0423558780992, 843.0423558780992, 843.0423558780992, 843.0423558780992, 843.0423558780992, 843.0423558780992, 843.0423558780992, 843.0423558780992, 843.0423558780992, 843.0423558780992, 843.0423558780992, 843.0423558780992, 843.0423558780992, 843.0423558780992, 843.0423558780992, 843.0423558780992, 843.0423558780992, 843.0423558780992, 843.0423558780992, 843.0423558780992, 843.0423558780992, 843.0423558780992, 843.0423558780992, 843.0423558780992, 843.0423558780992, 843.0423558780992, 843.0423558780992, 843.0423558780992, 843.0423558780992, 843.0423558780992, 843.0423558780992, 843.0423558780992, 843.0423558780992, 843.0423558780992, 843.0423558780992, 843.0423558780992, 843.0423558780992, 843.0423558780992, 843.0423558780992, 843.0423558780992, 843.0423558780992, 843.0423558780992, 843.0423558780992, 843.0423558780992, 843.0423558780992, 843.0423558780992, 843.0423558780992, 843.0423558780992, 843.0423558780992, 843.0423558780992, 843.0423558780992, 843.0423558780992, 843.0423558780992, 843.0423558780992, 843.0423558780992, 843.0423558780992, 843.0423558780992, 843.0423558780992, 843.0423558780992, 843.0423558780992, 843.0423558780992, 843.0423558780992, 843.0423558780992, 843.0423558780992, 843.0423558780992, 843.0423558780992, 843.0423558780992, 843.0423558780992, 843.0423558780992, 843.0423558780992, 843.0423558780992, 843.0423558780992, 843.0423558780992, 843.0423558780992, 843.0423558780992, 843.0423558780992, 843.0423558780992, 843.0423558780992, 843.0423558780992, 843.0423558780992, 843.0423558780992, 843.0423558780992, 843.0423558780992, 843.0423558780992, 843.0423558780992, 843.0423558780992, 843.0423558780992, 843.0423558780992, 843.0423558780992, 843.0423558780992, 843.0423558780992, 843.0423558780992, 843.0423558780992, 843.0423558780992, 843.0423558780992, 843.0423558780992, 843.0423558780992, 843.0423558780992, 843.0423558780992, 843.0423558780992, 843.0423558780992, 843.0423558780992, 843.0423558780992, 843.0423558780992, 843.0423558780992, 843.0423558780992, 843.0423558780992, 843.0423558780992, 843.0423558780992, 843.0423558780992, 843.0423558780992, 843.0423558780992, 843.0423558780992, 843.0423558780992, 843.0423558780992, 843.0423558780992, 843.0423558780992, 843.0423558780992, 843.0423558780992, 843.0423558780992, 843.0423558780992, 843.0423558780992, 843.0423558780992, 843.0423558780992, 843.0423558780992, 843.0423558780992, 843.0423558780992, 843.0423558780992, 843.0423558780992, 843.0423558780992, 843.0423558780992, 843.0423558780992, 843.0423558780992, 843.0423558780992, 843.0423558780992, 843.0423558780992, 843.0423558780992, 843.0423558780992, 843.0423558780992, 843.0423558780992, 843.0423558780992, 843.0423558780992, 843.0423558780992, 843.0423558780992, 843.0423558780992, 843.0423558780992, 843.0423558780992]
Computational time : 1.48200011253