Name : Ahmed ElMousel
Problem : X-n115-k10 
Whale Algorithm 
cost : 832.554216029
Routes : 
1->11->8->27->1
1->17->2->23->19->22->28->26->12->1
1->25->33->14->18->31->30->34->32->20->5->1
1->10->29->13->4->7->24->35->1
1->6->15->3->36->9->16->21->1
best solutions : 
[843.3818635740419, 843.3818635740419, 843.3818635740419, 843.3818635740419, 843.3818635740419, 843.3818635740419, 843.3818635740419, 843.3818635740419, 843.3818635740419, 843.3818635740419, 840.4955873559591, 840.4955873559591, 832.554216029041, 832.554216029041, 832.554216029041, 832.554216029041, 832.554216029041, 832.554216029041, 832.554216029041, 832.554216029041, 832.554216029041, 832.554216029041, 832.554216029041, 832.554216029041, 832.554216029041, 832.554216029041, 832.554216029041, 832.554216029041, 832.554216029041, 832.554216029041, 832.554216029041, 832.554216029041, 832.554216029041, 832.554216029041, 832.554216029041, 832.554216029041, 832.554216029041, 832.554216029041, 832.554216029041, 832.554216029041, 832.554216029041, 832.554216029041, 832.554216029041, 832.554216029041, 832.554216029041, 832.554216029041, 832.554216029041, 832.554216029041, 832.554216029041, 832.554216029041, 832.554216029041, 832.554216029041, 832.554216029041, 832.554216029041, 832.554216029041, 832.554216029041, 832.554216029041, 832.554216029041, 832.554216029041, 832.554216029041, 832.554216029041, 832.554216029041, 832.554216029041, 832.554216029041, 832.554216029041, 832.554216029041, 832.554216029041, 832.554216029041, 832.554216029041, 832.554216029041, 832.554216029041, 832.554216029041, 832.554216029041, 832.554216029041, 832.554216029041, 832.554216029041, 832.554216029041, 832.554216029041, 832.554216029041, 832.554216029041, 832.554216029041, 832.554216029041, 832.554216029041, 832.554216029041, 832.554216029041, 832.554216029041, 832.554216029041, 832.554216029041, 832.554216029041, 832.554216029041, 832.554216029041, 832.554216029041, 832.554216029041, 832.554216029041, 832.554216029041, 832.554216029041, 832.554216029041, 832.554216029041, 832.554216029041, 832.554216029041, 832.554216029041, 832.554216029041, 832.554216029041, 832.554216029041, 832.554216029041, 832.554216029041, 832.554216029041, 832.554216029041, 832.554216029041, 832.554216029041, 832.554216029041, 832.554216029041, 832.554216029041, 832.554216029041, 832.554216029041, 832.554216029041, 832.554216029041, 832.554216029041, 832.554216029041, 832.554216029041, 832.554216029041, 832.554216029041, 832.554216029041, 832.554216029041, 832.554216029041, 832.554216029041, 832.554216029041, 832.554216029041, 832.554216029041, 832.554216029041, 832.554216029041, 832.554216029041, 832.554216029041, 832.554216029041, 832.554216029041, 832.554216029041, 832.554216029041, 832.554216029041, 832.554216029041, 832.554216029041, 832.554216029041, 832.554216029041, 832.554216029041, 832.554216029041, 832.554216029041, 832.554216029041, 832.554216029041, 832.554216029041, 832.554216029041, 832.554216029041, 832.554216029041, 832.554216029041, 832.554216029041, 832.554216029041, 832.554216029041, 832.554216029041, 832.554216029041, 832.554216029041, 832.554216029041, 832.554216029041, 832.554216029041, 832.554216029041, 832.554216029041, 832.554216029041, 832.554216029041, 832.554216029041, 832.554216029041, 832.554216029041, 832.554216029041, 832.554216029041, 832.554216029041, 832.554216029041, 832.554216029041, 832.554216029041, 832.554216029041, 832.554216029041, 832.554216029041, 832.554216029041, 832.554216029041, 832.554216029041, 832.554216029041, 832.554216029041, 832.554216029041]
Computational time : 2.37300014496