Name : Ahmed ElMousel
Problem : X-n190-k8 
Whale Algorithm 
cost : 810.265662183
Routes : 
1->68->8->36->9->47->35->5->1
1->27->13->41->18->52->7->3->69->1
1->46->30->48->22->29->63->75->31->76->1
1->49->6->37->72->61->71->21->16->58->14->28->53->1
1->4->45->33->51->19->25->50->17->64->34->1
1->59->11->39->66->67->12->54->1
1->55->20->15->60->32->56->26->10->40->73->1
1->38->70->62->23->65->43->42->57->24->44->2->74->1
best solutions : 
[819.8023398059407, 819.8023398059407, 819.8023398059407, 819.8023398059407, 819.8023398059407, 819.8023398059407, 819.8023398059407, 819.8023398059407, 819.8023398059407, 819.8023398059407, 815.9890075416139, 815.9890075416139, 815.9890075416139, 815.9890075416139, 813.6068287619775, 813.6068287619775, 813.6068287619775, 813.6068287619775, 813.6068287619775, 813.6068287619775, 813.6068287619775, 813.6068287619775, 813.6068287619775, 813.6068287619775, 813.6068287619775, 813.6068287619775, 813.6068287619775, 812.6263419576896, 812.6263419576896, 812.6263419576896, 812.6263419576896, 812.6263419576896, 812.6263419576896, 812.6263419576896, 812.6263419576896, 812.6263419576896, 812.6263419576896, 812.6263419576896, 812.6263419576896, 812.6263419576896, 812.6263419576896, 812.6263419576896, 812.6263419576896, 812.6263419576896, 812.6263419576896, 812.6263419576896, 812.6263419576896, 812.6263419576896, 812.6263419576896, 812.6263419576896, 812.6263419576896, 812.6263419576896, 812.6263419576896, 810.2656621826918, 810.2656621826918, 810.2656621826918, 810.2656621826918, 810.2656621826918, 810.2656621826918, 810.2656621826918, 810.2656621826918, 810.2656621826918, 810.2656621826918, 810.2656621826918, 810.2656621826918, 810.2656621826918, 810.2656621826918, 810.2656621826918, 810.2656621826918, 810.2656621826918, 810.2656621826918, 810.2656621826918, 810.2656621826918, 810.2656621826918, 810.2656621826918, 810.2656621826918, 810.2656621826918, 810.2656621826918, 810.2656621826918, 810.2656621826918, 810.2656621826918, 810.2656621826918, 810.2656621826918, 810.2656621826918, 810.2656621826918, 810.2656621826918, 810.2656621826918, 810.2656621826918, 810.2656621826918, 810.2656621826918, 810.2656621826918, 810.2656621826918, 810.2656621826918, 810.2656621826918, 810.2656621826918, 810.2656621826918, 810.2656621826918, 810.2656621826918, 810.2656621826918, 810.2656621826918, 810.2656621826918, 810.2656621826918, 810.2656621826918, 810.2656621826918, 810.2656621826918, 810.2656621826918, 810.2656621826918, 810.2656621826918, 810.2656621826918, 810.2656621826918, 810.2656621826918, 810.2656621826918, 810.2656621826918, 810.2656621826918, 810.2656621826918, 810.2656621826918, 810.2656621826918, 810.2656621826918, 810.2656621826918, 810.2656621826918, 810.2656621826918, 810.2656621826918, 810.2656621826918, 810.2656621826918, 810.2656621826918, 810.2656621826918, 810.2656621826918, 810.2656621826918, 810.2656621826918, 810.2656621826918, 810.2656621826918, 810.2656621826918, 810.2656621826918, 810.2656621826918, 810.2656621826918, 810.2656621826918, 810.2656621826918, 810.2656621826918, 810.2656621826918, 810.2656621826918, 810.2656621826918, 810.2656621826918, 810.2656621826918, 810.2656621826918, 810.2656621826918, 810.2656621826918, 810.2656621826918, 810.2656621826918, 810.2656621826918, 810.2656621826918, 810.2656621826918, 810.2656621826918, 810.2656621826918, 810.2656621826918, 810.2656621826918, 810.2656621826918, 810.2656621826918, 810.2656621826918, 810.2656621826918, 810.2656621826918, 810.2656621826918, 810.2656621826918, 810.2656621826918, 810.2656621826918, 810.2656621826918, 810.2656621826918, 810.2656621826918, 810.2656621826918, 810.2656621826918, 810.2656621826918, 810.2656621826918, 810.2656621826918, 810.2656621826918, 810.2656621826918, 810.2656621826918, 810.2656621826918, 810.2656621826918, 810.2656621826918, 810.2656621826918, 810.2656621826918, 810.2656621826918, 810.2656621826918, 810.2656621826918, 810.2656621826918, 810.2656621826918, 810.2656621826918, 810.2656621826918, 810.2656621826918, 810.2656621826918, 810.2656621826918, 810.2656621826918, 810.2656621826918, 810.2656621826918, 810.2656621826918, 810.2656621826918, 810.2656621826918, 810.2656621826918, 810.2656621826918, 810.2656621826918, 810.2656621826918, 810.2656621826918, 810.2656621826918, 810.2656621826918, 810.2656621826918, 810.2656621826918, 810.2656621826918, 810.2656621826918, 810.2656621826918, 810.2656621826918, 810.2656621826918, 810.2656621826918, 810.2656621826918, 810.2656621826918, 810.2656621826918, 810.2656621826918, 810.2656621826918, 810.2656621826918, 810.2656621826918, 810.2656621826918, 810.2656621826918, 810.2656621826918, 810.2656621826918, 810.2656621826918, 810.2656621826918, 810.2656621826918, 810.2656621826918, 810.2656621826918, 810.2656621826918, 810.2656621826918, 810.2656621826918, 810.2656621826918, 810.2656621826918, 810.2656621826918, 810.2656621826918, 810.2656621826918, 810.2656621826918, 810.2656621826918, 810.2656621826918, 810.2656621826918, 810.2656621826918, 810.2656621826918, 810.2656621826918, 810.2656621826918, 810.2656621826918, 810.2656621826918, 810.2656621826918, 810.2656621826918, 810.2656621826918, 810.2656621826918, 810.2656621826918, 810.2656621826918, 810.2656621826918, 810.2656621826918, 810.2656621826918, 810.2656621826918, 810.2656621826918, 810.2656621826918, 810.2656621826918, 810.2656621826918, 810.2656621826918, 810.2656621826918, 810.2656621826918, 810.2656621826918, 810.2656621826918, 810.2656621826918, 810.2656621826918, 810.2656621826918, 810.2656621826918, 810.2656621826918, 810.2656621826918, 810.2656621826918, 810.2656621826918, 810.2656621826918, 810.2656621826918, 810.2656621826918, 810.2656621826918, 810.2656621826918, 810.2656621826918, 810.2656621826918, 810.2656621826918, 810.2656621826918, 810.2656621826918, 810.2656621826918, 810.2656621826918, 810.2656621826918, 810.2656621826918, 810.2656621826918, 810.2656621826918, 810.2656621826918, 810.2656621826918, 810.2656621826918, 810.2656621826918, 810.2656621826918, 810.2656621826918, 810.2656621826918, 810.2656621826918, 810.2656621826918, 810.2656621826918, 810.2656621826918, 810.2656621826918, 810.2656621826918, 810.2656621826918, 810.2656621826918, 810.2656621826918, 810.2656621826918, 810.2656621826918, 810.2656621826918, 810.2656621826918, 810.2656621826918, 810.2656621826918, 810.2656621826918, 810.2656621826918, 810.2656621826918, 810.2656621826918, 810.2656621826918, 810.2656621826918, 810.2656621826918, 810.2656621826918, 810.2656621826918, 810.2656621826918, 810.2656621826918, 810.2656621826918, 810.2656621826918, 810.2656621826918, 810.2656621826918, 810.2656621826918, 810.2656621826918, 810.2656621826918, 810.2656621826918, 810.2656621826918, 810.2656621826918, 810.2656621826918, 810.2656621826918, 810.2656621826918, 810.2656621826918, 810.2656621826918, 810.2656621826918, 810.2656621826918, 810.2656621826918, 810.2656621826918, 810.2656621826918, 810.2656621826918, 810.2656621826918, 810.2656621826918, 810.2656621826918, 810.2656621826918, 810.2656621826918, 810.2656621826918, 810.2656621826918, 810.2656621826918, 810.2656621826918, 810.2656621826918, 810.2656621826918, 810.2656621826918, 810.2656621826918, 810.2656621826918, 810.2656621826918, 810.2656621826918, 810.2656621826918, 810.2656621826918, 810.2656621826918, 810.2656621826918, 810.2656621826918, 810.2656621826918, 810.2656621826918, 810.2656621826918, 810.2656621826918, 810.2656621826918, 810.2656621826918, 810.2656621826918, 810.2656621826918, 810.2656621826918, 810.2656621826918, 810.2656621826918, 810.2656621826918, 810.2656621826918, 810.2656621826918, 810.2656621826918, 810.2656621826918, 810.2656621826918, 810.2656621826918, 810.2656621826918, 810.2656621826918, 810.2656621826918, 810.2656621826918, 810.2656621826918, 810.2656621826918, 810.2656621826918, 810.2656621826918, 810.2656621826918, 810.2656621826918, 810.2656621826918, 810.2656621826918, 810.2656621826918, 810.2656621826918, 810.2656621826918, 810.2656621826918, 810.2656621826918, 810.2656621826918, 810.2656621826918, 810.2656621826918, 810.2656621826918, 810.2656621826918, 810.2656621826918, 810.2656621826918, 810.2656621826918, 810.2656621826918, 810.2656621826918, 810.2656621826918, 810.2656621826918, 810.2656621826918, 810.2656621826918, 810.2656621826918, 810.2656621826918, 810.2656621826918, 810.2656621826918, 810.2656621826918, 810.2656621826918, 810.2656621826918, 810.2656621826918, 810.2656621826918, 810.2656621826918, 810.2656621826918, 810.2656621826918, 810.2656621826918, 810.2656621826918, 810.2656621826918, 810.2656621826918, 810.2656621826918, 810.2656621826918, 810.2656621826918, 810.2656621826918, 810.2656621826918, 810.2656621826918, 810.2656621826918, 810.2656621826918, 810.2656621826918, 810.2656621826918, 810.2656621826918, 810.2656621826918, 810.2656621826918, 810.2656621826918, 810.2656621826918, 810.2656621826918, 810.2656621826918, 810.2656621826918, 810.2656621826918, 810.2656621826918, 810.2656621826918, 810.2656621826918, 810.2656621826918, 810.2656621826918, 810.2656621826918, 810.2656621826918, 810.2656621826918, 810.2656621826918, 810.2656621826918, 810.2656621826918, 810.2656621826918, 810.2656621826918, 810.2656621826918, 810.2656621826918, 810.2656621826918, 810.2656621826918, 810.2656621826918, 810.2656621826918, 810.2656621826918, 810.2656621826918, 810.2656621826918, 810.2656621826918, 810.2656621826918, 810.2656621826918, 810.2656621826918, 810.2656621826918, 810.2656621826918, 810.2656621826918, 810.2656621826918, 810.2656621826918, 810.2656621826918, 810.2656621826918, 810.2656621826918, 810.2656621826918, 810.2656621826918, 810.2656621826918, 810.2656621826918, 810.2656621826918, 810.2656621826918, 810.2656621826918, 810.2656621826918, 810.2656621826918, 810.2656621826918, 810.2656621826918, 810.2656621826918, 810.2656621826918, 810.2656621826918, 810.2656621826918, 810.2656621826918, 810.2656621826918, 810.2656621826918, 810.2656621826918, 810.2656621826918, 810.2656621826918, 810.2656621826918, 810.2656621826918, 810.2656621826918, 810.2656621826918, 810.2656621826918, 810.2656621826918, 810.2656621826918, 810.2656621826918, 810.2656621826918, 810.2656621826918, 810.2656621826918, 810.2656621826918, 810.2656621826918, 810.2656621826918, 810.2656621826918, 810.2656621826918, 810.2656621826918, 810.2656621826918, 810.2656621826918, 810.2656621826918, 810.2656621826918, 810.2656621826918, 810.2656621826918, 810.2656621826918, 810.2656621826918, 810.2656621826918, 810.2656621826918, 810.2656621826918, 810.2656621826918, 810.2656621826918, 810.2656621826918, 810.2656621826918, 810.2656621826918, 810.2656621826918, 810.2656621826918, 810.2656621826918, 810.2656621826918, 810.2656621826918, 810.2656621826918, 810.2656621826918, 810.2656621826918, 810.2656621826918, 810.2656621826918, 810.2656621826918, 810.2656621826918, 810.2656621826918, 810.2656621826918, 810.2656621826918, 810.2656621826918, 810.2656621826918, 810.2656621826918, 810.2656621826918, 810.2656621826918, 810.2656621826918, 810.2656621826918, 810.2656621826918, 810.2656621826918, 810.2656621826918, 810.2656621826918, 810.2656621826918, 810.2656621826918, 810.2656621826918, 810.2656621826918, 810.2656621826918, 810.2656621826918, 810.2656621826918, 810.2656621826918, 810.2656621826918, 810.2656621826918, 810.2656621826918, 810.2656621826918, 810.2656621826918, 810.2656621826918, 810.2656621826918, 810.2656621826918, 810.2656621826918, 810.2656621826918, 810.2656621826918, 810.2656621826918, 810.2656621826918, 810.2656621826918, 810.2656621826918, 810.2656621826918, 810.2656621826918, 810.2656621826918, 810.2656621826918, 810.2656621826918, 810.2656621826918, 810.2656621826918, 810.2656621826918, 810.2656621826918, 810.2656621826918, 810.2656621826918, 810.2656621826918, 810.2656621826918, 810.2656621826918, 810.2656621826918, 810.2656621826918, 810.2656621826918, 810.2656621826918, 810.2656621826918, 810.2656621826918, 810.2656621826918, 810.2656621826918, 810.2656621826918, 810.2656621826918, 810.2656621826918, 810.2656621826918, 810.2656621826918, 810.2656621826918, 810.2656621826918, 810.2656621826918, 810.2656621826918, 810.2656621826918, 810.2656621826918, 810.2656621826918, 810.2656621826918, 810.2656621826918, 810.2656621826918, 810.2656621826918, 810.2656621826918, 810.2656621826918, 810.2656621826918, 810.2656621826918, 810.2656621826918, 810.2656621826918, 810.2656621826918, 810.2656621826918, 810.2656621826918, 810.2656621826918, 810.2656621826918, 810.2656621826918, 810.2656621826918, 810.2656621826918, 810.2656621826918, 810.2656621826918, 810.2656621826918, 810.2656621826918, 810.2656621826918, 810.2656621826918, 810.2656621826918, 810.2656621826918, 810.2656621826918, 810.2656621826918, 810.2656621826918, 810.2656621826918, 810.2656621826918, 810.2656621826918, 810.2656621826918, 810.2656621826918, 810.2656621826918, 810.2656621826918, 810.2656621826918, 810.2656621826918, 810.2656621826918, 810.2656621826918, 810.2656621826918, 810.2656621826918, 810.2656621826918, 810.2656621826918, 810.2656621826918, 810.2656621826918, 810.2656621826918, 810.2656621826918, 810.2656621826918, 810.2656621826918, 810.2656621826918, 810.2656621826918, 810.2656621826918, 810.2656621826918, 810.2656621826918, 810.2656621826918, 810.2656621826918, 810.2656621826918, 810.2656621826918, 810.2656621826918, 810.2656621826918, 810.2656621826918, 810.2656621826918, 810.2656621826918, 810.2656621826918, 810.2656621826918, 810.2656621826918, 810.2656621826918, 810.2656621826918, 810.2656621826918, 810.2656621826918, 810.2656621826918, 810.2656621826918, 810.2656621826918, 810.2656621826918, 810.2656621826918, 810.2656621826918, 810.2656621826918, 810.2656621826918, 810.2656621826918, 810.2656621826918, 810.2656621826918, 810.2656621826918, 810.2656621826918, 810.2656621826918, 810.2656621826918, 810.2656621826918, 810.2656621826918, 810.2656621826918, 810.2656621826918, 810.2656621826918, 810.2656621826918, 810.2656621826918, 810.2656621826918, 810.2656621826918, 810.2656621826918, 810.2656621826918, 810.2656621826918, 810.2656621826918, 810.2656621826918, 810.2656621826918, 810.2656621826918, 810.2656621826918, 810.2656621826918, 810.2656621826918, 810.2656621826918, 810.2656621826918, 810.2656621826918, 810.2656621826918, 810.2656621826918, 810.2656621826918, 810.2656621826918, 810.2656621826918, 810.2656621826918, 810.2656621826918, 810.2656621826918, 810.2656621826918, 810.2656621826918, 810.2656621826918, 810.2656621826918, 810.2656621826918, 810.2656621826918, 810.2656621826918, 810.2656621826918, 810.2656621826918, 810.2656621826918, 810.2656621826918, 810.2656621826918, 810.2656621826918, 810.2656621826918, 810.2656621826918, 810.2656621826918, 810.2656621826918, 810.2656621826918, 810.2656621826918, 810.2656621826918, 810.2656621826918, 810.2656621826918, 810.2656621826918, 810.2656621826918, 810.2656621826918, 810.2656621826918, 810.2656621826918, 810.2656621826918, 810.2656621826918, 810.2656621826918, 810.2656621826918, 810.2656621826918, 810.2656621826918, 810.2656621826918, 810.2656621826918, 810.2656621826918, 810.2656621826918, 810.2656621826918, 810.2656621826918, 810.2656621826918, 810.2656621826918, 810.2656621826918, 810.2656621826918, 810.2656621826918, 810.2656621826918, 810.2656621826918, 810.2656621826918, 810.2656621826918, 810.2656621826918, 810.2656621826918, 810.2656621826918, 810.2656621826918, 810.2656621826918, 810.2656621826918, 810.2656621826918, 810.2656621826918, 810.2656621826918, 810.2656621826918, 810.2656621826918, 810.2656621826918, 810.2656621826918, 810.2656621826918, 810.2656621826918, 810.2656621826918, 810.2656621826918, 810.2656621826918, 810.2656621826918, 810.2656621826918, 810.2656621826918, 810.2656621826918, 810.2656621826918, 810.2656621826918, 810.2656621826918, 810.2656621826918, 810.2656621826918, 810.2656621826918, 810.2656621826918, 810.2656621826918, 810.2656621826918, 810.2656621826918, 810.2656621826918, 810.2656621826918, 810.2656621826918, 810.2656621826918, 810.2656621826918, 810.2656621826918, 810.2656621826918, 810.2656621826918, 810.2656621826918, 810.2656621826918, 810.2656621826918, 810.2656621826918, 810.2656621826918, 810.2656621826918, 810.2656621826918, 810.2656621826918, 810.2656621826918, 810.2656621826918, 810.2656621826918, 810.2656621826918, 810.2656621826918, 810.2656621826918, 810.2656621826918, 810.2656621826918, 810.2656621826918, 810.2656621826918, 810.2656621826918, 810.2656621826918, 810.2656621826918, 810.2656621826918, 810.2656621826918, 810.2656621826918, 810.2656621826918, 810.2656621826918, 810.2656621826918, 810.2656621826918, 810.2656621826918, 810.2656621826918, 810.2656621826918, 810.2656621826918, 810.2656621826918, 810.2656621826918, 810.2656621826918, 810.2656621826918, 810.2656621826918, 810.2656621826918, 810.2656621826918, 810.2656621826918, 810.2656621826918, 810.2656621826918, 810.2656621826918, 810.2656621826918, 810.2656621826918, 810.2656621826918, 810.2656621826918, 810.2656621826918, 810.2656621826918, 810.2656621826918, 810.2656621826918, 810.2656621826918, 810.2656621826918, 810.2656621826918, 810.2656621826918, 810.2656621826918, 810.2656621826918, 810.2656621826918, 810.2656621826918, 810.2656621826918, 810.2656621826918, 810.2656621826918, 810.2656621826918, 810.2656621826918, 810.2656621826918, 810.2656621826918, 810.2656621826918, 810.2656621826918, 810.2656621826918, 810.2656621826918, 810.2656621826918, 810.2656621826918, 810.2656621826918, 810.2656621826918, 810.2656621826918, 810.2656621826918, 810.2656621826918, 810.2656621826918, 810.2656621826918, 810.2656621826918, 810.2656621826918, 810.2656621826918, 810.2656621826918, 810.2656621826918, 810.2656621826918, 810.2656621826918, 810.2656621826918, 810.2656621826918, 810.2656621826918, 810.2656621826918, 810.2656621826918, 810.2656621826918, 810.2656621826918, 810.2656621826918, 810.2656621826918, 810.2656621826918, 810.2656621826918, 810.2656621826918, 810.2656621826918, 810.2656621826918, 810.2656621826918, 810.2656621826918, 810.2656621826918, 810.2656621826918, 810.2656621826918, 810.2656621826918, 810.2656621826918, 810.2656621826918, 810.2656621826918, 810.2656621826918, 810.2656621826918, 810.2656621826918, 810.2656621826918, 810.2656621826918, 810.2656621826918, 810.2656621826918, 810.2656621826918, 810.2656621826918, 810.2656621826918, 810.2656621826918, 810.2656621826918, 810.2656621826918, 810.2656621826918, 810.2656621826918, 810.2656621826918, 810.2656621826918, 810.2656621826918, 810.2656621826918, 810.2656621826918, 810.2656621826918, 810.2656621826918, 810.2656621826918, 810.2656621826918, 810.2656621826918, 810.2656621826918, 810.2656621826918, 810.2656621826918, 810.2656621826918, 810.2656621826918, 810.2656621826918, 810.2656621826918, 810.2656621826918, 810.2656621826918, 810.2656621826918, 810.2656621826918, 810.2656621826918, 810.2656621826918, 810.2656621826918, 810.2656621826918, 810.2656621826918, 810.2656621826918, 810.2656621826918, 810.2656621826918, 810.2656621826918, 810.2656621826918, 810.2656621826918, 810.2656621826918, 810.2656621826918, 810.2656621826918, 810.2656621826918, 810.2656621826918, 810.2656621826918, 810.2656621826918, 810.2656621826918, 810.2656621826918, 810.2656621826918, 810.2656621826918, 810.2656621826918, 810.2656621826918, 810.2656621826918, 810.2656621826918, 810.2656621826918, 810.2656621826918, 810.2656621826918, 810.2656621826918, 810.2656621826918, 810.2656621826918, 810.2656621826918, 810.2656621826918, 810.2656621826918, 810.2656621826918, 810.2656621826918, 810.2656621826918, 810.2656621826918, 810.2656621826918, 810.2656621826918, 810.2656621826918, 810.2656621826918, 810.2656621826918, 810.2656621826918, 810.2656621826918, 810.2656621826918, 810.2656621826918, 810.2656621826918, 810.2656621826918, 810.2656621826918, 810.2656621826918, 810.2656621826918, 810.2656621826918, 810.2656621826918, 810.2656621826918, 810.2656621826918, 810.2656621826918, 810.2656621826918, 810.2656621826918, 810.2656621826918, 810.2656621826918, 810.2656621826918, 810.2656621826918, 810.2656621826918, 810.2656621826918, 810.2656621826918, 810.2656621826918, 810.2656621826918, 810.2656621826918, 810.2656621826918, 810.2656621826918, 810.2656621826918, 810.2656621826918, 810.2656621826918, 810.2656621826918, 810.2656621826918, 810.2656621826918, 810.2656621826918, 810.2656621826918, 810.2656621826918, 810.2656621826918, 810.2656621826918, 810.2656621826918, 810.2656621826918, 810.2656621826918, 810.2656621826918, 810.2656621826918, 810.2656621826918, 810.2656621826918, 810.2656621826918, 810.2656621826918, 810.2656621826918, 810.2656621826918, 810.2656621826918, 810.2656621826918, 810.2656621826918, 810.2656621826918, 810.2656621826918, 810.2656621826918, 810.2656621826918, 810.2656621826918, 810.2656621826918, 810.2656621826918, 810.2656621826918, 810.2656621826918, 810.2656621826918, 810.2656621826918, 810.2656621826918, 810.2656621826918, 810.2656621826918, 810.2656621826918, 810.2656621826918, 810.2656621826918, 810.2656621826918, 810.2656621826918, 810.2656621826918, 810.2656621826918, 810.2656621826918, 810.2656621826918, 810.2656621826918, 810.2656621826918, 810.2656621826918, 810.2656621826918, 810.2656621826918, 810.2656621826918, 810.2656621826918, 810.2656621826918, 810.2656621826918, 810.2656621826918, 810.2656621826918, 810.2656621826918, 810.2656621826918, 810.2656621826918, 810.2656621826918, 810.2656621826918, 810.2656621826918, 810.2656621826918, 810.2656621826918, 810.2656621826918, 810.2656621826918, 810.2656621826918, 810.2656621826918, 810.2656621826918, 810.2656621826918, 810.2656621826918, 810.2656621826918, 810.2656621826918, 810.2656621826918, 810.2656621826918, 810.2656621826918, 810.2656621826918, 810.2656621826918, 810.2656621826918, 810.2656621826918, 810.2656621826918, 810.2656621826918, 810.2656621826918, 810.2656621826918, 810.2656621826918, 810.2656621826918, 810.2656621826918, 810.2656621826918, 810.2656621826918, 810.2656621826918, 810.2656621826918, 810.2656621826918, 810.2656621826918, 810.2656621826918, 810.2656621826918, 810.2656621826918, 810.2656621826918, 810.2656621826918, 810.2656621826918, 810.2656621826918, 810.2656621826918, 810.2656621826918, 810.2656621826918, 810.2656621826918, 810.2656621826918, 810.2656621826918, 810.2656621826918, 810.2656621826918, 810.2656621826918, 810.2656621826918, 810.2656621826918, 810.2656621826918, 810.2656621826918, 810.2656621826918, 810.2656621826918, 810.2656621826918, 810.2656621826918, 810.2656621826918, 810.2656621826918, 810.2656621826918, 810.2656621826918, 810.2656621826918, 810.2656621826918, 810.2656621826918, 810.2656621826918, 810.2656621826918, 810.2656621826918, 810.2656621826918, 810.2656621826918, 810.2656621826918, 810.2656621826918, 810.2656621826918, 810.2656621826918, 810.2656621826918, 810.2656621826918, 810.2656621826918, 810.2656621826918, 810.2656621826918, 810.2656621826918, 810.2656621826918, 810.2656621826918, 810.2656621826918, 810.2656621826918, 810.2656621826918, 810.2656621826918, 810.2656621826918, 810.2656621826918, 810.2656621826918, 810.2656621826918, 810.2656621826918, 810.2656621826918, 810.2656621826918, 810.2656621826918, 810.2656621826918, 810.2656621826918, 810.2656621826918, 810.2656621826918, 810.2656621826918, 810.2656621826918, 810.2656621826918, 810.2656621826918, 810.2656621826918, 810.2656621826918, 810.2656621826918, 810.2656621826918, 810.2656621826918, 810.2656621826918, 810.2656621826918, 810.2656621826918, 810.2656621826918, 810.2656621826918, 810.2656621826918, 810.2656621826918, 810.2656621826918, 810.2656621826918, 810.2656621826918, 810.2656621826918, 810.2656621826918, 810.2656621826918, 810.2656621826918, 810.2656621826918, 810.2656621826918, 810.2656621826918, 810.2656621826918, 810.2656621826918, 810.2656621826918, 810.2656621826918, 810.2656621826918, 810.2656621826918, 810.2656621826918, 810.2656621826918, 810.2656621826918, 810.2656621826918, 810.2656621826918, 810.2656621826918, 810.2656621826918, 810.2656621826918, 810.2656621826918, 810.2656621826918, 810.2656621826918, 810.2656621826918, 810.2656621826918, 810.2656621826918, 810.2656621826918, 810.2656621826918, 810.2656621826918, 810.2656621826918, 810.2656621826918, 810.2656621826918, 810.2656621826918, 810.2656621826918, 810.2656621826918, 810.2656621826918, 810.2656621826918, 810.2656621826918, 810.2656621826918, 810.2656621826918, 810.2656621826918, 810.2656621826918, 810.2656621826918, 810.2656621826918, 810.2656621826918, 810.2656621826918, 810.2656621826918, 810.2656621826918, 810.2656621826918, 810.2656621826918, 810.2656621826918, 810.2656621826918, 810.2656621826918, 810.2656621826918, 810.2656621826918, 810.2656621826918, 810.2656621826918, 810.2656621826918, 810.2656621826918, 810.2656621826918, 810.2656621826918, 810.2656621826918, 810.2656621826918, 810.2656621826918, 810.2656621826918, 810.2656621826918, 810.2656621826918, 810.2656621826918, 810.2656621826918, 810.2656621826918, 810.2656621826918, 810.2656621826918, 810.2656621826918, 810.2656621826918, 810.2656621826918, 810.2656621826918, 810.2656621826918, 810.2656621826918, 810.2656621826918, 810.2656621826918, 810.2656621826918, 810.2656621826918, 810.2656621826918, 810.2656621826918, 810.2656621826918, 810.2656621826918, 810.2656621826918, 810.2656621826918, 810.2656621826918, 810.2656621826918, 810.2656621826918, 810.2656621826918, 810.2656621826918, 810.2656621826918, 810.2656621826918, 810.2656621826918, 810.2656621826918, 810.2656621826918, 810.2656621826918, 810.2656621826918, 810.2656621826918, 810.2656621826918, 810.2656621826918, 810.2656621826918, 810.2656621826918, 810.2656621826918, 810.2656621826918, 810.2656621826918, 810.2656621826918, 810.2656621826918, 810.2656621826918, 810.2656621826918, 810.2656621826918, 810.2656621826918, 810.2656621826918, 810.2656621826918, 810.2656621826918, 810.2656621826918, 810.2656621826918, 810.2656621826918, 810.2656621826918, 810.2656621826918, 810.2656621826918, 810.2656621826918, 810.2656621826918, 810.2656621826918, 810.2656621826918, 810.2656621826918, 810.2656621826918, 810.2656621826918, 810.2656621826918, 810.2656621826918, 810.2656621826918, 810.2656621826918, 810.2656621826918, 810.2656621826918, 810.2656621826918, 810.2656621826918, 810.2656621826918, 810.2656621826918, 810.2656621826918, 810.2656621826918, 810.2656621826918, 810.2656621826918, 810.2656621826918, 810.2656621826918, 810.2656621826918, 810.2656621826918, 810.2656621826918, 810.2656621826918, 810.2656621826918, 810.2656621826918, 810.2656621826918]
Computational time : 34.867000103