Name : Ahmed ElMousel
Problem : X-n190-k8 
Whale Algorithm 
cost : 788.33582405
Routes : 
1->25->28->1
1->13->2->17->31->1
1->21->6->26->11->30->16->23->10->9->19->1
1->7->4->3->24->29->5->12->15->1
1->27->8->14->18->20->32->22->1
best solutions : 
[857.6486223657733, 845.7583220457058, 832.5309842259962, 811.8301508707561, 806.3754521560767, 806.3754521560767, 798.6047514601803, 798.6047514601803, 793.839642047349, 793.839642047349, 793.839642047349, 793.839642047349, 789.9968798596883, 789.9968798596883, 789.9968798596883, 789.6434001545035, 788.3358240495287, 788.3358240495287, 788.3358240495287, 788.3358240495287, 788.3358240495287, 788.3358240495287, 788.3358240495287, 788.3358240495287, 788.3358240495287, 788.3358240495287, 788.3358240495287, 788.3358240495286, 788.3358240495286, 788.3358240495286, 788.3358240495286, 788.3358240495286, 788.3358240495286, 788.3358240495286, 788.3358240495286, 788.3358240495286, 788.3358240495286, 788.3358240495286, 788.3358240495286, 788.3358240495286, 788.3358240495286, 788.3358240495286, 788.3358240495286, 788.3358240495286, 788.3358240495286, 788.3358240495286, 788.3358240495286, 788.3358240495286, 788.3358240495286, 788.3358240495286, 788.3358240495286, 788.3358240495286, 788.3358240495286, 788.3358240495286, 788.3358240495286, 788.3358240495286, 788.3358240495286, 788.3358240495286, 788.3358240495286, 788.3358240495286, 788.3358240495286, 788.3358240495286, 788.3358240495286, 788.3358240495286, 788.3358240495286, 788.3358240495286, 788.3358240495286, 788.3358240495286, 788.3358240495286, 788.3358240495286, 788.3358240495286, 788.3358240495286, 788.3358240495286, 788.3358240495286, 788.3358240495286, 788.3358240495286, 788.3358240495286, 788.3358240495286, 788.3358240495286, 788.3358240495286, 788.3358240495286, 788.3358240495286, 788.3358240495286, 788.3358240495286, 788.3358240495286, 788.3358240495286, 788.3358240495286, 788.3358240495286, 788.3358240495286, 788.3358240495286, 788.3358240495286, 788.3358240495286, 788.3358240495286, 788.3358240495286, 788.3358240495286, 788.3358240495286, 788.3358240495286, 788.3358240495286, 788.3358240495286, 788.3358240495286, 788.3358240495286, 788.3358240495286, 788.3358240495286, 788.3358240495286, 788.3358240495286, 788.3358240495286, 788.3358240495286, 788.3358240495286, 788.3358240495286, 788.3358240495286, 788.3358240495286, 788.3358240495286, 788.3358240495286, 788.3358240495286, 788.3358240495286, 788.3358240495286, 788.3358240495286, 788.3358240495286, 788.3358240495286, 788.3358240495286, 788.3358240495286, 788.3358240495286, 788.3358240495286, 788.3358240495286, 788.3358240495286, 788.3358240495286, 788.3358240495286, 788.3358240495286, 788.3358240495286, 788.3358240495286, 788.3358240495286, 788.3358240495286, 788.3358240495286, 788.3358240495286, 788.3358240495286, 788.3358240495286, 788.3358240495286, 788.3358240495286, 788.3358240495286, 788.3358240495286, 788.3358240495286, 788.3358240495286, 788.3358240495286, 788.3358240495286, 788.3358240495286, 788.3358240495286, 788.3358240495286, 788.3358240495286, 788.3358240495286, 788.3358240495286, 788.3358240495286, 788.3358240495286, 788.3358240495286, 788.3358240495286, 788.3358240495286, 788.3358240495286, 788.3358240495286, 788.3358240495286, 788.3358240495286, 788.3358240495286, 788.3358240495286, 788.3358240495286, 788.3358240495286, 788.3358240495286, 788.3358240495286, 788.3358240495286, 788.3358240495286, 788.3358240495286, 788.3358240495286, 788.3358240495286, 788.3358240495286, 788.3358240495286, 788.3358240495286, 788.3358240495286, 788.3358240495286, 788.3358240495286, 788.3358240495286, 788.3358240495286, 788.3358240495286, 788.3358240495286, 788.3358240495286, 788.3358240495286, 788.3358240495286, 788.3358240495286, 788.3358240495286, 788.3358240495286, 788.3358240495286, 788.3358240495286, 788.3358240495286, 788.3358240495286, 788.3358240495286, 788.3358240495286, 788.3358240495286, 788.3358240495286, 788.3358240495286, 788.3358240495286, 788.3358240495286, 788.3358240495286, 788.3358240495286, 788.3358240495286, 788.3358240495286, 788.3358240495286, 788.3358240495286, 788.3358240495286, 788.3358240495286, 788.3358240495286, 788.3358240495286, 788.3358240495286, 788.3358240495286, 788.3358240495286, 788.3358240495286, 788.3358240495286, 788.3358240495286, 788.3358240495286, 788.3358240495286, 788.3358240495286, 788.3358240495286, 788.3358240495286, 788.3358240495286, 788.3358240495286, 788.3358240495286, 788.3358240495286, 788.3358240495286, 788.3358240495286, 788.3358240495286, 788.3358240495286, 788.3358240495286, 788.3358240495286, 788.3358240495286, 788.3358240495286, 788.3358240495286, 788.3358240495286, 788.3358240495286, 788.3358240495286, 788.3358240495286, 788.3358240495286, 788.3358240495286, 788.3358240495286, 788.3358240495286, 788.3358240495286, 788.3358240495286, 788.3358240495286, 788.3358240495286, 788.3358240495286, 788.3358240495286, 788.3358240495286, 788.3358240495286, 788.3358240495286, 788.3358240495286, 788.3358240495286, 788.3358240495286, 788.3358240495286, 788.3358240495286, 788.3358240495286, 788.3358240495286, 788.3358240495286, 788.3358240495286, 788.3358240495286, 788.3358240495286, 788.3358240495286, 788.3358240495286, 788.3358240495286, 788.3358240495286, 788.3358240495286, 788.3358240495286, 788.3358240495286, 788.3358240495286, 788.3358240495286, 788.3358240495286, 788.3358240495286, 788.3358240495286, 788.3358240495286, 788.3358240495286, 788.3358240495286, 788.3358240495286, 788.3358240495286, 788.3358240495286, 788.3358240495286, 788.3358240495286, 788.3358240495286, 788.3358240495286, 788.3358240495286, 788.3358240495286, 788.3358240495286, 788.3358240495286, 788.3358240495286, 788.3358240495286, 788.3358240495286, 788.3358240495286, 788.3358240495286, 788.3358240495286, 788.3358240495286, 788.3358240495286, 788.3358240495286, 788.3358240495286, 788.3358240495286, 788.3358240495286, 788.3358240495286, 788.3358240495286, 788.3358240495286, 788.3358240495286, 788.3358240495286, 788.3358240495286, 788.3358240495286, 788.3358240495286, 788.3358240495286, 788.3358240495286, 788.3358240495286, 788.3358240495286, 788.3358240495286, 788.3358240495286, 788.3358240495286, 788.3358240495286, 788.3358240495286, 788.3358240495286, 788.3358240495286, 788.3358240495286, 788.3358240495286, 788.3358240495286, 788.3358240495286, 788.3358240495286, 788.3358240495286, 788.3358240495286, 788.3358240495286, 788.3358240495286, 788.3358240495286, 788.3358240495286, 788.3358240495286, 788.3358240495286, 788.3358240495286, 788.3358240495286, 788.3358240495286, 788.3358240495286, 788.3358240495286, 788.3358240495286, 788.3358240495286, 788.3358240495286, 788.3358240495286, 788.3358240495286, 788.3358240495286, 788.3358240495286, 788.3358240495286, 788.3358240495286, 788.3358240495286, 788.3358240495286, 788.3358240495286, 788.3358240495286, 788.3358240495286, 788.3358240495286, 788.3358240495286, 788.3358240495286, 788.3358240495286, 788.3358240495286, 788.3358240495286, 788.3358240495286, 788.3358240495286, 788.3358240495286, 788.3358240495286, 788.3358240495286, 788.3358240495286, 788.3358240495286, 788.3358240495286, 788.3358240495286, 788.3358240495286, 788.3358240495286, 788.3358240495286, 788.3358240495286, 788.3358240495286, 788.3358240495286, 788.3358240495286, 788.3358240495286, 788.3358240495286, 788.3358240495286, 788.3358240495286, 788.3358240495286, 788.3358240495286, 788.3358240495286, 788.3358240495286, 788.3358240495286]
Computational time : 6.24000000954