Name : Ahmed ElMousel
Problem : X-n190-k8 
Whale Algorithm 
cost : 1136.86866491
Routes : 
1->22->13->11->33->9->1
1->30->19->49->51->42->26->1
1->5->8->43->32->47->15->4->1
1->38->34->35->18->21->27->1
1->29->55->14->28->20->23->31->1
1->54->41->17->39->48->10->36->44->1
1->6->16->12->52->3->37->1
1->2->46->7->1
1->40->50->45->25->53->24->1
best solutions : 
[1162.4465174022657, 1162.4465174022657, 1162.4465174022657, 1162.4465174022657, 1162.4465174022657, 1162.4465174022657, 1162.4465174022657, 1158.645525544737, 1158.645525544737, 1158.645525544737, 1158.645525544737, 1158.645525544737, 1156.5124171448715, 1155.2587208666316, 1155.2587208666316, 1155.2587208666316, 1153.1738091459104, 1153.1738091459104, 1151.2541861676684, 1151.2541861676684, 1151.2541861676684, 1151.2541861676684, 1151.2541861676684, 1151.2541861676684, 1144.139887410619, 1144.139887410619, 1144.139887410619, 1144.139887410619, 1144.139887410619, 1144.139887410619, 1144.0550424588264, 1144.0550424588264, 1144.0550424588264, 1144.0550424588264, 1144.0550424588264, 1141.1192127913632, 1141.1192127913632, 1141.1192127913632, 1141.1192127913632, 1141.1192127913632, 1141.1192127913632, 1141.1192127913632, 1141.1192127913632, 1141.1192127913632, 1141.1192127913632, 1141.1192127913632, 1141.1192127913632, 1141.1192127913632, 1141.1192127913632, 1141.1192127913632, 1141.1192127913632, 1141.1192127913632, 1141.1192127913632, 1141.1192127913632, 1141.1192127913632, 1141.1192127913632, 1141.1192127913632, 1141.1192127913632, 1138.3689895432858, 1138.3689895432858, 1138.3689895432858, 1138.3689895432858, 1138.3689895432858, 1138.3689895432858, 1138.3689895432858, 1138.3689895432858, 1138.3689895432858, 1138.3689895432858, 1138.3689895432858, 1138.3689895432858, 1138.3689895432858, 1138.3689895432858, 1138.3689895432858, 1138.3689895432858, 1138.3689895432858, 1138.3689895432858, 1138.3689895432858, 1138.3689895432858, 1138.3689895432858, 1138.3689895432858, 1138.3689895432858, 1138.3689895432858, 1138.3689895432858, 1138.3689895432858, 1138.3689895432858, 1138.3689895432858, 1138.3689895432858, 1138.3689895432858, 1138.3689895432858, 1138.3689895432858, 1138.3689895432858, 1138.3689895432858, 1138.3689895432858, 1138.3689895432858, 1138.3689895432858, 1138.3689895432858, 1138.3689895432858, 1138.3689895432858, 1138.3689895432858, 1138.3689895432858, 1138.3689895432858, 1138.3689895432858, 1138.3689895432858, 1138.3689895432858, 1138.3689895432858, 1138.3689895432858, 1138.3689895432858, 1138.3689895432858, 1138.3689895432858, 1138.3689895432858, 1138.3689895432858, 1138.3689895432858, 1138.3689895432858, 1138.3689895432858, 1136.8686649108288, 1136.8686649108288, 1136.8686649108288, 1136.8686649108288, 1136.8686649108288, 1136.8686649108288, 1136.8686649108288, 1136.8686649108288, 1136.8686649108288, 1136.8686649108288, 1136.8686649108288, 1136.8686649108288, 1136.8686649108288, 1136.8686649108288, 1136.8686649108288, 1136.8686649108288, 1136.8686649108288, 1136.8686649108288, 1136.8686649108288, 1136.8686649108288, 1136.8686649108288, 1136.8686649108288, 1136.8686649108288, 1136.8686649108288, 1136.8686649108288, 1136.8686649108288, 1136.8686649108288, 1136.8686649108288, 1136.8686649108288, 1136.8686649108288, 1136.8686649108288, 1136.8686649108288, 1136.8686649108288, 1136.8686649108288, 1136.8686649108288, 1136.8686649108288, 1136.8686649108288, 1136.8686649108288, 1136.8686649108288, 1136.8686649108288, 1136.8686649108288, 1136.8686649108288, 1136.8686649108288, 1136.8686649108288, 1136.8686649108288, 1136.8686649108288, 1136.8686649108288, 1136.8686649108288, 1136.8686649108288, 1136.8686649108288, 1136.8686649108288, 1136.8686649108288, 1136.8686649108288, 1136.8686649108288, 1136.8686649108288, 1136.8686649108288, 1136.8686649108288, 1136.8686649108288, 1136.8686649108288, 1136.8686649108288, 1136.8686649108288, 1136.8686649108288, 1136.8686649108288, 1136.8686649108288, 1136.8686649108288, 1136.8686649108288, 1136.8686649108288, 1136.8686649108288, 1136.8686649108288, 1136.8686649108288, 1136.8686649108288, 1136.8686649108288, 1136.8686649108288, 1136.8686649108288, 1136.8686649108288, 1136.8686649108288, 1136.8686649108288, 1136.8686649108288, 1136.8686649108288, 1136.8686649108288, 1136.8686649108288, 1136.8686649108288, 1136.8686649108288, 1136.8686649108288, 1136.8686649108288, 1136.8686649108288, 1136.8686649108288, 1136.8686649108288, 1136.8686649108288, 1136.8686649108288, 1136.8686649108288, 1136.8686649108288, 1136.8686649108288, 1136.8686649108288, 1136.8686649108288, 1136.8686649108288, 1136.8686649108288, 1136.8686649108288, 1136.8686649108288, 1136.8686649108288, 1136.8686649108288, 1136.8686649108288, 1136.8686649108288, 1136.8686649108288, 1136.8686649108288, 1136.8686649108288, 1136.8686649108288, 1136.8686649108288, 1136.8686649108288, 1136.8686649108288, 1136.8686649108288, 1136.8686649108288, 1136.8686649108288, 1136.8686649108288, 1136.8686649108288, 1136.8686649108288, 1136.8686649108288, 1136.8686649108288, 1136.8686649108288, 1136.8686649108288, 1136.8686649108288, 1136.8686649108288, 1136.8686649108288, 1136.8686649108288, 1136.8686649108288, 1136.8686649108288, 1136.8686649108288, 1136.8686649108288, 1136.8686649108288, 1136.8686649108288, 1136.8686649108288, 1136.8686649108288, 1136.8686649108288, 1136.8686649108288, 1136.8686649108288, 1136.8686649108288, 1136.8686649108288, 1136.8686649108288, 1136.8686649108288, 1136.8686649108288, 1136.8686649108288, 1136.8686649108288, 1136.8686649108288, 1136.8686649108288, 1136.8686649108288, 1136.8686649108288, 1136.8686649108288, 1136.8686649108288, 1136.8686649108288, 1136.8686649108288, 1136.8686649108288, 1136.8686649108288, 1136.8686649108288, 1136.8686649108288, 1136.8686649108288, 1136.8686649108288, 1136.8686649108288, 1136.8686649108288, 1136.8686649108288, 1136.8686649108288, 1136.8686649108288, 1136.8686649108288, 1136.8686649108288, 1136.8686649108288, 1136.8686649108288, 1136.8686649108288, 1136.8686649108288, 1136.8686649108288, 1136.8686649108288, 1136.8686649108288, 1136.8686649108288, 1136.8686649108288, 1136.8686649108288, 1136.8686649108288, 1136.8686649108288, 1136.8686649108288, 1136.8686649108288, 1136.8686649108288, 1136.8686649108288, 1136.8686649108288, 1136.8686649108288, 1136.8686649108288, 1136.8686649108288, 1136.8686649108288, 1136.8686649108288, 1136.8686649108288, 1136.8686649108288, 1136.8686649108288, 1136.8686649108288, 1136.8686649108288, 1136.8686649108288, 1136.8686649108288, 1136.8686649108288, 1136.8686649108288, 1136.8686649108288, 1136.8686649108288, 1136.8686649108288, 1136.8686649108288, 1136.8686649108288, 1136.8686649108288, 1136.8686649108288, 1136.8686649108288, 1136.8686649108288, 1136.8686649108288, 1136.8686649108288, 1136.8686649108288, 1136.8686649108288, 1136.8686649108288, 1136.8686649108288, 1136.8686649108288, 1136.8686649108288, 1136.8686649108288, 1136.8686649108288, 1136.8686649108288, 1136.8686649108288, 1136.8686649108288, 1136.8686649108288, 1136.8686649108288, 1136.8686649108288, 1136.8686649108288, 1136.8686649108288, 1136.8686649108288, 1136.8686649108288, 1136.8686649108288, 1136.8686649108288, 1136.8686649108288, 1136.8686649108288, 1136.8686649108288, 1136.8686649108288, 1136.8686649108288, 1136.8686649108288, 1136.8686649108288, 1136.8686649108288, 1136.8686649108288, 1136.8686649108288, 1136.8686649108288, 1136.8686649108288, 1136.8686649108288, 1136.8686649108288, 1136.8686649108288, 1136.8686649108288, 1136.8686649108288, 1136.8686649108288, 1136.8686649108288, 1136.8686649108288, 1136.8686649108288, 1136.8686649108288, 1136.8686649108288, 1136.8686649108288, 1136.8686649108288, 1136.8686649108288, 1136.8686649108288, 1136.8686649108288, 1136.8686649108288, 1136.8686649108288, 1136.8686649108288, 1136.8686649108288, 1136.8686649108288, 1136.8686649108288, 1136.8686649108288, 1136.8686649108288, 1136.8686649108288, 1136.8686649108288, 1136.8686649108288, 1136.8686649108288, 1136.8686649108288, 1136.8686649108288, 1136.8686649108288, 1136.8686649108288, 1136.8686649108288, 1136.8686649108288, 1136.8686649108288, 1136.8686649108288, 1136.8686649108288, 1136.8686649108288, 1136.8686649108288, 1136.8686649108288, 1136.8686649108288, 1136.8686649108288, 1136.8686649108288, 1136.8686649108288, 1136.8686649108288, 1136.8686649108288, 1136.8686649108288, 1136.8686649108288, 1136.8686649108288, 1136.8686649108288, 1136.8686649108288, 1136.8686649108288, 1136.8686649108288, 1136.8686649108288, 1136.8686649108288, 1136.8686649108288, 1136.8686649108288, 1136.8686649108288, 1136.8686649108288, 1136.8686649108288, 1136.8686649108288, 1136.8686649108288, 1136.8686649108288, 1136.8686649108288, 1136.8686649108288, 1136.8686649108288, 1136.8686649108288, 1136.8686649108288, 1136.8686649108288, 1136.8686649108288, 1136.8686649108288, 1136.8686649108288, 1136.8686649108288, 1136.8686649108288, 1136.8686649108288, 1136.8686649108288, 1136.8686649108288, 1136.8686649108288, 1136.8686649108288, 1136.8686649108288, 1136.8686649108288, 1136.8686649108288, 1136.8686649108288, 1136.8686649108288, 1136.8686649108288, 1136.8686649108288, 1136.8686649108288, 1136.8686649108288, 1136.8686649108288, 1136.8686649108288, 1136.8686649108288, 1136.8686649108288, 1136.8686649108288, 1136.8686649108288, 1136.8686649108288, 1136.8686649108288, 1136.8686649108288, 1136.8686649108288, 1136.8686649108288, 1136.8686649108288, 1136.8686649108288, 1136.8686649108288, 1136.8686649108288, 1136.8686649108288, 1136.8686649108288, 1136.8686649108288, 1136.8686649108288, 1136.8686649108288, 1136.8686649108288, 1136.8686649108288, 1136.8686649108288, 1136.8686649108288, 1136.8686649108288, 1136.8686649108288, 1136.8686649108288, 1136.8686649108288, 1136.8686649108288, 1136.8686649108288, 1136.8686649108288, 1136.8686649108288, 1136.8686649108288, 1136.8686649108288, 1136.8686649108288, 1136.8686649108288, 1136.8686649108288, 1136.8686649108288, 1136.8686649108288, 1136.8686649108288, 1136.8686649108288, 1136.8686649108288, 1136.8686649108288, 1136.8686649108288, 1136.8686649108288, 1136.8686649108288, 1136.8686649108288, 1136.8686649108288, 1136.8686649108288, 1136.8686649108288, 1136.8686649108288, 1136.8686649108288, 1136.8686649108288, 1136.8686649108288, 1136.8686649108288, 1136.8686649108288, 1136.8686649108288, 1136.8686649108288, 1136.8686649108288, 1136.8686649108288, 1136.8686649108288, 1136.8686649108288, 1136.8686649108288, 1136.8686649108288, 1136.8686649108288, 1136.8686649108288, 1136.8686649108288, 1136.8686649108288, 1136.8686649108288, 1136.8686649108288, 1136.8686649108288, 1136.8686649108288, 1136.8686649108288, 1136.8686649108288, 1136.8686649108288, 1136.8686649108288, 1136.8686649108288, 1136.8686649108288, 1136.8686649108288, 1136.8686649108288, 1136.8686649108288, 1136.8686649108288, 1136.8686649108288, 1136.8686649108288, 1136.8686649108288, 1136.8686649108288, 1136.8686649108288, 1136.8686649108288, 1136.8686649108288, 1136.8686649108288, 1136.8686649108288, 1136.8686649108288, 1136.8686649108288, 1136.8686649108288, 1136.8686649108288, 1136.8686649108288, 1136.8686649108288, 1136.8686649108288, 1136.8686649108288, 1136.8686649108288, 1136.8686649108288, 1136.8686649108288, 1136.8686649108288, 1136.8686649108288, 1136.8686649108288, 1136.8686649108288, 1136.8686649108288, 1136.8686649108288, 1136.8686649108288, 1136.8686649108288, 1136.8686649108288, 1136.8686649108288, 1136.8686649108288, 1136.8686649108288, 1136.8686649108288, 1136.8686649108288, 1136.8686649108288, 1136.8686649108288, 1136.8686649108288, 1136.8686649108288, 1136.8686649108288, 1136.8686649108288, 1136.8686649108288, 1136.8686649108288, 1136.8686649108288, 1136.8686649108288, 1136.8686649108288, 1136.8686649108288, 1136.8686649108288, 1136.8686649108288, 1136.8686649108288, 1136.8686649108288, 1136.8686649108288, 1136.8686649108288, 1136.8686649108288, 1136.8686649108288, 1136.8686649108288, 1136.8686649108288, 1136.8686649108288, 1136.8686649108288, 1136.8686649108288, 1136.8686649108288, 1136.8686649108288, 1136.8686649108288, 1136.8686649108288, 1136.8686649108288, 1136.8686649108288, 1136.8686649108288, 1136.8686649108288, 1136.8686649108288, 1136.8686649108288, 1136.8686649108288, 1136.8686649108288, 1136.8686649108288, 1136.8686649108288, 1136.8686649108288, 1136.8686649108288, 1136.8686649108288, 1136.8686649108288, 1136.8686649108288, 1136.8686649108288, 1136.8686649108288, 1136.8686649108288, 1136.8686649108288, 1136.8686649108288, 1136.8686649108288, 1136.8686649108288, 1136.8686649108288, 1136.8686649108288, 1136.8686649108288, 1136.8686649108288, 1136.8686649108288, 1136.8686649108288, 1136.8686649108288, 1136.8686649108288, 1136.8686649108288, 1136.8686649108288, 1136.8686649108288, 1136.8686649108288, 1136.8686649108288, 1136.8686649108288, 1136.8686649108288, 1136.8686649108288, 1136.8686649108288, 1136.8686649108288]
Computational time : 58.5460000038