Name : Ahmed ElMousel
Problem : X-n190-k8 
Whale Algorithm 
cost : 1834.75562232
Routes : 
1->50->39->67->68->54->37->74->1
1->2->8->11->22->41->1
1->14->75->4->43->1
1->30->18->6->45->13->24->63->1
1->59->33->5->23->46->51->77->71->1
1->61->47->26->42->16->56->34->65->40->78->52->1
1->64->12->25->7->31->60->32->1
1->79->69->44->17->62->58->20->76->21->28->1
1->72->15->49->19->80->29->53->1
1->73->55->10->57->48->70->66->36->27->9->38->3->35->1
best solutions : 
[1856.0444576775587, 1856.0444576775587, 1856.0444576775587, 1856.0444576775587, 1856.0444576775587, 1856.0444576775587, 1856.0444576775587, 1856.0444576775587, 1856.0444576775587, 1856.0444576775587, 1856.0444576775587, 1856.0444576775587, 1856.0444576775587, 1856.0444576775587, 1856.0444576775587, 1856.0444576775587, 1856.0444576775587, 1856.0444576775587, 1856.0444576775587, 1856.0444576775587, 1856.0444576775587, 1856.0444576775587, 1856.0444576775587, 1856.0444576775587, 1856.0444576775587, 1856.0444576775587, 1856.0444576775587, 1856.0444576775587, 1856.0444576775587, 1856.0444576775587, 1856.0444576775587, 1856.0444576775587, 1856.0444576775587, 1856.0444576775587, 1856.0444576775587, 1856.0444576775587, 1856.0444576775587, 1856.0444576775587, 1856.0444576775587, 1856.0444576775587, 1856.0444576775587, 1856.0444576775587, 1856.0444576775587, 1856.0444576775587, 1856.0444576775587, 1856.0444576775587, 1856.0444576775587, 1856.0444576775587, 1856.0444576775587, 1856.0444576775587, 1856.0444576775587, 1856.0444576775587, 1856.0444576775587, 1856.0444576775587, 1856.0444576775587, 1856.0444576775587, 1856.0444576775587, 1856.0444576775587, 1856.0444576775587, 1856.0444576775587, 1856.0444576775587, 1856.0444576775587, 1856.0444576775587, 1856.0444576775587, 1856.0444576775587, 1856.0444576775587, 1856.0444576775587, 1856.0444576775587, 1856.0444576775587, 1856.0444576775587, 1856.0444576775587, 1856.0444576775587, 1856.0444576775587, 1856.0444576775587, 1856.0444576775587, 1856.0444576775587, 1856.0444576775587, 1856.0444576775587, 1856.0444576775587, 1856.0444576775587, 1856.0444576775587, 1856.0444576775587, 1856.0444576775587, 1856.0444576775587, 1856.0444576775587, 1856.0444576775587, 1856.0444576775587, 1856.0444576775587, 1856.0444576775587, 1856.0444576775587, 1856.0444576775587, 1856.0444576775587, 1856.0444576775587, 1856.0444576775587, 1856.0444576775587, 1856.0444576775587, 1856.0444576775587, 1856.0444576775587, 1856.0444576775587, 1856.0444576775587, 1856.0444576775587, 1856.0444576775587, 1856.0444576775587, 1856.0444576775587, 1856.0444576775587, 1856.0444576775587, 1856.0444576775587, 1856.0444576775587, 1856.0444576775587, 1856.0444576775587, 1856.0444576775587, 1856.0444576775587, 1856.0444576775587, 1856.0444576775587, 1856.0444576775587, 1856.0444576775587, 1856.0444576775587, 1856.0444576775587, 1856.0444576775587, 1856.0444576775587, 1856.0444576775587, 1856.0444576775587, 1856.0444576775587, 1856.0444576775587, 1856.0444576775587, 1856.0444576775587, 1856.0444576775587, 1856.0444576775587, 1856.0444576775587, 1856.0444576775587, 1856.0444576775587, 1856.0444576775587, 1856.0444576775587, 1856.0444576775587, 1856.0444576775587, 1856.0444576775587, 1856.0444576775587, 1856.0444576775587, 1856.0444576775587, 1856.0444576775587, 1856.0444576775587, 1856.0444576775587, 1856.0444576775587, 1856.0444576775587, 1856.0444576775587, 1856.0444576775587, 1856.0444576775587, 1856.0444576775587, 1856.0444576775587, 1856.0444576775587, 1856.0444576775587, 1856.0444576775587, 1856.0444576775587, 1856.0444576775587, 1856.0444576775587, 1856.0444576775587, 1856.0444576775587, 1856.0444576775587, 1856.0444576775587, 1856.0444576775587, 1856.0444576775587, 1856.0444576775587, 1856.0444576775587, 1856.0444576775587, 1856.0444576775587, 1856.0444576775587, 1856.0444576775587, 1856.0444576775587, 1856.0444576775587, 1856.0444576775587, 1856.0444576775587, 1856.0444576775587, 1856.0444576775587, 1856.0444576775587, 1856.0444576775587, 1856.0444576775587, 1856.0444576775587, 1856.0444576775587, 1856.0444576775587, 1856.0444576775587, 1856.0444576775587, 1856.0444576775587, 1856.0444576775587, 1856.0444576775587, 1856.0444576775587, 1856.0444576775587, 1856.0444576775587, 1856.0444576775587, 1856.0444576775587, 1856.0444576775587, 1856.0444576775587, 1856.0444576775587, 1856.0444576775587, 1856.0444576775587, 1856.0444576775587, 1856.0444576775587, 1856.0444576775587, 1856.0444576775587, 1856.0444576775587, 1856.0444576775587, 1856.0444576775587, 1856.0444576775587, 1856.0444576775587, 1856.0444576775587, 1856.0444576775587, 1856.0444576775587, 1856.0444576775587, 1856.0444576775587, 1856.0444576775587, 1856.0444576775587, 1856.0444576775587, 1856.0444576775587, 1856.0444576775587, 1856.0444576775587, 1856.0444576775587, 1856.0444576775587, 1856.0444576775587, 1856.0444576775587, 1856.0444576775587, 1856.0444576775587, 1856.0444576775587, 1856.0444576775587, 1856.0444576775587, 1856.0444576775587, 1856.0444576775587, 1856.0444576775587, 1856.0444576775587, 1856.0444576775587, 1856.0444576775587, 1856.0444576775587, 1856.0444576775587, 1856.0444576775587, 1856.0444576775587, 1856.0444576775587, 1856.0444576775587, 1856.0444576775587, 1856.0444576775587, 1856.0444576775587, 1856.0444576775587, 1856.0444576775587, 1856.0444576775587, 1856.0444576775587, 1856.0444576775587, 1856.0444576775587, 1856.0444576775587, 1856.0444576775587, 1856.0444576775587, 1856.0444576775587, 1856.0444576775587, 1856.0444576775587, 1856.0444576775587, 1856.0444576775587, 1856.0444576775587, 1856.0444576775587, 1856.0444576775587, 1856.0444576775587, 1856.0444576775587, 1856.0444576775587, 1856.0444576775587, 1856.0444576775587, 1856.0444576775587, 1856.0444576775587, 1856.0444576775587, 1856.0444576775587, 1856.0444576775587, 1856.0444576775587, 1856.0444576775587, 1856.0444576775587, 1856.0444576775587, 1856.0444576775587, 1856.0444576775587, 1856.0444576775587, 1856.0444576775587, 1856.0444576775587, 1856.0444576775587, 1856.0444576775587, 1856.0444576775587, 1856.0444576775587, 1856.0444576775587, 1856.0444576775587, 1856.0444576775587, 1856.0444576775587, 1856.0444576775587, 1856.0444576775587, 1856.0444576775587, 1856.0444576775587, 1856.0444576775587, 1856.0444576775587, 1856.0444576775587, 1856.0444576775587, 1856.0444576775587, 1856.0444576775587, 1856.0444576775587, 1856.0444576775587, 1856.0444576775587, 1856.0444576775587, 1856.0444576775587, 1856.0444576775587, 1856.0444576775587, 1856.0444576775587, 1856.0444576775587, 1856.0444576775587, 1856.0444576775587, 1856.0444576775587, 1856.0444576775587, 1856.0444576775587, 1856.0444576775587, 1856.0444576775587, 1856.0444576775587, 1856.0444576775587, 1856.0444576775587, 1856.0444576775587, 1856.0444576775587, 1856.0444576775587, 1856.0444576775587, 1856.0444576775587, 1856.0444576775587, 1856.0444576775587, 1856.0444576775587, 1855.4186428351243, 1855.4186428351243, 1855.4186428351243, 1855.4186428351243, 1855.4186428351243, 1855.4186428351243, 1855.4186428351243, 1855.4186428351243, 1855.4186428351243, 1855.4186428351243, 1855.4186428351243, 1855.4186428351243, 1855.4186428351243, 1855.4186428351243, 1855.4186428351243, 1855.4186428351243, 1855.4186428351243, 1855.4186428351243, 1855.4186428351243, 1855.4186428351243, 1855.4186428351243, 1855.1634375161095, 1855.1634375161095, 1855.1634375161095, 1855.1634375161095, 1855.1634375161095, 1855.1634375161095, 1855.1634375161095, 1855.1634375161095, 1855.1634375161095, 1855.1634375161095, 1855.1634375161095, 1855.1634375161095, 1855.1634375161095, 1855.1634375161095, 1855.1634375161095, 1855.1634375161095, 1855.1634375161095, 1855.1634375161095, 1855.1634375161095, 1855.1634375161095, 1855.1634375161095, 1855.1634375161095, 1855.1634375161095, 1855.1634375161095, 1855.1634375161095, 1855.1634375161095, 1855.1634375161095, 1855.1634375161095, 1855.1634375161095, 1855.1634375161095, 1855.1634375161095, 1855.1634375161095, 1855.1634375161095, 1855.1634375161095, 1855.1634375161095, 1855.1634375161095, 1855.1634375161095, 1855.1634375161095, 1855.1634375161095, 1855.1634375161095, 1855.1634375161095, 1855.1634375161095, 1855.1634375161095, 1855.1634375161095, 1855.1634375161095, 1855.1634375161095, 1855.1634375161095, 1855.1634375161095, 1855.1634375161095, 1855.1634375161095, 1855.1634375161095, 1855.1634375161095, 1855.1634375161095, 1855.1634375161095, 1855.1634375161095, 1855.1634375161095, 1855.1634375161095, 1855.1634375161095, 1855.1634375161095, 1855.1634375161095, 1855.1634375161095, 1855.1634375161095, 1855.1634375161095, 1855.1634375161095, 1855.1634375161095, 1854.5569534078757, 1854.5569534078757, 1854.5569534078757, 1854.5569534078757, 1854.5569534078757, 1854.5569534078757, 1854.5569534078757, 1854.5569534078757, 1854.5569534078757, 1854.5569534078757, 1854.5569534078757, 1854.5569534078757, 1854.5569534078757, 1854.5569534078757, 1854.5569534078757, 1854.5569534078757, 1854.5569534078757, 1854.5569534078757, 1854.5569534078757, 1854.5569534078757, 1854.5569534078757, 1854.5569534078757, 1854.5569534078757, 1854.5569534078757, 1854.5569534078757, 1854.5569534078757, 1854.5569534078757, 1854.5569534078757, 1854.5569534078757, 1854.5569534078757, 1854.5569534078757, 1854.5569534078757, 1854.5569534078757, 1854.5569534078757, 1854.5569534078757, 1854.5569534078757, 1854.5569534078757, 1854.5569534078757, 1854.5569534078757, 1854.5569534078757, 1854.5569534078757, 1854.5569534078757, 1854.5569534078757, 1854.5569534078757, 1854.5569534078757, 1854.5569534078757, 1854.5569534078757, 1854.5569534078757, 1854.5569534078757, 1854.5569534078757, 1854.5569534078757, 1854.5569534078757, 1854.5569534078757, 1854.5569534078757, 1854.5569534078757, 1854.5569534078757, 1854.3830400736035, 1854.3830400736035, 1854.3830400736035, 1854.3830400736035, 1854.3830400736035, 1854.3830400736035, 1854.3830400736035, 1854.3830400736035, 1854.3830400736035, 1854.3830400736035, 1854.3830400736035, 1854.3830400736035, 1854.3830400736035, 1854.3830400736035, 1854.3830400736035, 1854.3830400736035, 1854.3830400736035, 1854.3830400736035, 1854.3830400736035, 1854.3830400736035, 1854.3830400736035, 1854.3830400736035, 1854.3830400736035, 1854.3830400736035, 1854.3830400736035, 1854.3830400736035, 1854.3830400736035, 1854.3830400736035, 1854.3830400736035, 1854.3830400736035, 1854.3830400736035, 1854.3830400736035, 1854.3830400736035, 1854.3830400736035, 1854.3830400736035, 1850.209011075389, 1850.209011075389, 1850.209011075389, 1850.209011075389, 1850.209011075389, 1850.209011075389, 1850.209011075389, 1850.209011075389, 1850.209011075389, 1850.209011075389, 1850.209011075389, 1850.209011075389, 1849.6025269671552, 1849.6025269671552, 1849.6025269671552, 1849.6025269671552, 1849.6025269671552, 1849.6025269671552, 1849.6025269671552, 1849.6025269671552, 1849.6025269671552, 1849.6025269671552, 1849.6025269671552, 1849.6025269671552, 1849.6025269671552, 1849.6025269671552, 1849.6025269671552, 1849.6025269671552, 1849.6025269671552, 1849.6025269671552, 1849.6025269671552, 1849.6025269671552, 1849.6025269671552, 1849.6025269671552, 1849.6025269671552, 1849.6025269671552, 1849.6025269671552, 1849.6025269671552, 1849.6025269671552, 1849.6025269671552, 1849.6025269671552, 1849.6025269671552, 1849.6025269671552, 1849.6025269671552, 1849.6025269671552, 1849.6025269671552, 1849.6025269671552, 1849.6025269671552, 1849.6025269671552, 1849.6025269671552, 1849.6025269671552, 1849.6025269671552, 1849.6025269671552, 1849.6025269671552, 1849.6025269671552, 1849.6025269671552, 1849.6025269671552, 1844.3661404806298, 1844.3661404806298, 1844.3661404806298, 1844.3661404806298, 1844.3661404806298, 1844.3661404806298, 1844.3661404806298, 1844.3661404806298, 1844.3661404806298, 1844.3661404806298, 1844.3661404806298, 1844.3661404806298, 1844.3661404806298, 1844.3661404806298, 1844.3661404806298, 1844.337591408872, 1844.337591408872, 1844.337591408872, 1835.59390154953, 1835.59390154953, 1835.59390154953, 1835.59390154953, 1835.59390154953, 1835.59390154953, 1835.59390154953, 1835.59390154953, 1835.59390154953, 1835.59390154953, 1835.59390154953, 1835.59390154953, 1835.59390154953, 1835.59390154953, 1835.59390154953, 1835.59390154953, 1835.59390154953, 1835.59390154953, 1835.59390154953, 1835.59390154953, 1835.59390154953, 1835.59390154953, 1835.59390154953, 1835.59390154953, 1835.59390154953, 1835.59390154953, 1835.59390154953, 1835.59390154953, 1835.59390154953, 1835.59390154953, 1835.59390154953, 1835.5360197661685, 1835.5360197661685, 1835.5360197661685, 1835.5360197661685, 1835.5360197661685, 1835.5360197661685, 1835.5360197661685, 1835.5360197661685, 1835.5360197661685, 1835.5360197661685, 1835.5360197661685, 1835.5360197661685, 1835.5360197661685, 1835.5360197661685, 1835.5360197661685, 1835.5360197661685, 1835.5360197661685, 1835.5360197661685, 1835.5360197661685, 1835.5360197661685, 1835.5360197661685, 1834.9295356579341, 1834.9295356579341, 1834.9295356579341, 1834.9295356579341, 1834.9295356579341, 1834.9295356579341, 1834.9295356579341, 1834.9295356579341, 1834.9295356579341, 1834.9295356579341, 1834.9295356579341, 1834.9295356579341, 1834.9295356579341, 1834.9295356579341, 1834.9295356579341, 1834.9295356579341, 1834.9295356579341, 1834.9295356579341, 1834.9295356579341, 1834.9295356579341, 1834.9295356579341, 1834.9295356579341, 1834.9295356579341, 1834.9295356579341, 1834.9295356579341, 1834.9295356579341, 1834.9295356579341, 1834.9295356579341, 1834.9295356579341, 1834.9295356579341, 1834.9295356579341, 1834.9295356579341, 1834.9295356579341, 1834.9295356579341, 1834.9295356579341, 1834.9295356579341, 1834.9295356579341, 1834.9295356579341, 1834.9295356579341, 1834.9295356579341, 1834.9295356579341, 1834.9295356579341, 1834.9295356579341, 1834.9295356579341, 1834.9295356579341, 1834.9295356579341, 1834.9295356579341, 1834.9295356579341, 1834.9295356579341, 1834.9295356579341, 1834.9295356579341, 1834.9295356579341, 1834.9295356579341, 1834.9295356579341, 1834.9295356579341, 1834.9295356579341, 1834.9295356579341, 1834.9295356579341, 1834.9295356579341, 1834.9295356579341, 1834.9295356579341, 1834.9295356579341, 1834.9295356579341, 1834.9295356579341, 1834.9295356579341, 1834.9295356579341, 1834.9295356579341, 1834.9295356579341, 1834.9295356579341, 1834.9295356579341, 1834.9295356579341, 1834.9295356579341, 1834.9295356579341, 1834.9295356579341, 1834.9295356579341, 1834.9295356579341, 1834.9295356579341, 1834.9295356579341, 1834.9295356579341, 1834.9295356579341, 1834.9295356579341, 1834.9295356579341, 1834.9295356579341, 1834.9295356579341, 1834.9295356579341, 1834.9295356579341, 1834.9295356579341, 1834.9295356579341, 1834.9295356579341, 1834.9295356579341, 1834.9295356579341, 1834.9295356579341, 1834.9295356579341, 1834.9295356579341, 1834.9295356579341, 1834.9295356579341, 1834.9295356579341, 1834.9295356579341, 1834.9295356579341, 1834.9295356579341, 1834.9295356579341, 1834.9295356579341, 1834.9295356579341, 1834.9295356579341, 1834.9295356579341, 1834.9295356579341, 1834.9295356579341, 1834.9295356579341, 1834.9295356579341, 1834.9295356579341, 1834.9295356579341, 1834.9295356579341, 1834.9295356579341, 1834.9295356579341, 1834.9295356579341, 1834.9295356579341, 1834.9295356579341, 1834.9295356579341, 1834.9295356579341, 1834.9295356579341, 1834.9295356579341, 1834.9295356579341, 1834.9295356579341, 1834.9295356579341, 1834.9295356579341, 1834.9295356579341, 1834.9295356579341, 1834.9295356579341, 1834.9295356579341, 1834.9295356579341, 1834.9295356579341, 1834.9295356579341, 1834.9295356579341, 1834.9295356579341, 1834.9295356579341, 1834.9295356579341, 1834.9295356579341, 1834.9295356579341, 1834.9295356579341, 1834.9295356579341, 1834.9295356579341, 1834.9295356579341, 1834.9295356579341, 1834.9295356579341, 1834.9295356579341, 1834.9295356579341, 1834.9295356579341, 1834.9295356579341, 1834.9295356579341, 1834.9295356579341, 1834.9295356579341, 1834.9295356579341, 1834.9295356579341, 1834.9295356579341, 1834.9295356579341, 1834.9295356579341, 1834.9295356579341, 1834.9295356579341, 1834.9295356579341, 1834.9295356579341, 1834.9295356579341, 1834.9295356579341, 1834.9295356579341, 1834.9295356579341, 1834.9295356579341, 1834.9295356579341, 1834.9295356579341, 1834.9295356579341, 1834.9295356579341, 1834.9295356579341, 1834.9295356579341, 1834.9295356579341, 1834.9295356579341, 1834.9295356579341, 1834.9295356579341, 1834.9295356579341, 1834.9295356579341, 1834.9295356579341, 1834.9295356579341, 1834.9295356579341, 1834.9295356579341, 1834.9295356579341, 1834.755622323662, 1834.755622323662, 1834.755622323662, 1834.755622323662, 1834.755622323662, 1834.755622323662, 1834.755622323662, 1834.755622323662, 1834.755622323662, 1834.755622323662, 1834.755622323662, 1834.755622323662, 1834.755622323662, 1834.755622323662, 1834.755622323662, 1834.755622323662, 1834.755622323662, 1834.755622323662, 1834.755622323662, 1834.755622323662, 1834.755622323662, 1834.755622323662, 1834.755622323662, 1834.755622323662, 1834.755622323662, 1834.755622323662, 1834.755622323662, 1834.755622323662, 1834.755622323662, 1834.755622323662, 1834.755622323662, 1834.755622323662, 1834.755622323662, 1834.755622323662, 1834.755622323662, 1834.755622323662, 1834.755622323662, 1834.755622323662, 1834.755622323662, 1834.755622323662, 1834.755622323662, 1834.755622323662, 1834.755622323662, 1834.755622323662, 1834.755622323662, 1834.755622323662, 1834.755622323662, 1834.755622323662, 1834.755622323662, 1834.755622323662, 1834.755622323662, 1834.755622323662, 1834.755622323662, 1834.755622323662, 1834.755622323662, 1834.755622323662, 1834.755622323662, 1834.755622323662, 1834.755622323662, 1834.755622323662, 1834.755622323662, 1834.755622323662, 1834.755622323662, 1834.755622323662, 1834.755622323662, 1834.755622323662, 1834.755622323662, 1834.755622323662, 1834.755622323662, 1834.755622323662, 1834.755622323662, 1834.755622323662, 1834.755622323662, 1834.755622323662, 1834.755622323662, 1834.755622323662, 1834.755622323662, 1834.755622323662, 1834.755622323662, 1834.755622323662, 1834.755622323662, 1834.755622323662, 1834.755622323662, 1834.755622323662, 1834.755622323662, 1834.755622323662, 1834.755622323662, 1834.755622323662, 1834.755622323662, 1834.755622323662, 1834.755622323662, 1834.755622323662, 1834.755622323662, 1834.755622323662, 1834.755622323662, 1834.755622323662, 1834.755622323662, 1834.755622323662, 1834.755622323662, 1834.755622323662, 1834.755622323662, 1834.755622323662, 1834.755622323662, 1834.755622323662, 1834.755622323662, 1834.755622323662, 1834.755622323662, 1834.755622323662, 1834.755622323662, 1834.755622323662, 1834.755622323662, 1834.755622323662, 1834.755622323662, 1834.755622323662, 1834.755622323662, 1834.755622323662, 1834.755622323662, 1834.755622323662, 1834.755622323662, 1834.755622323662, 1834.755622323662, 1834.755622323662, 1834.755622323662, 1834.755622323662, 1834.755622323662, 1834.755622323662, 1834.755622323662, 1834.755622323662, 1834.755622323662, 1834.755622323662, 1834.755622323662, 1834.755622323662, 1834.755622323662, 1834.755622323662, 1834.755622323662, 1834.755622323662, 1834.755622323662, 1834.755622323662, 1834.755622323662, 1834.755622323662, 1834.755622323662, 1834.755622323662, 1834.755622323662, 1834.755622323662, 1834.755622323662, 1834.755622323662, 1834.755622323662, 1834.755622323662, 1834.755622323662, 1834.755622323662, 1834.755622323662, 1834.755622323662, 1834.755622323662, 1834.755622323662, 1834.755622323662, 1834.755622323662, 1834.755622323662, 1834.755622323662, 1834.755622323662, 1834.755622323662, 1834.755622323662, 1834.755622323662, 1834.755622323662, 1834.755622323662, 1834.755622323662, 1834.755622323662, 1834.755622323662, 1834.755622323662, 1834.755622323662, 1834.755622323662, 1834.755622323662, 1834.755622323662, 1834.755622323662, 1834.755622323662, 1834.755622323662, 1834.755622323662, 1834.755622323662, 1834.755622323662, 1834.755622323662, 1834.755622323662, 1834.755622323662, 1834.755622323662, 1834.755622323662, 1834.755622323662, 1834.755622323662, 1834.755622323662, 1834.755622323662, 1834.755622323662, 1834.755622323662, 1834.755622323662, 1834.755622323662, 1834.755622323662, 1834.755622323662, 1834.755622323662, 1834.755622323662, 1834.755622323662, 1834.755622323662, 1834.755622323662, 1834.755622323662, 1834.755622323662, 1834.755622323662, 1834.755622323662, 1834.755622323662, 1834.755622323662, 1834.755622323662, 1834.755622323662, 1834.755622323662, 1834.755622323662, 1834.755622323662, 1834.755622323662, 1834.755622323662, 1834.755622323662, 1834.755622323662, 1834.755622323662, 1834.755622323662, 1834.755622323662, 1834.755622323662, 1834.755622323662, 1834.755622323662, 1834.755622323662, 1834.755622323662, 1834.755622323662, 1834.755622323662, 1834.755622323662, 1834.755622323662, 1834.755622323662, 1834.755622323662, 1834.755622323662, 1834.755622323662, 1834.755622323662, 1834.755622323662, 1834.755622323662, 1834.755622323662, 1834.755622323662, 1834.755622323662, 1834.755622323662, 1834.755622323662, 1834.755622323662, 1834.755622323662, 1834.755622323662, 1834.755622323662, 1834.755622323662, 1834.755622323662, 1834.755622323662, 1834.755622323662, 1834.755622323662, 1834.755622323662, 1834.755622323662, 1834.755622323662, 1834.755622323662, 1834.755622323662, 1834.755622323662, 1834.755622323662, 1834.755622323662, 1834.755622323662, 1834.755622323662, 1834.755622323662, 1834.755622323662, 1834.755622323662, 1834.755622323662, 1834.755622323662, 1834.755622323662, 1834.755622323662, 1834.755622323662, 1834.755622323662, 1834.755622323662, 1834.755622323662, 1834.755622323662, 1834.755622323662, 1834.755622323662, 1834.755622323662, 1834.755622323662, 1834.755622323662, 1834.755622323662, 1834.755622323662, 1834.755622323662, 1834.755622323662, 1834.755622323662, 1834.755622323662, 1834.755622323662, 1834.755622323662, 1834.755622323662, 1834.755622323662, 1834.755622323662, 1834.755622323662, 1834.755622323662, 1834.755622323662, 1834.755622323662, 1834.755622323662, 1834.755622323662, 1834.755622323662, 1834.755622323662, 1834.755622323662, 1834.755622323662, 1834.755622323662, 1834.755622323662, 1834.755622323662, 1834.755622323662, 1834.755622323662, 1834.755622323662, 1834.755622323662, 1834.755622323662, 1834.755622323662, 1834.755622323662, 1834.755622323662, 1834.755622323662, 1834.755622323662, 1834.755622323662, 1834.755622323662, 1834.755622323662, 1834.755622323662, 1834.755622323662, 1834.755622323662, 1834.755622323662, 1834.755622323662, 1834.755622323662, 1834.755622323662, 1834.755622323662, 1834.755622323662, 1834.755622323662, 1834.755622323662, 1834.755622323662, 1834.755622323662, 1834.755622323662, 1834.755622323662, 1834.755622323662, 1834.755622323662, 1834.755622323662, 1834.755622323662, 1834.755622323662, 1834.755622323662, 1834.755622323662, 1834.755622323662, 1834.755622323662, 1834.755622323662, 1834.755622323662, 1834.755622323662, 1834.755622323662, 1834.755622323662, 1834.755622323662, 1834.755622323662, 1834.755622323662, 1834.755622323662, 1834.755622323662, 1834.755622323662, 1834.755622323662, 1834.755622323662, 1834.755622323662, 1834.755622323662, 1834.755622323662, 1834.755622323662, 1834.755622323662, 1834.755622323662, 1834.755622323662, 1834.755622323662, 1834.755622323662, 1834.755622323662, 1834.755622323662, 1834.755622323662, 1834.755622323662, 1834.755622323662, 1834.755622323662, 1834.755622323662, 1834.755622323662, 1834.755622323662, 1834.755622323662, 1834.755622323662, 1834.755622323662, 1834.755622323662, 1834.755622323662, 1834.755622323662, 1834.755622323662, 1834.755622323662, 1834.755622323662, 1834.755622323662, 1834.755622323662, 1834.755622323662, 1834.755622323662, 1834.755622323662, 1834.755622323662, 1834.755622323662, 1834.755622323662, 1834.755622323662, 1834.755622323662, 1834.755622323662, 1834.755622323662, 1834.755622323662, 1834.755622323662, 1834.755622323662, 1834.755622323662, 1834.755622323662, 1834.755622323662, 1834.755622323662, 1834.755622323662, 1834.755622323662, 1834.755622323662, 1834.755622323662, 1834.755622323662, 1834.755622323662, 1834.755622323662, 1834.755622323662, 1834.755622323662, 1834.755622323662, 1834.755622323662, 1834.755622323662, 1834.755622323662, 1834.755622323662, 1834.755622323662, 1834.755622323662, 1834.755622323662, 1834.755622323662, 1834.755622323662, 1834.755622323662, 1834.755622323662, 1834.755622323662, 1834.755622323662, 1834.755622323662, 1834.755622323662, 1834.755622323662, 1834.755622323662, 1834.755622323662, 1834.755622323662, 1834.755622323662, 1834.755622323662, 1834.755622323662, 1834.755622323662, 1834.755622323662, 1834.755622323662, 1834.755622323662, 1834.755622323662, 1834.755622323662, 1834.755622323662, 1834.755622323662, 1834.755622323662, 1834.755622323662, 1834.755622323662, 1834.755622323662, 1834.755622323662, 1834.755622323662, 1834.755622323662, 1834.755622323662, 1834.755622323662, 1834.755622323662, 1834.755622323662, 1834.755622323662, 1834.755622323662, 1834.755622323662, 1834.755622323662, 1834.755622323662, 1834.755622323662, 1834.755622323662, 1834.755622323662, 1834.755622323662, 1834.755622323662, 1834.755622323662, 1834.755622323662, 1834.755622323662, 1834.755622323662, 1834.755622323662, 1834.755622323662, 1834.755622323662, 1834.755622323662, 1834.755622323662, 1834.755622323662, 1834.755622323662, 1834.755622323662, 1834.755622323662, 1834.755622323662, 1834.755622323662, 1834.755622323662, 1834.755622323662, 1834.755622323662, 1834.755622323662, 1834.755622323662, 1834.755622323662, 1834.755622323662, 1834.755622323662, 1834.755622323662, 1834.755622323662, 1834.755622323662, 1834.755622323662, 1834.755622323662, 1834.755622323662, 1834.755622323662, 1834.755622323662, 1834.755622323662, 1834.755622323662, 1834.755622323662, 1834.755622323662, 1834.755622323662, 1834.755622323662, 1834.755622323662, 1834.755622323662, 1834.755622323662, 1834.755622323662, 1834.755622323662, 1834.755622323662, 1834.755622323662, 1834.755622323662, 1834.755622323662, 1834.755622323662, 1834.755622323662, 1834.755622323662, 1834.755622323662, 1834.755622323662, 1834.755622323662, 1834.755622323662, 1834.755622323662, 1834.755622323662, 1834.755622323662, 1834.755622323662, 1834.755622323662, 1834.755622323662, 1834.755622323662, 1834.755622323662, 1834.755622323662, 1834.755622323662, 1834.755622323662, 1834.755622323662, 1834.755622323662, 1834.755622323662, 1834.755622323662, 1834.755622323662, 1834.755622323662, 1834.755622323662, 1834.755622323662, 1834.755622323662, 1834.755622323662, 1834.755622323662, 1834.755622323662, 1834.755622323662, 1834.755622323662, 1834.755622323662, 1834.755622323662, 1834.755622323662, 1834.755622323662, 1834.755622323662, 1834.755622323662, 1834.755622323662, 1834.755622323662, 1834.755622323662, 1834.755622323662, 1834.755622323662, 1834.755622323662, 1834.755622323662, 1834.755622323662, 1834.755622323662, 1834.755622323662, 1834.755622323662, 1834.755622323662, 1834.755622323662, 1834.755622323662, 1834.755622323662, 1834.755622323662, 1834.755622323662, 1834.755622323662, 1834.755622323662, 1834.755622323662, 1834.755622323662, 1834.755622323662, 1834.755622323662, 1834.755622323662, 1834.755622323662, 1834.755622323662, 1834.755622323662, 1834.755622323662, 1834.755622323662, 1834.755622323662, 1834.755622323662, 1834.755622323662, 1834.755622323662, 1834.755622323662, 1834.755622323662, 1834.755622323662, 1834.755622323662, 1834.755622323662, 1834.755622323662, 1834.755622323662, 1834.755622323662, 1834.755622323662, 1834.755622323662, 1834.755622323662, 1834.755622323662, 1834.755622323662, 1834.755622323662, 1834.755622323662, 1834.755622323662, 1834.755622323662, 1834.755622323662, 1834.755622323662, 1834.755622323662, 1834.755622323662, 1834.755622323662, 1834.755622323662, 1834.755622323662, 1834.755622323662, 1834.755622323662, 1834.755622323662, 1834.755622323662, 1834.755622323662, 1834.755622323662, 1834.755622323662, 1834.755622323662, 1834.755622323662, 1834.755622323662, 1834.755622323662, 1834.755622323662, 1834.755622323662, 1834.755622323662, 1834.755622323662, 1834.755622323662, 1834.755622323662, 1834.755622323662, 1834.755622323662, 1834.755622323662, 1834.755622323662, 1834.755622323662, 1834.755622323662, 1834.755622323662, 1834.755622323662, 1834.755622323662, 1834.755622323662, 1834.755622323662, 1834.755622323662, 1834.755622323662, 1834.755622323662, 1834.755622323662, 1834.755622323662, 1834.755622323662, 1834.755622323662, 1834.755622323662, 1834.755622323662, 1834.755622323662, 1834.755622323662, 1834.755622323662, 1834.755622323662, 1834.755622323662, 1834.755622323662, 1834.755622323662, 1834.755622323662, 1834.755622323662, 1834.755622323662, 1834.755622323662, 1834.755622323662, 1834.755622323662, 1834.755622323662, 1834.755622323662, 1834.755622323662, 1834.755622323662, 1834.755622323662, 1834.755622323662, 1834.755622323662, 1834.755622323662, 1834.755622323662, 1834.755622323662, 1834.755622323662, 1834.755622323662, 1834.755622323662, 1834.755622323662, 1834.755622323662, 1834.755622323662, 1834.755622323662, 1834.755622323662, 1834.755622323662, 1834.755622323662, 1834.755622323662, 1834.755622323662, 1834.755622323662, 1834.755622323662, 1834.755622323662, 1834.755622323662, 1834.755622323662, 1834.755622323662, 1834.755622323662, 1834.755622323662, 1834.755622323662, 1834.755622323662, 1834.755622323662, 1834.755622323662, 1834.755622323662, 1834.755622323662, 1834.755622323662, 1834.755622323662, 1834.755622323662, 1834.755622323662, 1834.755622323662, 1834.755622323662, 1834.755622323662, 1834.755622323662, 1834.755622323662, 1834.755622323662, 1834.755622323662, 1834.755622323662, 1834.755622323662, 1834.755622323662, 1834.755622323662, 1834.755622323662, 1834.755622323662, 1834.755622323662, 1834.755622323662, 1834.755622323662, 1834.755622323662, 1834.755622323662, 1834.755622323662, 1834.755622323662, 1834.755622323662, 1834.755622323662, 1834.755622323662, 1834.755622323662, 1834.755622323662, 1834.755622323662, 1834.755622323662, 1834.755622323662, 1834.755622323662, 1834.755622323662, 1834.755622323662, 1834.755622323662, 1834.755622323662, 1834.755622323662, 1834.755622323662, 1834.755622323662, 1834.755622323662, 1834.755622323662, 1834.755622323662, 1834.755622323662, 1834.755622323662, 1834.755622323662, 1834.755622323662, 1834.755622323662, 1834.755622323662, 1834.755622323662, 1834.755622323662, 1834.755622323662, 1834.755622323662, 1834.755622323662, 1834.755622323662, 1834.755622323662, 1834.755622323662, 1834.755622323662, 1834.755622323662, 1834.755622323662, 1834.755622323662, 1834.755622323662, 1834.755622323662, 1834.755622323662, 1834.755622323662, 1834.755622323662, 1834.755622323662, 1834.755622323662, 1834.755622323662, 1834.755622323662, 1834.755622323662, 1834.755622323662, 1834.755622323662, 1834.755622323662, 1834.755622323662, 1834.755622323662, 1834.755622323662, 1834.755622323662, 1834.755622323662, 1834.755622323662, 1834.755622323662, 1834.755622323662, 1834.755622323662, 1834.755622323662, 1834.755622323662, 1834.755622323662, 1834.755622323662, 1834.755622323662, 1834.755622323662, 1834.755622323662, 1834.755622323662, 1834.755622323662, 1834.755622323662, 1834.755622323662, 1834.755622323662, 1834.755622323662, 1834.755622323662, 1834.755622323662, 1834.755622323662, 1834.755622323662, 1834.755622323662, 1834.755622323662, 1834.755622323662, 1834.755622323662, 1834.755622323662, 1834.755622323662, 1834.755622323662, 1834.755622323662, 1834.755622323662, 1834.755622323662, 1834.755622323662, 1834.755622323662, 1834.755622323662, 1834.755622323662, 1834.755622323662, 1834.755622323662, 1834.755622323662, 1834.755622323662, 1834.755622323662, 1834.755622323662, 1834.755622323662, 1834.755622323662, 1834.755622323662, 1834.755622323662, 1834.755622323662, 1834.755622323662, 1834.755622323662, 1834.755622323662, 1834.755622323662, 1834.755622323662, 1834.755622323662, 1834.755622323662, 1834.755622323662, 1834.755622323662, 1834.755622323662, 1834.755622323662, 1834.755622323662, 1834.755622323662, 1834.755622323662, 1834.755622323662, 1834.755622323662, 1834.755622323662, 1834.755622323662, 1834.755622323662, 1834.755622323662, 1834.755622323662, 1834.755622323662, 1834.755622323662, 1834.755622323662, 1834.755622323662, 1834.755622323662, 1834.755622323662, 1834.755622323662, 1834.755622323662, 1834.755622323662, 1834.755622323662, 1834.755622323662, 1834.755622323662, 1834.755622323662, 1834.755622323662, 1834.755622323662, 1834.755622323662, 1834.755622323662, 1834.755622323662, 1834.755622323662, 1834.755622323662, 1834.755622323662, 1834.755622323662, 1834.755622323662, 1834.755622323662, 1834.755622323662, 1834.755622323662, 1834.755622323662, 1834.755622323662, 1834.755622323662, 1834.755622323662, 1834.755622323662, 1834.755622323662, 1834.755622323662, 1834.755622323662, 1834.755622323662, 1834.755622323662, 1834.755622323662, 1834.755622323662, 1834.755622323662, 1834.755622323662, 1834.755622323662, 1834.755622323662, 1834.755622323662, 1834.755622323662, 1834.755622323662, 1834.755622323662, 1834.755622323662, 1834.755622323662, 1834.755622323662, 1834.755622323662, 1834.755622323662, 1834.755622323662, 1834.755622323662, 1834.755622323662, 1834.755622323662, 1834.755622323662, 1834.755622323662, 1834.755622323662, 1834.755622323662, 1834.755622323662, 1834.755622323662, 1834.755622323662, 1834.755622323662, 1834.755622323662, 1834.755622323662, 1834.755622323662, 1834.755622323662, 1834.755622323662, 1834.755622323662, 1834.755622323662, 1834.755622323662, 1834.755622323662, 1834.755622323662, 1834.755622323662, 1834.755622323662, 1834.755622323662, 1834.755622323662, 1834.755622323662, 1834.755622323662, 1834.755622323662, 1834.755622323662, 1834.755622323662, 1834.755622323662, 1834.755622323662, 1834.755622323662, 1834.755622323662, 1834.755622323662, 1834.755622323662, 1834.755622323662, 1834.755622323662, 1834.755622323662, 1834.755622323662, 1834.755622323662, 1834.755622323662, 1834.755622323662, 1834.755622323662, 1834.755622323662, 1834.755622323662, 1834.755622323662, 1834.755622323662, 1834.755622323662, 1834.755622323662, 1834.755622323662, 1834.755622323662, 1834.755622323662, 1834.755622323662, 1834.755622323662, 1834.755622323662, 1834.755622323662, 1834.755622323662, 1834.755622323662, 1834.755622323662, 1834.755622323662, 1834.755622323662, 1834.755622323662, 1834.755622323662, 1834.755622323662, 1834.755622323662, 1834.755622323662, 1834.755622323662, 1834.755622323662, 1834.755622323662, 1834.755622323662, 1834.755622323662, 1834.755622323662, 1834.755622323662, 1834.755622323662, 1834.755622323662, 1834.755622323662, 1834.755622323662, 1834.755622323662, 1834.755622323662, 1834.755622323662, 1834.755622323662, 1834.755622323662, 1834.755622323662, 1834.755622323662, 1834.755622323662, 1834.755622323662, 1834.755622323662, 1834.755622323662, 1834.755622323662, 1834.755622323662, 1834.755622323662, 1834.755622323662, 1834.755622323662, 1834.755622323662, 1834.755622323662, 1834.755622323662, 1834.755622323662, 1834.755622323662, 1834.755622323662, 1834.755622323662, 1834.755622323662, 1834.755622323662, 1834.755622323662, 1834.755622323662, 1834.755622323662, 1834.755622323662, 1834.755622323662, 1834.755622323662, 1834.755622323662, 1834.755622323662, 1834.755622323662, 1834.755622323662, 1834.755622323662, 1834.755622323662, 1834.755622323662, 1834.755622323662, 1834.755622323662, 1834.755622323662, 1834.755622323662, 1834.755622323662, 1834.755622323662, 1834.755622323662, 1834.755622323662, 1834.755622323662, 1834.755622323662, 1834.755622323662, 1834.755622323662, 1834.755622323662, 1834.755622323662, 1834.755622323662, 1834.755622323662, 1834.755622323662, 1834.755622323662, 1834.755622323662, 1834.755622323662, 1834.755622323662, 1834.755622323662, 1834.755622323662, 1834.755622323662, 1834.755622323662, 1834.755622323662, 1834.755622323662, 1834.755622323662, 1834.755622323662, 1834.755622323662, 1834.755622323662, 1834.755622323662, 1834.755622323662, 1834.755622323662, 1834.755622323662, 1834.755622323662, 1834.755622323662, 1834.755622323662, 1834.755622323662, 1834.755622323662, 1834.755622323662, 1834.755622323662, 1834.755622323662, 1834.755622323662, 1834.755622323662, 1834.755622323662, 1834.755622323662, 1834.755622323662, 1834.755622323662, 1834.755622323662, 1834.755622323662, 1834.755622323662, 1834.755622323662, 1834.755622323662, 1834.755622323662, 1834.755622323662, 1834.755622323662, 1834.755622323662, 1834.755622323662, 1834.755622323662, 1834.755622323662, 1834.755622323662, 1834.755622323662, 1834.755622323662, 1834.755622323662, 1834.755622323662, 1834.755622323662, 1834.755622323662, 1834.755622323662, 1834.755622323662, 1834.755622323662, 1834.755622323662, 1834.755622323662, 1834.755622323662, 1834.755622323662, 1834.755622323662, 1834.755622323662, 1834.755622323662, 1834.755622323662, 1834.755622323662, 1834.755622323662, 1834.755622323662, 1834.755622323662, 1834.755622323662, 1834.755622323662, 1834.755622323662, 1834.755622323662, 1834.755622323662, 1834.755622323662, 1834.755622323662, 1834.755622323662, 1834.755622323662, 1834.755622323662, 1834.755622323662, 1834.755622323662, 1834.755622323662, 1834.755622323662, 1834.755622323662, 1834.755622323662, 1834.755622323662, 1834.755622323662, 1834.755622323662, 1834.755622323662, 1834.755622323662, 1834.755622323662, 1834.755622323662, 1834.755622323662, 1834.755622323662, 1834.755622323662, 1834.755622323662, 1834.755622323662, 1834.755622323662, 1834.755622323662, 1834.755622323662, 1834.755622323662, 1834.755622323662, 1834.755622323662, 1834.755622323662, 1834.755622323662, 1834.755622323662, 1834.755622323662, 1834.755622323662, 1834.755622323662, 1834.755622323662, 1834.755622323662, 1834.755622323662, 1834.755622323662, 1834.755622323662, 1834.755622323662, 1834.755622323662, 1834.755622323662, 1834.755622323662, 1834.755622323662, 1834.755622323662, 1834.755622323662, 1834.755622323662, 1834.755622323662, 1834.755622323662, 1834.755622323662, 1834.755622323662, 1834.755622323662, 1834.755622323662, 1834.755622323662, 1834.755622323662, 1834.755622323662, 1834.755622323662, 1834.755622323662, 1834.755622323662, 1834.755622323662, 1834.755622323662, 1834.755622323662, 1834.755622323662, 1834.755622323662, 1834.755622323662, 1834.755622323662, 1834.755622323662, 1834.755622323662, 1834.755622323662, 1834.755622323662, 1834.755622323662, 1834.755622323662, 1834.755622323662, 1834.755622323662, 1834.755622323662, 1834.755622323662, 1834.755622323662, 1834.755622323662, 1834.755622323662, 1834.755622323662, 1834.755622323662, 1834.755622323662, 1834.755622323662, 1834.755622323662, 1834.755622323662, 1834.755622323662, 1834.755622323662, 1834.755622323662, 1834.755622323662, 1834.755622323662, 1834.755622323662, 1834.755622323662, 1834.755622323662, 1834.755622323662, 1834.755622323662, 1834.755622323662, 1834.755622323662, 1834.755622323662, 1834.755622323662, 1834.755622323662, 1834.755622323662, 1834.755622323662, 1834.755622323662, 1834.755622323662, 1834.755622323662, 1834.755622323662, 1834.755622323662, 1834.755622323662, 1834.755622323662, 1834.755622323662, 1834.755622323662, 1834.755622323662, 1834.755622323662, 1834.755622323662, 1834.755622323662, 1834.755622323662, 1834.755622323662, 1834.755622323662, 1834.755622323662, 1834.755622323662, 1834.755622323662, 1834.755622323662, 1834.755622323662, 1834.755622323662, 1834.755622323662, 1834.755622323662, 1834.755622323662, 1834.755622323662, 1834.755622323662, 1834.755622323662, 1834.755622323662, 1834.755622323662, 1834.755622323662, 1834.755622323662, 1834.755622323662, 1834.755622323662, 1834.755622323662, 1834.755622323662, 1834.755622323662, 1834.755622323662, 1834.755622323662, 1834.755622323662, 1834.755622323662, 1834.755622323662, 1834.755622323662, 1834.755622323662, 1834.755622323662, 1834.755622323662, 1834.755622323662, 1834.755622323662, 1834.755622323662, 1834.755622323662, 1834.755622323662, 1834.755622323662, 1834.755622323662, 1834.755622323662, 1834.755622323662, 1834.755622323662, 1834.755622323662, 1834.755622323662, 1834.755622323662, 1834.755622323662, 1834.755622323662, 1834.755622323662, 1834.755622323662, 1834.755622323662, 1834.755622323662, 1834.755622323662, 1834.755622323662, 1834.755622323662, 1834.755622323662, 1834.755622323662, 1834.755622323662, 1834.755622323662, 1834.755622323662, 1834.755622323662, 1834.755622323662, 1834.755622323662, 1834.755622323662, 1834.755622323662, 1834.755622323662, 1834.755622323662, 1834.755622323662, 1834.755622323662, 1834.755622323662, 1834.755622323662, 1834.755622323662, 1834.755622323662, 1834.755622323662, 1834.755622323662, 1834.755622323662, 1834.755622323662, 1834.755622323662, 1834.755622323662, 1834.755622323662, 1834.755622323662, 1834.755622323662, 1834.755622323662, 1834.755622323662, 1834.755622323662, 1834.755622323662, 1834.755622323662, 1834.755622323662, 1834.755622323662, 1834.755622323662, 1834.755622323662, 1834.755622323662, 1834.755622323662, 1834.755622323662, 1834.755622323662, 1834.755622323662, 1834.755622323662, 1834.755622323662, 1834.755622323662, 1834.755622323662, 1834.755622323662, 1834.755622323662, 1834.755622323662, 1834.755622323662, 1834.755622323662, 1834.755622323662, 1834.755622323662, 1834.755622323662, 1834.755622323662, 1834.755622323662, 1834.755622323662, 1834.755622323662, 1834.755622323662, 1834.755622323662, 1834.755622323662, 1834.755622323662, 1834.755622323662, 1834.755622323662, 1834.755622323662, 1834.755622323662, 1834.755622323662, 1834.755622323662, 1834.755622323662, 1834.755622323662, 1834.755622323662, 1834.755622323662, 1834.755622323662, 1834.755622323662, 1834.755622323662, 1834.755622323662, 1834.755622323662, 1834.755622323662, 1834.755622323662, 1834.755622323662, 1834.755622323662, 1834.755622323662, 1834.755622323662, 1834.755622323662, 1834.755622323662, 1834.755622323662, 1834.755622323662, 1834.755622323662, 1834.755622323662, 1834.755622323662, 1834.755622323662, 1834.755622323662, 1834.755622323662, 1834.755622323662, 1834.755622323662, 1834.755622323662, 1834.755622323662, 1834.755622323662, 1834.755622323662, 1834.755622323662, 1834.755622323662, 1834.755622323662, 1834.755622323662, 1834.755622323662, 1834.755622323662, 1834.755622323662, 1834.755622323662, 1834.755622323662, 1834.755622323662, 1834.755622323662, 1834.755622323662, 1834.755622323662, 1834.755622323662, 1834.755622323662, 1834.755622323662, 1834.755622323662, 1834.755622323662, 1834.755622323662, 1834.755622323662, 1834.755622323662, 1834.755622323662, 1834.755622323662, 1834.755622323662, 1834.755622323662, 1834.755622323662, 1834.755622323662, 1834.755622323662, 1834.755622323662, 1834.755622323662, 1834.755622323662, 1834.755622323662, 1834.755622323662, 1834.755622323662, 1834.755622323662, 1834.755622323662, 1834.755622323662, 1834.755622323662, 1834.755622323662, 1834.755622323662, 1834.755622323662, 1834.755622323662, 1834.755622323662, 1834.755622323662, 1834.755622323662, 1834.755622323662, 1834.755622323662, 1834.755622323662, 1834.755622323662, 1834.755622323662, 1834.755622323662, 1834.755622323662, 1834.755622323662, 1834.755622323662, 1834.755622323662, 1834.755622323662, 1834.755622323662, 1834.755622323662, 1834.755622323662, 1834.755622323662, 1834.755622323662, 1834.755622323662, 1834.755622323662, 1834.755622323662, 1834.755622323662, 1834.755622323662, 1834.755622323662, 1834.755622323662, 1834.755622323662, 1834.755622323662, 1834.755622323662, 1834.755622323662, 1834.755622323662, 1834.755622323662, 1834.755622323662, 1834.755622323662, 1834.755622323662, 1834.755622323662, 1834.755622323662, 1834.755622323662, 1834.755622323662, 1834.755622323662, 1834.755622323662, 1834.755622323662, 1834.755622323662, 1834.755622323662, 1834.755622323662, 1834.755622323662, 1834.755622323662, 1834.755622323662, 1834.755622323662, 1834.755622323662, 1834.755622323662, 1834.755622323662, 1834.755622323662, 1834.755622323662, 1834.755622323662, 1834.755622323662, 1834.755622323662, 1834.755622323662, 1834.755622323662, 1834.755622323662, 1834.755622323662, 1834.755622323662, 1834.755622323662, 1834.755622323662, 1834.755622323662, 1834.755622323662, 1834.755622323662, 1834.755622323662, 1834.755622323662, 1834.755622323662, 1834.755622323662, 1834.755622323662, 1834.755622323662, 1834.755622323662, 1834.755622323662, 1834.755622323662, 1834.755622323662, 1834.755622323662, 1834.755622323662, 1834.755622323662, 1834.755622323662, 1834.755622323662, 1834.755622323662, 1834.755622323662, 1834.755622323662, 1834.755622323662, 1834.755622323662, 1834.755622323662, 1834.755622323662, 1834.755622323662, 1834.755622323662, 1834.755622323662, 1834.755622323662, 1834.755622323662, 1834.755622323662, 1834.755622323662, 1834.755622323662, 1834.755622323662, 1834.755622323662, 1834.755622323662, 1834.755622323662, 1834.755622323662, 1834.755622323662, 1834.755622323662, 1834.755622323662, 1834.755622323662, 1834.755622323662, 1834.755622323662, 1834.755622323662, 1834.755622323662, 1834.755622323662, 1834.755622323662, 1834.755622323662, 1834.755622323662, 1834.755622323662, 1834.755622323662, 1834.755622323662, 1834.755622323662, 1834.755622323662, 1834.755622323662, 1834.755622323662, 1834.755622323662, 1834.755622323662, 1834.755622323662, 1834.755622323662, 1834.755622323662, 1834.755622323662, 1834.755622323662, 1834.755622323662, 1834.755622323662, 1834.755622323662, 1834.755622323662, 1834.755622323662, 1834.755622323662, 1834.755622323662, 1834.755622323662, 1834.755622323662, 1834.755622323662, 1834.755622323662, 1834.755622323662, 1834.755622323662, 1834.755622323662, 1834.755622323662, 1834.755622323662, 1834.755622323662, 1834.755622323662, 1834.755622323662, 1834.755622323662, 1834.755622323662, 1834.755622323662, 1834.755622323662, 1834.755622323662, 1834.755622323662, 1834.755622323662, 1834.755622323662, 1834.755622323662, 1834.755622323662, 1834.755622323662, 1834.755622323662, 1834.755622323662, 1834.755622323662, 1834.755622323662, 1834.755622323662, 1834.755622323662, 1834.755622323662, 1834.755622323662, 1834.755622323662, 1834.755622323662, 1834.755622323662, 1834.755622323662, 1834.755622323662, 1834.755622323662, 1834.755622323662, 1834.755622323662, 1834.755622323662, 1834.755622323662, 1834.755622323662, 1834.755622323662, 1834.755622323662, 1834.755622323662, 1834.755622323662, 1834.755622323662, 1834.755622323662, 1834.755622323662, 1834.755622323662, 1834.755622323662, 1834.755622323662, 1834.755622323662, 1834.755622323662, 1834.755622323662, 1834.755622323662, 1834.755622323662, 1834.755622323662, 1834.755622323662, 1834.755622323662, 1834.755622323662, 1834.755622323662, 1834.755622323662, 1834.755622323662, 1834.755622323662, 1834.755622323662, 1834.755622323662, 1834.755622323662, 1834.755622323662, 1834.755622323662, 1834.755622323662, 1834.755622323662, 1834.755622323662, 1834.755622323662, 1834.755622323662, 1834.755622323662, 1834.755622323662, 1834.755622323662, 1834.755622323662, 1834.755622323662, 1834.755622323662, 1834.755622323662, 1834.755622323662, 1834.755622323662, 1834.755622323662, 1834.755622323662, 1834.755622323662, 1834.755622323662, 1834.755622323662, 1834.755622323662, 1834.755622323662, 1834.755622323662, 1834.755622323662, 1834.755622323662, 1834.755622323662, 1834.755622323662, 1834.755622323662, 1834.755622323662, 1834.755622323662, 1834.755622323662, 1834.755622323662, 1834.755622323662, 1834.755622323662, 1834.755622323662, 1834.755622323662, 1834.755622323662, 1834.755622323662, 1834.755622323662, 1834.755622323662, 1834.755622323662, 1834.755622323662, 1834.755622323662, 1834.755622323662, 1834.755622323662, 1834.755622323662, 1834.755622323662, 1834.755622323662, 1834.755622323662, 1834.755622323662, 1834.755622323662, 1834.755622323662, 1834.755622323662, 1834.755622323662, 1834.755622323662, 1834.755622323662, 1834.755622323662, 1834.755622323662, 1834.755622323662, 1834.755622323662, 1834.755622323662, 1834.755622323662, 1834.755622323662, 1834.755622323662, 1834.755622323662, 1834.755622323662, 1834.755622323662, 1834.755622323662, 1834.755622323662, 1834.755622323662, 1834.755622323662, 1834.755622323662, 1834.755622323662, 1834.755622323662, 1834.755622323662, 1834.755622323662, 1834.755622323662, 1834.755622323662, 1834.755622323662, 1834.755622323662, 1834.755622323662, 1834.755622323662, 1834.755622323662, 1834.755622323662, 1834.755622323662, 1834.755622323662, 1834.755622323662, 1834.755622323662, 1834.755622323662, 1834.755622323662, 1834.755622323662, 1834.755622323662, 1834.755622323662, 1834.755622323662, 1834.755622323662, 1834.755622323662, 1834.755622323662, 1834.755622323662, 1834.755622323662, 1834.755622323662, 1834.755622323662, 1834.755622323662, 1834.755622323662, 1834.755622323662, 1834.755622323662, 1834.755622323662, 1834.755622323662, 1834.755622323662, 1834.755622323662, 1834.755622323662, 1834.755622323662, 1834.755622323662, 1834.755622323662, 1834.755622323662, 1834.755622323662, 1834.755622323662, 1834.755622323662, 1834.755622323662, 1834.755622323662, 1834.755622323662, 1834.755622323662, 1834.755622323662, 1834.755622323662, 1834.755622323662, 1834.755622323662, 1834.755622323662, 1834.755622323662, 1834.755622323662, 1834.755622323662, 1834.755622323662, 1834.755622323662, 1834.755622323662, 1834.755622323662, 1834.755622323662, 1834.755622323662, 1834.755622323662, 1834.755622323662, 1834.755622323662, 1834.755622323662, 1834.755622323662, 1834.755622323662, 1834.755622323662, 1834.755622323662, 1834.755622323662, 1834.755622323662, 1834.755622323662, 1834.755622323662, 1834.755622323662, 1834.755622323662, 1834.755622323662, 1834.755622323662, 1834.755622323662, 1834.755622323662, 1834.755622323662, 1834.755622323662, 1834.755622323662, 1834.755622323662, 1834.755622323662, 1834.755622323662, 1834.755622323662, 1834.755622323662, 1834.755622323662, 1834.755622323662, 1834.755622323662, 1834.755622323662, 1834.755622323662, 1834.755622323662, 1834.755622323662, 1834.755622323662, 1834.755622323662, 1834.755622323662, 1834.755622323662, 1834.755622323662, 1834.755622323662, 1834.755622323662, 1834.755622323662, 1834.755622323662, 1834.755622323662, 1834.755622323662, 1834.755622323662, 1834.755622323662, 1834.755622323662, 1834.755622323662, 1834.755622323662, 1834.755622323662, 1834.755622323662, 1834.755622323662, 1834.755622323662, 1834.755622323662, 1834.755622323662, 1834.755622323662, 1834.755622323662, 1834.755622323662, 1834.755622323662, 1834.755622323662, 1834.755622323662, 1834.755622323662, 1834.755622323662, 1834.755622323662, 1834.755622323662, 1834.755622323662, 1834.755622323662, 1834.755622323662, 1834.755622323662, 1834.755622323662, 1834.755622323662, 1834.755622323662, 1834.755622323662, 1834.755622323662, 1834.755622323662, 1834.755622323662, 1834.755622323662, 1834.755622323662, 1834.755622323662, 1834.755622323662, 1834.755622323662, 1834.755622323662, 1834.755622323662, 1834.755622323662, 1834.755622323662, 1834.755622323662, 1834.755622323662, 1834.755622323662, 1834.755622323662, 1834.755622323662, 1834.755622323662, 1834.755622323662, 1834.755622323662, 1834.755622323662, 1834.755622323662, 1834.755622323662, 1834.755622323662, 1834.755622323662, 1834.755622323662, 1834.755622323662, 1834.755622323662, 1834.755622323662, 1834.755622323662, 1834.755622323662, 1834.755622323662, 1834.755622323662, 1834.755622323662, 1834.755622323662, 1834.755622323662, 1834.755622323662, 1834.755622323662, 1834.755622323662, 1834.755622323662, 1834.755622323662, 1834.755622323662, 1834.755622323662, 1834.755622323662, 1834.755622323662, 1834.755622323662, 1834.755622323662, 1834.755622323662, 1834.755622323662, 1834.755622323662, 1834.755622323662, 1834.755622323662, 1834.755622323662, 1834.755622323662, 1834.755622323662, 1834.755622323662, 1834.755622323662, 1834.755622323662, 1834.755622323662, 1834.755622323662, 1834.755622323662, 1834.755622323662, 1834.755622323662, 1834.755622323662, 1834.755622323662, 1834.755622323662, 1834.755622323662, 1834.755622323662, 1834.755622323662, 1834.755622323662, 1834.755622323662, 1834.755622323662, 1834.755622323662, 1834.755622323662, 1834.755622323662, 1834.755622323662, 1834.755622323662, 1834.755622323662, 1834.755622323662, 1834.755622323662, 1834.755622323662, 1834.755622323662, 1834.755622323662, 1834.755622323662, 1834.755622323662, 1834.755622323662, 1834.755622323662, 1834.755622323662, 1834.755622323662, 1834.755622323662, 1834.755622323662, 1834.755622323662, 1834.755622323662, 1834.755622323662, 1834.755622323662, 1834.755622323662, 1834.755622323662, 1834.755622323662, 1834.755622323662, 1834.755622323662, 1834.755622323662, 1834.755622323662, 1834.755622323662, 1834.755622323662, 1834.755622323662, 1834.755622323662, 1834.755622323662, 1834.755622323662, 1834.755622323662, 1834.755622323662, 1834.755622323662, 1834.755622323662, 1834.755622323662, 1834.755622323662, 1834.755622323662, 1834.755622323662, 1834.755622323662, 1834.755622323662, 1834.755622323662, 1834.755622323662, 1834.755622323662, 1834.755622323662, 1834.755622323662, 1834.755622323662, 1834.755622323662, 1834.755622323662, 1834.755622323662, 1834.755622323662, 1834.755622323662, 1834.755622323662, 1834.755622323662, 1834.755622323662, 1834.755622323662, 1834.755622323662, 1834.755622323662, 1834.755622323662, 1834.755622323662, 1834.755622323662, 1834.755622323662, 1834.755622323662, 1834.755622323662, 1834.755622323662, 1834.755622323662, 1834.755622323662, 1834.755622323662, 1834.755622323662, 1834.755622323662, 1834.755622323662, 1834.755622323662, 1834.755622323662, 1834.755622323662, 1834.755622323662, 1834.755622323662, 1834.755622323662, 1834.755622323662, 1834.755622323662, 1834.755622323662, 1834.755622323662, 1834.755622323662, 1834.755622323662, 1834.755622323662, 1834.755622323662, 1834.755622323662, 1834.755622323662, 1834.755622323662, 1834.755622323662, 1834.755622323662, 1834.755622323662, 1834.755622323662, 1834.755622323662, 1834.755622323662, 1834.755622323662, 1834.755622323662, 1834.755622323662, 1834.755622323662, 1834.755622323662, 1834.755622323662, 1834.755622323662, 1834.755622323662, 1834.755622323662, 1834.755622323662, 1834.755622323662, 1834.755622323662, 1834.755622323662, 1834.755622323662, 1834.755622323662, 1834.755622323662, 1834.755622323662, 1834.755622323662, 1834.755622323662, 1834.755622323662, 1834.755622323662, 1834.755622323662, 1834.755622323662, 1834.755622323662, 1834.755622323662, 1834.755622323662, 1834.755622323662, 1834.755622323662, 1834.755622323662, 1834.755622323662, 1834.755622323662, 1834.755622323662, 1834.755622323662]
Computational time : 623.88499999