Name : Ahmed ElMousel
Problem : X-n115-k10 
Whale Algorithm 
cost : 818.639160367
Routes : 
1->27->8->11->1
1->17->12->25->28->26->6->21->1
1->35->15->29->13->10->1
1->16->9->36->3->24->7->4->5->20->32->1
1->22->19->34->30->31->18->14->33->23->2->1
best solutions : 
[856.3253353496583, 856.3253353496583, 844.4084399559692, 844.4084399559692, 843.4809370094671, 843.4809370094671, 843.4809370094671, 843.4809370094671, 838.9448361679424, 832.0689681081842, 832.0689681081842, 832.0689681081842, 827.5493197912463, 827.5493197912463, 827.5493197912463, 827.549319791246, 827.549319791246, 827.549319791246, 827.549319791246, 827.549319791246, 827.549319791246, 827.549319791246, 827.549319791246, 824.522555303037, 824.522555303037, 824.522555303037, 824.522555303037, 824.522555303037, 824.522555303037, 824.522555303037, 824.522555303037, 818.6391603667282, 818.6391603667282, 818.6391603667282, 818.6391603667282, 818.6391603667282, 818.6391603667282, 818.6391603667282, 818.6391603667282, 818.6391603667282, 818.6391603667282, 818.6391603667282, 818.6391603667282, 818.6391603667282, 818.6391603667282, 818.6391603667282, 818.6391603667282, 818.6391603667282, 818.6391603667282, 818.6391603667282, 818.6391603667282, 818.6391603667282, 818.6391603667282, 818.6391603667282, 818.6391603667282, 818.6391603667282, 818.6391603667282, 818.6391603667282, 818.6391603667282, 818.6391603667282, 818.6391603667282, 818.6391603667282, 818.6391603667282, 818.6391603667282, 818.6391603667282, 818.6391603667282, 818.6391603667282, 818.6391603667282, 818.6391603667282, 818.6391603667282, 818.6391603667282, 818.6391603667282, 818.6391603667282, 818.6391603667282, 818.6391603667282, 818.6391603667282, 818.6391603667282, 818.6391603667282, 818.6391603667282, 818.6391603667282, 818.6391603667282, 818.6391603667282, 818.6391603667282, 818.6391603667282, 818.6391603667282, 818.6391603667282, 818.6391603667282, 818.6391603667282, 818.6391603667282, 818.6391603667282, 818.6391603667282, 818.6391603667282, 818.6391603667282, 818.6391603667282, 818.6391603667282, 818.6391603667282, 818.6391603667282, 818.6391603667282, 818.6391603667282, 818.6391603667282, 818.6391603667282, 818.6391603667282, 818.6391603667282, 818.6391603667282, 818.6391603667282, 818.6391603667282, 818.6391603667282, 818.6391603667282, 818.6391603667282, 818.6391603667282, 818.6391603667282, 818.6391603667282, 818.6391603667282, 818.6391603667282, 818.6391603667282, 818.6391603667282, 818.6391603667282, 818.6391603667282, 818.6391603667282, 818.6391603667282, 818.6391603667282, 818.6391603667282, 818.6391603667282, 818.6391603667282, 818.6391603667282, 818.6391603667282, 818.6391603667282, 818.6391603667282, 818.6391603667282, 818.6391603667282, 818.6391603667282, 818.6391603667282, 818.6391603667282, 818.6391603667282, 818.6391603667282, 818.6391603667282, 818.6391603667282, 818.6391603667282, 818.6391603667282, 818.6391603667282, 818.6391603667282, 818.6391603667282, 818.6391603667282, 818.6391603667282, 818.6391603667282, 818.6391603667282, 818.6391603667282, 818.6391603667282, 818.6391603667282, 818.6391603667282, 818.6391603667282, 818.6391603667282, 818.6391603667282, 818.6391603667282, 818.6391603667282, 818.6391603667282, 818.6391603667282, 818.6391603667282, 818.6391603667282, 818.6391603667282, 818.6391603667282, 818.6391603667282, 818.6391603667282, 818.6391603667282, 818.6391603667282, 818.6391603667282, 818.6391603667282, 818.6391603667282, 818.6391603667282, 818.6391603667282, 818.6391603667282, 818.6391603667282, 818.6391603667282]
Computational time : 7.54399991035