Name : Ahmed ElMousel
Problem : X-n115-k10 
Whale Algorithm 
cost : 18475.9445566
Routes : 
1->1
1->128->26->37->33->8->98->121->86->36->92->57->84->58->96->140->56->138->143->45->65->46->85->1
1->1
1->1
1->1
1->1
1->116->94->42->6->108->2->112->61->80->99->122->31->47->68->59->136->60->41->71->1
1->1
1->69->129->119->55->13->90->66->91->134->29->25->107->28->16->39->135->93->109->102->67->131->1
1->127->79->44->115->111->54->103->32->7->73->9->87->3->18->117->137->1
1->110->72->53->21->100->104->64->11->114->4->77->130->106->139->35->88->49->125->5->1
1->14->74->118->95->76->27->113->141->142->70->132->43->30->40->81->120->23->78->123->38->15->83->124->75->101->12->62->1
1->10->51->50->89->52->48->97->34->126->22->24->133->105->63->82->19->20->17->1
best solutions : 
[25559.488353360506, 24606.340353726206, 23559.912021903714, 22824.70919663841, 21672.860594447564, 21651.94870960131, 21349.164893728725, 20509.764482164333, 20509.764482164333, 20403.63810763362, 20253.27580244314, 20253.27580244314, 20131.950313115358, 20131.950313115358, 19985.00936099409, 19877.65422702337, 19653.336626244098, 19653.336626244098, 19502.05981624517, 19502.05981624517, 19502.05981624517, 19502.05981624517, 19502.05981624517, 19347.63023847055, 19347.63023847055, 19347.63023847055, 19347.63023847055, 19347.63023847055, 19347.63023847055, 19347.63023847055, 19347.63023847055, 19347.63023847055, 19347.63023847055, 19347.63023847055, 19347.63023847055, 19347.63023847055, 19347.63023847055, 19347.63023847055, 19347.63023847055, 19311.740703300733, 19311.740703300733, 19311.740703300733, 19311.740703300733, 19311.740703300733, 19311.740703300733, 19311.740703300733, 19311.740703300733, 19311.740703300733, 19311.740703300733, 19311.740703300733, 19304.33055611834, 19189.94109666154, 19189.94109666154, 19189.94109666154, 19189.94109666154, 19189.94109666154, 19189.94109666154, 19189.94109666154, 19189.94109666154, 19189.94109666154, 19189.94109666154, 19189.94109666154, 19189.94109666154, 19189.94109666154, 19189.94109666154, 19189.94109666154, 19189.94109666154, 19189.94109666154, 19189.94109666154, 19189.94109666154, 19189.94109666154, 19189.94109666154, 19189.94109666154, 19140.43007124494, 19140.43007124494, 19140.43007124494, 19140.43007124494, 19140.43007124494, 19140.43007124494, 19140.43007124494, 19140.43007124494, 19140.43007124494, 19140.43007124494, 19140.43007124494, 19140.43007124494, 19140.43007124494, 19140.43007124494, 19140.43007124494, 19140.43007124494, 19140.43007124494, 19140.43007124494, 19140.43007124494, 19140.43007124494, 19140.43007124494, 19140.43007124494, 19140.43007124494, 19140.43007124494, 19140.43007124494, 19140.43007124494, 19140.43007124494, 19140.43007124494, 19140.43007124494, 19140.43007124494, 19140.43007124494, 19140.43007124494, 19140.43007124494, 19140.43007124494, 19140.43007124494, 19140.43007124494, 19140.43007124494, 19140.43007124494, 19140.43007124494, 19140.43007124494, 19140.43007124494, 19140.43007124494, 19140.43007124494, 19140.43007124494, 19140.43007124494, 19140.43007124494, 19140.43007124494, 19140.43007124494, 19140.43007124494, 19140.43007124494, 19140.43007124494, 19140.43007124494, 19140.43007124494, 19140.43007124494, 19140.43007124494, 19140.43007124494, 19140.43007124494, 19140.43007124494, 19140.43007124494, 19140.43007124494, 19140.43007124494, 19140.43007124494, 19140.43007124494, 19140.43007124494, 19140.43007124494, 19140.43007124494, 19140.43007124494, 19140.43007124494, 19140.43007124494, 19140.43007124494, 19140.43007124494, 19140.43007124494, 19140.43007124494, 19140.057883963236, 19140.057883963236, 19140.057883963236, 19140.057883963236, 19140.057883963236, 19140.057883963236, 19140.057883963236, 19140.057883963236, 19140.057883963236, 19140.057883963236, 19140.057883963236, 19140.057883963236, 19106.56336283964, 19106.56336283964, 19106.56336283964, 19106.56336283964, 19106.56336283964, 19106.56336283964, 19106.56336283964, 19106.56336283964, 19106.56336283964, 19106.56336283964, 19098.886824608573, 19098.886824608573, 19082.000645067972, 19082.000645067972, 19082.000645067972, 19082.000645067972, 19082.000645067972, 19082.000645067972, 19082.000645067972, 19082.000645067972, 19082.000645067972, 19082.000645067972, 19082.000645067972, 19082.000645067972, 19082.000645067972, 19082.000645067972, 19082.000645067972, 19082.000645067972, 19082.000645067972, 19082.000645067972, 19082.000645067972, 19082.000645067972, 19082.000645067972, 19082.000645067972, 19082.000645067972, 19082.000645067972, 19082.000645067972, 19082.000645067972, 19082.000645067972, 19082.000645067972, 19082.000645067972, 19082.000645067972, 19082.000645067972, 19082.000645067972, 19082.000645067972, 19082.000645067972, 19082.000645067972, 19082.000645067972, 19082.000645067972, 19082.000645067972, 19082.000645067972, 19082.000645067972, 19082.000645067972, 19082.000645067972, 19082.000645067972, 19011.246747758272, 19011.246747758272, 19011.246747758272, 19011.246747758272, 19011.246747758272, 19011.246747758272, 19011.246747758272, 19011.246747758272, 19011.246747758272, 19011.246747758272, 19011.246747758272, 18977.634258179616, 18977.634258179616, 18977.634258179616, 18977.634258179616, 18977.634258179616, 18977.634258179616, 18977.634258179616, 18977.634258179616, 18967.372758286758, 18967.372758286758, 18967.372758286758, 18967.372758286758, 18967.372758286758, 18967.372758286758, 18967.372758286758, 18967.372758286758, 18967.372758286758, 18967.372758286758, 18967.372758286758, 18967.372758286758, 18967.372758286758, 18967.372758286758, 18967.372758286758, 18967.372758286758, 18967.372758286758, 18967.372758286758, 18967.372758286758, 18967.372758286758, 18967.372758286758, 18957.881568827335, 18957.881568827335, 18957.881568827335, 18957.881568827335, 18957.881568827335, 18957.881568827335, 18957.881568827335, 18957.881568827335, 18957.881568827335, 18957.881568827335, 18957.881568827335, 18956.678559951823, 18956.678559951823, 18956.678559951823, 18956.678559951823, 18912.3270626861, 18912.3270626861, 18912.3270626861, 18912.3270626861, 18912.3270626861, 18912.3270626861, 18912.3270626861, 18912.3270626861, 18912.3270626861, 18912.3270626861, 18912.3270626861, 18912.3270626861, 18912.3270626861, 18912.3270626861, 18912.3270626861, 18912.3270626861, 18912.3270626861, 18912.3270626861, 18912.3270626861, 18798.359404979234, 18798.359404979234, 18798.359404979234, 18798.359404979234, 18798.359404979234, 18798.359404979234, 18798.359404979234, 18798.359404979234, 18798.359404979234, 18798.359404979234, 18794.47014003541, 18794.47014003541, 18794.47014003541, 18794.47014003541, 18794.47014003541, 18794.47014003541, 18794.47014003541, 18794.47014003541, 18794.47014003541, 18794.47014003541, 18794.47014003541, 18794.47014003541, 18794.47014003541, 18794.47014003541, 18794.47014003541, 18794.47014003541, 18794.47014003541, 18794.47014003541, 18794.47014003541, 18794.47014003541, 18794.47014003541, 18794.47014003541, 18794.47014003541, 18794.47014003541, 18794.47014003541, 18794.47014003541, 18794.47014003541, 18794.47014003541, 18794.47014003541, 18794.47014003541, 18794.47014003541, 18794.47014003541, 18794.47014003541, 18794.47014003541, 18794.47014003541, 18794.47014003541, 18794.47014003541, 18794.47014003541, 18794.47014003541, 18794.47014003541, 18794.47014003541, 18794.47014003541, 18794.47014003541, 18794.47014003541, 18794.47014003541, 18670.978038658315, 18670.978038658315, 18670.978038658315, 18670.978038658315, 18670.978038658315, 18670.978038658315, 18670.978038658315, 18670.978038658315, 18670.978038658315, 18670.978038658315, 18670.978038658315, 18670.978038658315, 18670.978038658315, 18670.978038658315, 18670.978038658315, 18670.978038658315, 18670.978038658315, 18670.978038658315, 18670.978038658315, 18670.978038658315, 18670.978038658315, 18670.978038658315, 18670.978038658315, 18670.978038658315, 18670.978038658315, 18670.978038658315, 18670.978038658315, 18670.978038658315, 18670.978038658315, 18670.978038658315, 18670.978038658315, 18670.978038658315, 18670.978038658315, 18670.978038658315, 18670.978038658315, 18670.978038658315, 18670.978038658315, 18670.978038658315, 18670.978038658315, 18670.978038658315, 18670.978038658315, 18670.978038658315, 18670.978038658315, 18670.978038658315, 18670.978038658315, 18670.978038658315, 18670.978038658315, 18670.978038658315, 18670.978038658315, 18670.978038658315, 18670.978038658315, 18670.978038658315, 18670.978038658315, 18670.978038658315, 18670.978038658315, 18670.978038658315, 18670.978038658315, 18670.978038658315, 18670.978038658315, 18670.978038658315, 18670.978038658315, 18670.978038658315, 18670.978038658315, 18670.978038658315, 18670.978038658315, 18670.978038658315, 18670.978038658315, 18670.978038658315, 18670.978038658315, 18670.978038658315, 18670.978038658315, 18670.978038658315, 18670.978038658315, 18670.978038658315, 18670.978038658315, 18670.978038658315, 18670.978038658315, 18670.978038658315, 18670.978038658315, 18670.978038658315, 18670.978038658315, 18670.978038658315, 18670.978038658315, 18670.978038658315, 18670.978038658315, 18670.978038658315, 18670.978038658315, 18670.978038658315, 18670.978038658315, 18670.978038658315, 18670.978038658315, 18670.978038658315, 18670.978038658315, 18670.978038658315, 18670.978038658315, 18670.978038658315, 18670.978038658315, 18670.978038658315, 18670.978038658315, 18670.978038658315, 18670.978038658315, 18670.978038658315, 18670.978038658315, 18670.978038658315, 18670.978038658315, 18670.978038658315, 18670.978038658315, 18670.978038658315, 18670.978038658315, 18670.978038658315, 18670.978038658315, 18670.978038658315, 18670.978038658315, 18670.978038658315, 18670.978038658315, 18670.978038658315, 18670.978038658315, 18670.978038658315, 18670.978038658315, 18670.978038658315, 18670.978038658315, 18670.978038658315, 18670.978038658315, 18670.978038658315, 18670.978038658315, 18670.978038658315, 18670.978038658315, 18670.978038658315, 18670.978038658315, 18670.978038658315, 18670.978038658315, 18670.978038658315, 18670.978038658315, 18670.978038658315, 18670.978038658315, 18670.978038658315, 18670.978038658315, 18670.978038658315, 18670.978038658315, 18670.978038658315, 18670.978038658315, 18670.978038658315, 18670.978038658315, 18670.978038658315, 18670.978038658315, 18670.978038658315, 18670.978038658315, 18670.978038658315, 18670.978038658315, 18670.978038658315, 18670.978038658315, 18670.978038658315, 18670.978038658315, 18670.978038658315, 18670.978038658315, 18670.978038658315, 18670.978038658315, 18670.978038658315, 18670.978038658315, 18670.978038658315, 18670.978038658315, 18670.978038658315, 18670.978038658315, 18670.978038658315, 18670.978038658315, 18670.978038658315, 18670.978038658315, 18670.978038658315, 18670.978038658315, 18670.978038658315, 18670.978038658315, 18670.978038658315, 18670.978038658315, 18670.978038658315, 18670.978038658315, 18670.978038658315, 18670.978038658315, 18670.978038658315, 18670.978038658315, 18670.978038658315, 18670.978038658315, 18670.978038658315, 18670.978038658315, 18670.978038658315, 18670.978038658315, 18670.978038658315, 18670.978038658315, 18670.978038658315, 18670.978038658315, 18670.978038658315, 18670.978038658315, 18670.978038658315, 18670.978038658315, 18670.978038658315, 18670.978038658315, 18670.978038658315, 18670.978038658315, 18670.978038658315, 18670.978038658315, 18670.978038658315, 18670.978038658315, 18670.978038658315, 18670.978038658315, 18670.978038658315, 18670.978038658315, 18670.978038658315, 18670.978038658315, 18670.978038658315, 18670.978038658315, 18670.978038658315, 18670.978038658315, 18652.988418328536, 18652.988418328536, 18652.988418328536, 18652.988418328536, 18652.988418328532, 18652.988418328532, 18652.988418328532, 18652.988418328532, 18652.988418328532, 18652.988418328532, 18652.988418328532, 18652.988418328532, 18652.988418328532, 18652.988418328532, 18652.988418328532, 18652.988418328532, 18652.988418328532, 18652.988418328532, 18652.988418328532, 18652.988418328532, 18652.988418328532, 18652.988418328532, 18652.988418328532, 18634.140734218752, 18634.140734218752, 18634.140734218752, 18634.140734218752, 18634.140734218752, 18634.140734218752, 18634.140734218752, 18634.140734218752, 18634.140734218752, 18634.140734218752, 18634.140734218752, 18634.140734218752, 18634.140734218752, 18634.140734218752, 18634.140734218752, 18634.140734218752, 18634.140734218752, 18634.140734218752, 18634.140734218752, 18634.140734218752, 18634.140734218752, 18634.140734218752, 18634.140734218752, 18634.140734218752, 18573.2400271479, 18573.2400271479, 18573.2400271479, 18573.2400271479, 18573.2400271479, 18573.2400271479, 18573.2400271479, 18573.2400271479, 18573.2400271479, 18573.2400271479, 18573.2400271479, 18573.2400271479, 18573.2400271479, 18573.2400271479, 18562.397960417773, 18562.397960417773, 18562.397960417773, 18562.397960417773, 18562.397960417773, 18562.397960417773, 18562.397960417773, 18562.397960417773, 18562.397960417773, 18562.397960417773, 18562.397960417773, 18562.397960417773, 18562.397960417773, 18562.397960417773, 18562.397960417773, 18562.397960417773, 18562.397960417773, 18562.397960417773, 18562.397960417773, 18562.397960417773, 18562.397960417773, 18562.397960417773, 18562.397960417773, 18562.397960417773, 18562.397960417773, 18562.397960417773, 18562.397960417773, 18562.397960417773, 18562.397960417773, 18562.397960417773, 18562.397960417773, 18558.65996903112, 18558.65996903112, 18558.65996903112, 18558.65996903112, 18558.65996903112, 18558.65996903112, 18558.65996903112, 18558.65996903112, 18558.65996903112, 18558.65996903112, 18550.105172402247, 18550.105172402247, 18550.105172402247, 18550.105172402247, 18550.105172402247, 18550.105172402247, 18550.105172402247, 18550.105172402247, 18550.105172402247, 18550.105172402247, 18550.105172402247, 18550.105172402247, 18550.105172402247, 18550.105172402247, 18550.105172402247, 18550.105172402247, 18550.105172402247, 18550.105172402247, 18550.105172402247, 18550.105172402247, 18550.105172402247, 18550.105172402247, 18550.105172402247, 18550.105172402247, 18550.105172402247, 18550.105172402247, 18550.105172402247, 18550.105172402247, 18550.105172402247, 18550.105172402247, 18550.105172402247, 18550.105172402247, 18550.105172402247, 18550.105172402247, 18550.105172402247, 18549.11646682705, 18549.11646682705, 18549.11646682705, 18549.11646682705, 18549.11646682705, 18549.11646682705, 18549.11646682705, 18549.11646682705, 18549.11646682705, 18549.11646682705, 18549.11646682705, 18549.11646682705, 18549.11646682705, 18549.11646682705, 18549.11646682705, 18549.11646682705, 18549.11646682705, 18549.11646682705, 18549.11646682705, 18549.11646682705, 18549.11646682705, 18549.11646682705, 18549.11646682705, 18549.11646682705, 18549.11646682705, 18549.11646682705, 18549.11646682705, 18549.11646682705, 18549.11646682705, 18549.11646682705, 18549.11646682705, 18549.11646682705, 18549.11646682705, 18549.11646682705, 18549.11646682705, 18549.11646682705, 18549.11646682705, 18549.11646682705, 18549.11646682705, 18549.11646682705, 18549.11646682705, 18549.11646682705, 18549.11646682705, 18549.11646682705, 18549.11646682705, 18549.11646682705, 18549.11646682705, 18549.11646682705, 18549.11646682705, 18549.11646682705, 18549.11646682705, 18549.11646682705, 18549.11646682705, 18549.11646682705, 18549.11646682705, 18549.11646682705, 18549.11646682705, 18549.11646682705, 18549.11646682705, 18549.11646682705, 18549.11646682705, 18549.11646682705, 18549.11646682705, 18549.11646682705, 18549.11646682705, 18549.11646682705, 18549.11646682705, 18549.11646682705, 18549.11646682705, 18549.11646682705, 18537.839610781753, 18537.839610781753, 18537.839610781753, 18537.839610781753, 18537.839610781753, 18537.839610781753, 18537.839610781753, 18537.839610781753, 18537.839610781753, 18537.839610781753, 18537.839610781753, 18537.839610781753, 18537.839610781753, 18537.839610781753, 18537.839610781753, 18537.839610781753, 18537.839610781753, 18537.839610781753, 18537.839610781753, 18537.839610781753, 18537.839610781753, 18537.839610781753, 18537.839610781753, 18537.839610781753, 18537.839610781753, 18537.839610781753, 18537.839610781753, 18537.839610781753, 18537.839610781753, 18537.839610781753, 18537.839610781753, 18537.839610781753, 18537.839610781753, 18537.839610781753, 18537.839610781753, 18537.839610781753, 18537.839610781753, 18537.839610781753, 18537.839610781753, 18537.839610781753, 18537.839610781746, 18537.839610781746, 18537.839610781746, 18537.839610781746, 18537.839610781746, 18537.839610781746, 18537.839610781746, 18537.839610781746, 18537.839610781746, 18537.839610781746, 18537.839610781746, 18537.839610781746, 18537.839610781746, 18537.839610781746, 18537.839610781746, 18537.839610781746, 18537.839610781746, 18537.839610781746, 18537.839610781746, 18537.839610781746, 18537.839610781746, 18537.839610781746, 18537.839610781746, 18537.839610781746, 18537.839610781746, 18537.839610781746, 18537.839610781746, 18537.839610781746, 18537.839610781746, 18537.839610781746, 18537.839610781746, 18537.839610781746, 18537.839610781746, 18537.839610781746, 18537.839610781746, 18537.839610781746, 18537.839610781746, 18537.839610781746, 18537.839610781746, 18537.839610781746, 18537.839610781746, 18537.839610781746, 18537.839610781746, 18537.839610781746, 18537.839610781746, 18537.839610781746, 18537.839610781746, 18537.839610781746, 18537.839610781746, 18537.839610781746, 18537.839610781746, 18537.839610781746, 18537.839610781746, 18537.839610781746, 18537.839610781746, 18537.839610781746, 18537.839610781746, 18537.839610781746, 18537.839610781746, 18537.839610781746, 18537.839610781746, 18537.839610781746, 18537.839610781746, 18537.839610781746, 18537.839610781746, 18537.839610781746, 18537.839610781746, 18536.406792949398, 18536.406792949398, 18536.406792949398, 18536.406792949398, 18536.406792949398, 18536.406792949398, 18536.406792949398, 18536.406792949398, 18536.406792949398, 18536.406792949398, 18536.406792949398, 18536.406792949398, 18536.406792949398, 18536.406792949398, 18536.406792949398, 18536.406792949398, 18536.406792949398, 18536.406792949398, 18536.406792949398, 18536.406792949398, 18536.406792949398, 18536.406792949398, 18536.406792949398, 18536.406792949398, 18536.406792949398, 18536.406792949398, 18536.406792949398, 18536.406792949398, 18536.406792949398, 18536.406792949398, 18536.406792949398, 18536.406792949398, 18536.406792949398, 18536.406792949398, 18536.406792949398, 18536.406792949398, 18536.406792949398, 18536.406792949398, 18536.406792949398, 18536.406792949398, 18536.406792949398, 18536.406792949398, 18536.406792949398, 18536.406792949398, 18536.406792949398, 18536.406792949398, 18536.406792949398, 18536.406792949398, 18536.406792949398, 18536.406792949398, 18536.406792949398, 18536.406792949398, 18536.406792949398, 18536.406792949398, 18536.406792949398, 18536.406792949398, 18536.406792949398, 18536.406792949398, 18536.406792949398, 18536.406792949398, 18536.406792949398, 18536.406792949398, 18536.406792949398, 18536.406792949398, 18536.406792949398, 18536.406792949398, 18536.406792949398, 18536.406792949398, 18536.406792949398, 18536.406792949398, 18536.406792949398, 18536.406792949398, 18536.406792949398, 18536.406792949398, 18536.406792949398, 18524.62090981401, 18524.62090981401, 18524.62090981401, 18524.62090981401, 18524.62090981401, 18524.62090981401, 18524.62090981401, 18524.62090981401, 18524.62090981401, 18524.62090981401, 18524.62090981401, 18524.62090981401, 18524.62090981401, 18524.62090981401, 18524.62090981401, 18524.62090981401, 18524.62090981401, 18524.62090981401, 18524.62090981401, 18524.62090981401, 18524.62090981401, 18524.62090981401, 18524.62090981401, 18524.62090981401, 18524.62090981401, 18524.62090981401, 18524.62090981401, 18524.62090981401, 18524.62090981401, 18524.62090981401, 18524.62090981401, 18524.62090981401, 18524.62090981401, 18524.62090981401, 18524.62090981401, 18524.62090981401, 18524.62090981401, 18524.62090981401, 18524.62090981401, 18524.62090981401, 18524.62090981401, 18524.62090981401, 18524.62090981401, 18524.62090981401, 18512.508124627195, 18512.508124627195, 18512.508124627195, 18512.508124627195, 18512.508124627195, 18512.508124627195, 18512.508124627195, 18512.508124627195, 18512.508124627195, 18512.508124627195, 18512.508124627195, 18512.508124627195, 18512.508124627195, 18512.508124627195, 18512.508124627195, 18512.508124627195, 18512.508124627195, 18512.508124627195, 18512.508124627195, 18512.508124627195, 18512.508124627195, 18512.508124627195, 18512.508124627195, 18512.508124627195, 18512.508124627195, 18512.508124627195, 18512.508124627195, 18512.508124627195, 18512.508124627195, 18512.508124627195, 18512.508124627195, 18512.508124627195, 18512.508124627195, 18512.508124627195, 18512.508124627195, 18512.508124627195, 18512.508124627195, 18512.508124627195, 18512.508124627195, 18512.508124627195, 18512.508124627195, 18512.508124627195, 18512.508124627195, 18512.508124627195, 18512.508124627195, 18512.508124627195, 18512.508124627195, 18512.508124627195, 18512.508124627195, 18512.508124627195, 18512.508124627195, 18512.508124627195, 18512.508124627195, 18512.508124627195, 18512.508124627195, 18512.508124627195, 18512.508124627195, 18512.508124627195, 18512.508124627195, 18512.508124627195, 18512.508124627195, 18512.508124627195, 18512.508124627195, 18512.508124627195, 18512.508124627195, 18512.508124627195, 18512.508124627195, 18512.508124627195, 18512.508124627195, 18512.508124627195, 18512.508124627195, 18512.508124627195, 18512.508124627195, 18512.508124627195, 18505.953158403594, 18505.953158403594, 18505.953158403594, 18505.953158403594, 18505.953158403594, 18505.953158403594, 18505.953158403594, 18505.953158403594, 18505.953158403594, 18505.953158403594, 18505.953158403594, 18505.953158403594, 18505.953158403594, 18505.953158403594, 18505.953158403594, 18505.953158403594, 18505.953158403594, 18505.953158403594, 18505.953158403594, 18505.953158403594, 18505.953158403594, 18505.953158403594, 18505.953158403594, 18505.953158403594, 18505.953158403594, 18505.953158403594, 18505.953158403594, 18505.953158403594, 18505.953158403594, 18505.953158403594, 18505.953158403594, 18505.953158403594, 18505.953158403594, 18505.953158403594, 18505.953158403594, 18505.953158403594, 18505.953158403594, 18505.953158403594, 18505.953158403594, 18505.953158403594, 18505.953158403594, 18505.953158403594, 18505.953158403594, 18505.953158403594, 18505.953158403594, 18505.953158403594, 18505.953158403594, 18505.953158403594, 18505.953158403594, 18505.953158403594, 18505.953158403594, 18505.953158403594, 18505.953158403594, 18505.953158403594, 18505.953158403594, 18505.953158403594, 18505.953158403594, 18505.953158403594, 18505.953158403594, 18505.953158403594, 18505.953158403594, 18505.953158403594, 18505.953158403594, 18505.953158403594, 18505.953158403594, 18505.953158403594, 18505.953158403594, 18505.953158403594, 18505.953158403594, 18505.953158403594, 18505.953158403594, 18505.953158403594, 18505.953158403594, 18505.953158403594, 18505.953158403594, 18505.953158403594, 18505.953158403594, 18505.953158403594, 18505.953158403594, 18505.953158403594, 18505.953158403594, 18505.953158403594, 18505.953158403594, 18505.953158403594, 18505.953158403594, 18505.953158403594, 18505.953158403594, 18505.953158403594, 18505.953158403594, 18505.953158403594, 18505.953158403594, 18505.953158403594, 18505.953158403594, 18505.953158403594, 18505.953158403594, 18505.953158403594, 18505.953158403594, 18505.953158403594, 18505.953158403594, 18505.953158403594, 18505.953158403594, 18505.953158403594, 18505.953158403594, 18505.953158403594, 18505.953158403594, 18505.953158403594, 18505.953158403594, 18505.953158403594, 18505.953158403594, 18505.953158403594, 18505.953158403594, 18505.953158403594, 18505.953158403594, 18505.953158403594, 18505.953158403594, 18505.953158403594, 18505.953158403594, 18505.953158403594, 18505.953158403594, 18505.953158403594, 18505.953158403594, 18505.953158403594, 18505.953158403594, 18505.953158403594, 18505.953158403594, 18505.953158403594, 18505.953158403594, 18505.953158403594, 18505.953158403594, 18505.953158403594, 18505.953158403594, 18505.953158403594, 18505.953158403594, 18505.953158403594, 18505.953158403594, 18505.953158403594, 18505.953158403594, 18505.953158403594, 18505.953158403594, 18505.953158403594, 18505.953158403594, 18505.953158403594, 18505.953158403594, 18505.953158403594, 18505.953158403594, 18505.953158403594, 18505.953158403594, 18505.953158403594, 18505.953158403594, 18505.953158403594, 18505.953158403594, 18505.953158403594, 18505.953158403594, 18505.953158403594, 18505.953158403594, 18505.953158403594, 18505.953158403594, 18505.953158403594, 18505.953158403594, 18505.953158403594, 18505.953158403594, 18505.953158403594, 18505.953158403594, 18505.953158403594, 18505.953158403594, 18505.953158403594, 18505.953158403594, 18505.953158403594, 18505.953158403594, 18505.953158403594, 18505.953158403594, 18505.953158403594, 18505.953158403594, 18505.953158403594, 18505.953158403594, 18505.953158403594, 18505.953158403594, 18505.953158403594, 18505.953158403594, 18505.953158403594, 18505.953158403594, 18505.953158403594, 18505.953158403594, 18505.953158403594, 18505.953158403594, 18505.953158403594, 18505.953158403594, 18505.953158403594, 18505.953158403594, 18505.953158403594, 18505.953158403594, 18505.953158403594, 18505.953158403594, 18505.953158403594, 18505.953158403594, 18505.953158403594, 18505.953158403594, 18505.953158403594, 18505.953158403594, 18505.953158403594, 18505.953158403594, 18505.953158403594, 18505.953158403594, 18505.953158403594, 18505.953158403594, 18505.953158403594, 18505.953158403594, 18505.953158403594, 18505.953158403594, 18505.953158403594, 18505.953158403594, 18505.953158403594, 18505.953158403594, 18505.953158403594, 18505.953158403594, 18505.953158403594, 18505.953158403594, 18505.953158403594, 18505.953158403594, 18505.953158403594, 18505.953158403594, 18505.953158403594, 18505.953158403594, 18505.953158403594, 18505.953158403594, 18505.953158403594, 18505.953158403594, 18505.953158403594, 18505.953158403594, 18505.953158403594, 18505.953158403594, 18505.953158403594, 18505.953158403594, 18505.953158403594, 18505.953158403594, 18505.953158403594, 18505.953158403594, 18505.953158403594, 18505.953158403594, 18505.953158403594, 18505.953158403594, 18505.953158403594, 18505.953158403594, 18505.953158403594, 18505.953158403594, 18505.953158403594, 18505.953158403594, 18505.953158403594, 18505.953158403594, 18505.953158403594, 18505.953158403594, 18505.953158403594, 18505.953158403594, 18505.953158403594, 18505.953158403594, 18505.953158403594, 18505.953158403594, 18505.953158403594, 18505.953158403594, 18505.953158403594, 18505.953158403594, 18505.953158403594, 18505.953158403594, 18505.953158403594, 18505.953158403594, 18505.953158403594, 18505.953158403594, 18505.953158403594, 18505.953158403594, 18505.953158403594, 18505.953158403594, 18505.953158403594, 18505.953158403594, 18505.953158403594, 18505.953158403594, 18505.953158403594, 18505.953158403594, 18505.953158403594, 18505.953158403594, 18505.953158403594, 18505.953158403594, 18505.953158403594, 18505.953158403594, 18505.953158403594, 18505.953158403594, 18505.953158403594, 18505.953158403594, 18505.953158403594, 18505.953158403594, 18505.953158403594, 18505.953158403594, 18505.953158403594, 18505.953158403594, 18505.953158403594, 18505.953158403594, 18505.953158403594, 18505.953158403594, 18505.953158403594, 18505.953158403594, 18505.953158403594, 18505.953158403594, 18505.953158403594, 18505.953158403594, 18505.953158403594, 18505.953158403594, 18505.953158403594, 18505.953158403594, 18505.953158403594, 18505.953158403594, 18505.953158403594, 18505.953158403594, 18505.953158403594, 18505.953158403594, 18505.953158403594, 18505.953158403594, 18505.953158403594, 18505.463052193423, 18505.463052193423, 18505.463052193423, 18505.463052193423, 18505.463052193423, 18505.463052193423, 18505.463052193423, 18505.463052193423, 18505.463052193423, 18505.463052193423, 18505.463052193423, 18505.463052193423, 18505.463052193423, 18505.463052193423, 18505.463052193423, 18505.463052193423, 18505.463052193423, 18505.463052193423, 18505.463052193423, 18505.463052193423, 18505.463052193423, 18505.463052193423, 18505.463052193423, 18505.463052193423, 18505.463052193423, 18505.463052193423, 18505.463052193423, 18505.463052193423, 18505.463052193423, 18505.463052193423, 18505.463052193423, 18505.463052193423, 18505.463052193423, 18505.463052193423, 18505.463052193423, 18505.463052193423, 18505.463052193423, 18505.463052193423, 18505.463052193423, 18505.463052193423, 18505.463052193423, 18505.463052193423, 18505.463052193423, 18505.463052193423, 18505.463052193423, 18505.463052193423, 18505.463052193423, 18505.463052193423, 18505.463052193423, 18505.463052193423, 18505.463052193423, 18505.463052193423, 18505.463052193423, 18505.463052193423, 18505.463052193423, 18505.463052193423, 18505.463052193423, 18505.463052193423, 18505.463052193423, 18505.463052193423, 18505.463052193423, 18505.463052193423, 18505.463052193423, 18505.463052193423, 18505.463052193423, 18505.463052193423, 18505.463052193423, 18505.463052193423, 18505.463052193423, 18505.463052193423, 18505.463052193423, 18505.463052193423, 18505.463052193423, 18505.463052193423, 18505.463052193423, 18505.463052193423, 18505.463052193423, 18505.463052193423, 18505.463052193423, 18505.463052193423, 18505.463052193423, 18505.463052193423, 18505.463052193423, 18505.463052193423, 18505.463052193423, 18505.463052193423, 18505.463052193423, 18505.463052193423, 18505.463052193423, 18505.463052193423, 18505.463052193423, 18505.463052193423, 18505.463052193423, 18505.463052193423, 18505.463052193423, 18505.463052193423, 18505.463052193423, 18505.463052193423, 18505.463052193423, 18505.463052193423, 18505.463052193423, 18505.463052193423, 18505.463052193423, 18505.463052193423, 18505.463052193423, 18505.463052193423, 18505.463052193423, 18505.463052193423, 18505.463052193423, 18505.463052193423, 18505.463052193423, 18505.463052193423, 18505.463052193423, 18505.463052193423, 18505.463052193423, 18505.463052193423, 18505.463052193423, 18505.463052193423, 18505.463052193423, 18505.463052193423, 18505.463052193423, 18488.922718117108, 18488.922718117108, 18488.922718117108, 18488.922718117108, 18488.922718117108, 18488.922718117108, 18488.922718117108, 18488.922718117108, 18488.922718117108, 18488.922718117108, 18488.922718117108, 18488.922718117108, 18488.922718117108, 18488.922718117108, 18488.922718117108, 18488.922718117108, 18488.922718117108, 18488.922718117108, 18488.922718117108, 18488.922718117108, 18488.922718117108, 18488.922718117108, 18488.922718117108, 18488.922718117108, 18488.922718117108, 18488.922718117108, 18488.922718117108, 18488.922718117108, 18488.922718117108, 18483.431138697626, 18483.431138697626, 18483.431138697626, 18483.431138697626, 18483.431138697626, 18483.431138697626, 18483.431138697626, 18483.431138697626, 18483.431138697626, 18483.431138697626, 18483.431138697626, 18483.431138697626, 18483.431138697626, 18483.431138697626, 18483.431138697626, 18483.431138697626, 18483.431138697626, 18483.431138697626, 18483.431138697626, 18483.431138697626, 18483.431138697626, 18483.431138697626, 18483.431138697626, 18483.431138697626, 18483.431138697626, 18483.431138697626, 18483.431138697626, 18483.431138697626, 18483.431138697626, 18483.431138697626, 18483.431138697626, 18483.431138697626, 18483.431138697626, 18483.431138697626, 18483.431138697626, 18483.431138697626, 18483.431138697626, 18483.431138697626, 18483.431138697626, 18483.431138697626, 18483.431138697626, 18483.431138697626, 18475.944556642185, 18475.944556642185, 18475.944556642185, 18475.944556642185, 18475.944556642185, 18475.944556642185, 18475.944556642185, 18475.944556642185, 18475.944556642185, 18475.944556642185, 18475.944556642185, 18475.944556642185, 18475.944556642185, 18475.944556642185, 18475.944556642185, 18475.944556642185, 18475.944556642185, 18475.944556642185, 18475.944556642185, 18475.944556642185, 18475.944556642185, 18475.944556642185, 18475.944556642185, 18475.944556642185, 18475.944556642185, 18475.944556642185, 18475.944556642185, 18475.944556642185, 18475.944556642185, 18475.944556642185, 18475.944556642185, 18475.944556642185, 18475.944556642185, 18475.944556642185, 18475.944556642185, 18475.944556642185, 18475.944556642185, 18475.944556642185, 18475.944556642185, 18475.944556642185, 18475.944556642185, 18475.944556642185, 18475.944556642185, 18475.944556642185, 18475.944556642185, 18475.944556642185, 18475.944556642185, 18475.944556642185, 18475.944556642185, 18475.944556642185, 18475.944556642185, 18475.944556642185, 18475.944556642185, 18475.944556642185, 18475.944556642185, 18475.944556642185, 18475.944556642185]
Computational time : 1742.26900005