Name : Ahmed ElMousel
Problem : X-n115-k10 
Whale Algorithm 
cost : 745.547154589
Routes : 
1->68->35->47->9->8->27->1
1->5->53->28->14->55->20->15->12->54->36->1
1->18->41->40->10->33->45->4->52->1
1->46->30->6->38->21->71->61->72->37->48->49->31->76->1
1->34->74->2->44->42->43->65->23->29->63->3->69->1
1->7->17->64->24->57->50->25->19->51->26->56->32->59->1
1->13->73->11->39->66->67->60->58->16->70->62->22->75->1
best solutions : 
[809.6384923010995, 809.6384923010995, 800.0269109992751, 800.0269109992751, 800.0269109992751, 798.7645954494128, 798.7645954494128, 798.7645954494128, 796.2244764102796, 795.5693157420679, 791.6763371967918, 780.0100310550695, 775.705525592602, 775.705525592602, 775.705525592602, 775.705525592602, 775.705525592602, 762.7311282625402, 762.7311282625402, 762.7311282625402, 762.7311282625402, 760.956071180167, 760.956071180167, 760.956071180167, 760.956071180167, 760.956071180167, 760.956071180167, 760.956071180167, 760.956071180167, 760.956071180167, 760.956071180167, 760.956071180167, 760.956071180167, 760.956071180167, 760.956071180167, 760.956071180167, 760.956071180167, 760.956071180167, 760.956071180167, 760.956071180167, 760.66586328871, 760.66586328871, 760.66586328871, 757.5935681556208, 757.5935681556208, 757.5935681556208, 757.5935681556208, 757.5935681556208, 757.5935681556208, 757.5935681556208, 757.5935681556208, 757.5935681556208, 757.5935681556208, 757.5935681556208, 757.5935681556208, 757.5935681556208, 757.5935681556208, 757.5935681556208, 757.5935681556208, 757.5935681556208, 757.5935681556208, 753.0996149261422, 753.0996149261422, 753.0996149261422, 753.0996149261422, 753.0996149261422, 753.0996149261422, 753.0996149261422, 753.0996149261422, 753.0996149261422, 753.0996149261422, 753.0996149261422, 753.0996149261422, 753.0996149261422, 753.0996149261422, 753.0996149261422, 753.0996149261422, 753.0996149261422, 753.0996149261422, 753.0996149261422, 753.0996149261422, 753.0996149261422, 753.0996149261422, 753.0996149261422, 753.0996149261422, 753.0996149261422, 753.0996149261422, 753.0996149261422, 753.0996149261422, 753.0996149261422, 753.0996149261422, 753.0996149261422, 753.0996149261422, 753.0996149261422, 753.0996149261422, 753.0996149261422, 753.0996149261422, 753.0996149261422, 753.0996149261422, 753.0996149261422, 753.0996149261422, 753.0996149261422, 753.0996149261422, 753.0996149261422, 753.0996149261422, 753.0996149261422, 753.0996149261422, 753.0996149261422, 753.0996149261422, 753.0996149261422, 753.0996149261422, 753.0996149261422, 753.0996149261422, 753.0996149261422, 753.0996149261422, 753.0996149261422, 753.0996149261422, 753.0996149261422, 753.0996149261422, 753.0996149261422, 753.0996149261422, 753.0996149261422, 753.0996149261422, 753.0996149261422, 753.0996149261422, 753.0996149261422, 753.0996149261422, 753.0996149261422, 753.0996149261422, 753.0996149261422, 753.0996149261422, 753.0996149261422, 753.0996149261422, 753.0996149261422, 753.0996149261422, 753.0996149261422, 753.0996149261422, 753.0996149261422, 753.0996149261422, 753.0996149261422, 753.0996149261422, 753.0996149261422, 753.0996149261422, 753.0996149261422, 753.0996149261422, 753.0996149261422, 753.0996149261422, 753.0996149261422, 753.0996149261422, 753.0996149261422, 753.0996149261422, 753.0996149261422, 753.0996149261422, 753.0996149261422, 753.0996149261422, 753.0996149261422, 753.0996149261422, 753.0996149261422, 753.0996149261422, 753.0996149261422, 753.0996149261422, 753.0996149261422, 753.0996149261422, 753.0996149261422, 753.0996149261422, 753.0996149261422, 753.0996149261422, 753.0996149261422, 753.0996149261422, 753.0996149261422, 753.0996149261422, 753.0996149261422, 753.0996149261422, 753.0996149261422, 753.0996149261422, 753.0996149261422, 753.0996149261422, 753.0996149261422, 753.0996149261422, 753.0996149261422, 753.0996149261422, 753.0996149261422, 753.0996149261422, 753.0996149261422, 753.0996149261422, 753.0996149261422, 753.0996149261422, 753.0996149261422, 753.0996149261422, 753.0996149261422, 753.0996149261422, 753.0996149261422, 753.0996149261422, 753.0996149261422, 753.0996149261422, 753.0996149261422, 753.0996149261422, 753.0996149261422, 753.0996149261422, 753.0996149261422, 753.0996149261422, 753.0996149261422, 753.0996149261422, 753.0996149261422, 753.0996149261422, 753.0996149261422, 753.0996149261422, 753.0996149261422, 753.0996149261422, 753.0996149261422, 750.1628143646127, 750.1628143646127, 750.1628143646127, 750.1628143646127, 750.1628143646127, 750.1628143646127, 750.1628143646127, 750.1628143646127, 750.1628143646127, 750.1628143646127, 750.1628143646127, 750.1628143646127, 750.1628143646127, 750.1628143646127, 750.1628143646127, 750.1628143646127, 750.1628143646127, 750.1628143646127, 750.1628143646127, 750.1628143646127, 750.1628143646127, 750.1628143646127, 750.1628143646127, 750.1628143646127, 750.1628143646127, 750.1628143646127, 750.1628143646127, 750.1628143646127, 750.1628143646127, 750.1628143646127, 750.1628143646127, 750.1628143646127, 750.1628143646127, 750.1628143646127, 750.1628143646127, 750.1628143646127, 750.1628143646127, 750.1628143646127, 750.1628143646127, 750.1628143646127, 750.1628143646127, 750.1628143646127, 750.1628143646127, 750.1628143646127, 750.1628143646127, 750.1628143646127, 750.1628143646127, 750.1628143646127, 750.1628143646127, 750.1628143646127, 750.1628143646127, 750.1628143646127, 750.1628143646127, 750.1628143646127, 750.1628143646127, 750.1628143646127, 750.1628143646127, 750.1628143646127, 750.1628143646127, 750.1628143646127, 750.1628143646127, 750.1628143646127, 750.1628143646127, 750.1628143646127, 750.1628143646127, 750.1628143646127, 750.1628143646127, 750.1628143646127, 750.1628143646127, 750.1628143646127, 750.1628143646127, 750.1628143646127, 750.1628143646127, 750.1628143646127, 750.1628143646127, 750.1628143646127, 750.1628143646127, 750.1628143646127, 750.1628143646127, 750.1628143646127, 750.1628143646127, 750.1628143646127, 750.1628143646127, 750.1628143646127, 750.1628143646127, 750.1628143646127, 750.1628143646127, 750.1628143646127, 750.1628143646127, 750.1628143646127, 750.1628143646127, 750.1628143646127, 750.1628143646127, 750.1628143646127, 750.1628143646127, 750.1628143646127, 750.1628143646127, 750.1628143646127, 750.1628143646127, 750.1628143646127, 750.1628143646127, 750.1628143646127, 750.1628143646127, 750.1628143646127, 750.1628143646127, 750.1628143646127, 750.1628143646127, 750.1628143646127, 750.1628143646127, 750.1628143646127, 750.1628143646127, 750.1628143646127, 750.1628143646127, 750.1628143646127, 750.1628143646127, 750.1628143646127, 750.1628143646127, 750.1628143646127, 750.1628143646127, 750.1628143646127, 750.1628143646127, 750.1628143646127, 750.1628143646127, 750.1628143646127, 750.1628143646127, 750.1628143646127, 750.1628143646127, 750.1628143646127, 750.1628143646127, 750.1628143646127, 750.1628143646127, 750.1628143646127, 750.1628143646127, 750.1628143646127, 750.1628143646127, 750.1628143646127, 750.1628143646127, 750.1628143646127, 750.1628143646127, 750.1628143646127, 750.1628143646127, 750.1628143646127, 750.1628143646127, 750.1628143646127, 750.1628143646127, 750.1628143646127, 750.1628143646127, 750.1628143646127, 750.1628143646127, 750.1628143646127, 750.1628143646127, 750.1628143646127, 750.1628143646127, 750.1628143646127, 750.1628143646127, 750.1628143646127, 750.1628143646127, 750.1628143646127, 750.1628143646127, 750.1628143646127, 750.1628143646127, 750.1628143646127, 750.1628143646127, 750.1628143646127, 750.1628143646127, 750.1628143646127, 750.1628143646127, 750.1628143646127, 750.1628143646127, 750.1628143646127, 750.1628143646127, 750.1628143646127, 750.1628143646127, 750.1628143646127, 750.1628143646127, 750.1628143646127, 750.1628143646127, 750.1628143646127, 750.1628143646127, 750.1628143646127, 750.1628143646127, 750.1628143646127, 750.1628143646127, 750.1628143646127, 750.1628143646127, 750.1628143646127, 750.1628143646127, 750.1628143646127, 750.1628143646127, 750.1628143646127, 750.1628143646127, 750.1628143646127, 750.1628143646127, 750.1628143646127, 750.1628143646127, 750.1628143646127, 750.1628143646127, 750.1628143646127, 750.1628143646127, 750.1628143646127, 750.1628143646127, 750.1628143646127, 750.1628143646127, 750.1628143646127, 750.1628143646127, 750.1628143646127, 750.1628143646127, 750.1628143646127, 750.1628143646127, 750.1628143646127, 750.1628143646127, 750.1628143646127, 750.1628143646127, 750.1628143646127, 750.1628143646127, 750.1628143646127, 750.1628143646127, 750.1628143646127, 750.1628143646127, 750.1628143646127, 750.1628143646127, 750.1628143646127, 750.1628143646127, 750.1628143646127, 750.1628143646127, 750.1628143646127, 750.1628143646127, 750.1628143646127, 750.1628143646127, 750.1628143646127, 750.1628143646127, 750.1628143646127, 750.1628143646127, 750.1628143646127, 750.1628143646127, 750.1628143646127, 750.1628143646127, 750.1628143646127, 750.1628143646127, 750.1628143646127, 750.1628143646127, 750.1628143646127, 750.1628143646127, 750.1628143646127, 750.1628143646127, 750.1628143646127, 750.1628143646127, 750.1628143646127, 750.1628143646127, 750.1628143646127, 750.1628143646127, 750.1628143646127, 750.1628143646127, 750.1628143646127, 750.1628143646127, 750.1628143646127, 750.1628143646127, 750.1628143646127, 750.1628143646127, 750.1628143646127, 750.1628143646127, 750.1628143646127, 750.1628143646127, 750.1628143646127, 750.1628143646127, 750.1628143646127, 750.1628143646127, 750.1628143646127, 750.1628143646127, 750.1628143646127, 750.1628143646127, 750.1628143646127, 750.1628143646127, 750.1628143646127, 750.1628143646127, 750.1628143646127, 750.1628143646127, 750.1628143646127, 750.1628143646127, 750.1628143646127, 750.1628143646127, 750.1628143646127, 750.1628143646127, 750.1628143646127, 750.1628143646127, 750.1628143646127, 750.1628143646127, 750.1628143646127, 750.1628143646127, 750.1628143646127, 750.1628143646127, 750.1628143646127, 750.1628143646127, 750.1628143646127, 750.1628143646127, 750.1628143646127, 750.1628143646127, 750.1628143646127, 750.1628143646127, 750.1628143646127, 750.1628143646127, 750.1628143646127, 750.1628143646127, 750.1628143646127, 750.1628143646127, 750.1628143646127, 750.1628143646127, 750.1628143646127, 750.1628143646127, 750.1628143646127, 750.1628143646127, 750.1628143646127, 750.1628143646127, 750.1628143646127, 750.1628143646127, 750.1628143646127, 750.1628143646127, 750.1628143646127, 750.1628143646127, 750.1628143646127, 750.1628143646127, 750.1628143646127, 750.1628143646127, 750.1628143646127, 750.1628143646127, 750.1628143646127, 750.1628143646127, 750.1628143646127, 750.1628143646127, 750.1628143646127, 750.1628143646127, 750.1628143646127, 750.1628143646127, 750.1628143646127, 750.1628143646127, 750.1628143646127, 750.1628143646127, 750.1628143646127, 750.1628143646127, 750.1628143646127, 750.1628143646127, 750.1628143646127, 750.1628143646127, 750.1628143646127, 750.1628143646127, 750.1628143646127, 750.1628143646127, 750.1628143646127, 750.1628143646127, 750.1628143646127, 750.1628143646127, 750.1628143646127, 750.1628143646127, 750.1628143646127, 750.1628143646127, 750.1628143646127, 750.1628143646127, 750.1628143646127, 750.1628143646127, 750.1628143646127, 750.1628143646127, 750.1628143646127, 750.1628143646127, 750.1628143646127, 750.1628143646127, 750.1628143646127, 750.1628143646127, 750.1628143646127, 750.1628143646127, 750.1628143646127, 750.1628143646127, 750.1628143646127, 750.1628143646127, 750.1628143646127, 750.1628143646127, 750.1628143646127, 750.1628143646127, 750.1628143646127, 750.1628143646127, 750.1628143646127, 750.1628143646127, 750.1628143646127, 750.1628143646127, 750.1628143646127, 750.1628143646127, 750.1628143646127, 750.1628143646127, 750.1628143646127, 750.1628143646127, 750.1628143646127, 750.1628143646127, 750.1628143646127, 750.1628143646127, 750.1628143646127, 750.1628143646127, 750.1628143646127, 750.1628143646127, 750.1628143646127, 750.1628143646127, 750.1628143646127, 750.1628143646127, 750.1628143646127, 750.1628143646127, 750.1628143646127, 750.1628143646127, 750.1628143646127, 750.1628143646127, 750.1628143646127, 750.1628143646127, 750.1628143646127, 750.1628143646127, 750.1628143646127, 750.1628143646127, 750.1628143646127, 750.1628143646127, 750.1628143646127, 750.1628143646127, 750.1628143646127, 750.1628143646127, 750.1628143646127, 750.1628143646127, 750.1628143646127, 750.1628143646127, 750.1628143646127, 750.1628143646127, 750.1628143646127, 750.1628143646127, 750.1628143646127, 750.1628143646127, 750.1628143646127, 750.1628143646127, 750.1628143646127, 750.1628143646127, 750.1628143646127, 750.1628143646127, 750.1628143646127, 750.1628143646127, 750.1628143646127, 750.1628143646127, 750.1628143646127, 750.1628143646127, 750.1628143646127, 750.1628143646127, 750.1628143646127, 750.1628143646127, 750.1628143646127, 750.1628143646127, 750.1628143646127, 750.1628143646127, 750.1628143646127, 750.1628143646127, 750.1628143646127, 750.1628143646127, 750.1628143646127, 750.1628143646127, 750.1628143646127, 750.1628143646127, 750.1628143646127, 750.1628143646126, 750.1628143646126, 750.1628143646126, 750.1628143646126, 750.1628143646126, 750.1628143646126, 750.1628143646126, 750.1628143646126, 750.1628143646126, 750.1628143646126, 750.1628143646126, 750.1628143646126, 750.1628143646126, 750.1628143646126, 750.1628143646126, 750.1628143646126, 750.1628143646126, 750.1628143646126, 750.1628143646126, 750.1628143646126, 750.1628143646126, 750.1628143646126, 750.1628143646126, 750.1628143646126, 750.1628143646126, 750.1628143646126, 750.1628143646126, 750.1628143646126, 750.1628143646126, 750.1628143646126, 750.1628143646126, 750.1628143646126, 750.1628143646126, 750.1628143646126, 750.1628143646126, 750.1628143646126, 750.1628143646126, 750.1628143646126, 750.1628143646126, 750.1628143646126, 750.1628143646126, 750.1628143646126, 750.1628143646126, 750.1628143646126, 750.1628143646126, 750.1628143646126, 750.1628143646126, 750.1628143646126, 750.1628143646126, 750.1628143646126, 750.1628143646126, 750.1628143646126, 750.1628143646126, 750.1628143646126, 750.1628143646126, 750.1628143646126, 750.1628143646126, 750.1628143646126, 750.1628143646126, 750.1628143646126, 750.1628143646126, 750.1628143646126, 750.1628143646126, 750.1628143646126, 750.1628143646126, 750.1628143646126, 750.1628143646126, 750.1628143646126, 750.1628143646126, 750.1628143646126, 750.1628143646126, 750.1628143646126, 750.1628143646126, 750.1628143646126, 750.1628143646126, 750.1628143646126, 750.1628143646126, 750.1628143646126, 750.1628143646126, 750.1628143646126, 750.1628143646126, 750.1628143646126, 750.1628143646126, 750.1628143646126, 750.1628143646126, 750.1628143646126, 750.1628143646126, 750.1628143646126, 750.1628143646126, 750.1628143646126, 750.1628143646126, 750.1628143646126, 750.1628143646126, 750.1628143646126, 750.1628143646126, 750.1628143646126, 750.1628143646126, 750.1628143646126, 750.1628143646126, 750.1628143646126, 750.1628143646126, 750.1628143646126, 750.1628143646126, 750.1628143646126, 750.1628143646126, 750.1628143646126, 750.1628143646126, 750.1628143646126, 750.1628143646126, 750.1628143646126, 750.1628143646126, 750.1628143646126, 750.1628143646126, 750.1628143646126, 750.1628143646126, 750.1628143646126, 750.1628143646126, 750.1628143646126, 750.1628143646126, 750.1628143646126, 750.1628143646126, 750.1628143646126, 750.1628143646126, 750.1628143646126, 750.1628143646126, 750.1628143646126, 750.1628143646126, 750.1628143646126, 750.1628143646126, 750.1628143646126, 750.1628143646126, 750.1628143646126, 750.1628143646126, 750.1628143646126, 750.1628143646126, 750.1628143646126, 750.1628143646126, 750.1628143646126, 750.1628143646126, 750.1628143646126, 750.1628143646126, 750.1628143646126, 750.1628143646126, 750.1628143646126, 750.1628143646126, 750.1628143646126, 750.1628143646126, 750.1628143646126, 750.1628143646126, 750.1628143646126, 750.1628143646126, 750.1628143646126, 750.1628143646126, 750.1628143646126, 750.1628143646126, 750.1628143646126, 750.1628143646126, 750.1628143646126, 750.1628143646126, 750.1628143646126, 750.1628143646126, 750.1628143646126, 750.1628143646126, 750.1628143646126, 750.1628143646126, 750.1628143646126, 750.1628143646126, 750.1628143646126, 750.1628143646126, 750.1628143646126, 750.1628143646126, 750.1628143646126, 750.1628143646126, 750.1628143646126, 750.1628143646126, 750.1628143646126, 750.1628143646126, 750.1628143646126, 750.1628143646126, 750.1628143646126, 750.1628143646126, 750.1628143646126, 750.1628143646126, 750.1628143646126, 750.1628143646126, 750.1628143646126, 750.1628143646126, 750.1628143646126, 750.1628143646126, 750.1628143646126, 750.1628143646126, 750.1628143646126, 750.1628143646126, 750.1628143646126, 750.1628143646126, 750.1628143646126, 750.1628143646126, 750.1628143646126, 750.1628143646126, 750.1628143646126, 750.1628143646126, 750.1628143646126, 750.1628143646126, 750.1628143646126, 750.1628143646126, 750.1628143646126, 750.1628143646126, 750.1628143646126, 750.1628143646126, 750.1628143646126, 750.1628143646126, 750.1628143646126, 750.1628143646126, 750.1628143646126, 750.1628143646126, 750.1628143646126, 750.1628143646126, 750.1628143646126, 750.1628143646126, 750.1628143646126, 750.1628143646126, 750.1628143646126, 750.1628143646126, 750.1628143646126, 750.1628143646126, 750.1628143646126, 750.1628143646126, 750.1628143646126, 750.1628143646126, 750.1628143646126, 750.1628143646126, 750.1628143646126, 750.1628143646126, 750.1628143646126, 750.1628143646126, 750.1628143646126, 750.1628143646126, 750.1628143646126, 750.1628143646126, 750.1628143646126, 750.1628143646126, 750.1628143646126, 750.1628143646126, 750.1628143646126, 750.1628143646126, 750.1628143646126, 750.1628143646126, 750.1628143646126, 750.1628143646126, 750.1628143646126, 750.1628143646126, 750.1628143646126, 750.1628143646126, 750.1628143646126, 750.1628143646126, 750.1628143646126, 750.1628143646126, 750.1628143646126, 750.1628143646126, 750.1628143646126, 750.1628143646126, 750.1628143646126, 750.1628143646126, 750.1628143646126, 750.1628143646126, 750.1628143646126, 750.1628143646126, 750.1628143646126, 750.1628143646126, 750.1628143646126, 750.1628143646126, 750.1628143646126, 750.1628143646126, 750.1628143646126, 750.1628143646126, 750.1628143646126, 750.1628143646126, 750.1628143646126, 750.1628143646126, 750.1628143646126, 750.1628143646126, 750.1628143646126, 750.1628143646126, 750.1628143646126, 750.1628143646126, 750.1628143646126, 750.1628143646126, 750.1628143646126, 750.1628143646126, 750.1628143646126, 750.1628143646126, 750.1628143646126, 750.1628143646126, 750.1628143646126, 750.1628143646126, 750.1628143646126, 750.1628143646126, 750.1628143646126, 750.1628143646126, 750.1628143646126, 750.1628143646126, 750.1628143646126, 750.1628143646126, 750.1628143646126, 750.1628143646126, 750.1628143646126, 750.1628143646126, 750.1628143646126, 750.1628143646126, 750.1628143646126, 750.1628143646126, 750.1628143646126, 750.1628143646126, 750.1628143646126, 750.1628143646126, 750.1628143646126, 750.1628143646126, 750.1628143646126, 750.1628143646126, 750.1628143646126, 750.1628143646126, 750.1628143646126, 748.5982002715659, 748.5982002715659, 748.5982002715659, 748.5982002715659, 748.5982002715659, 748.5982002715659, 748.5982002715659, 748.5982002715659, 748.5982002715659, 748.5982002715659, 748.5982002715659, 748.5982002715659, 748.5982002715659, 748.5982002715659, 748.5982002715659, 748.5982002715659, 748.5982002715659, 748.5982002715659, 748.5982002715659, 748.5982002715659, 748.5982002715659, 748.5982002715659, 748.5982002715659, 748.5982002715659, 748.5982002715659, 748.5982002715659, 748.5982002715659, 748.5982002715659, 748.5982002715659, 748.5982002715659, 748.5982002715659, 748.5982002715659, 748.5982002715659, 748.5982002715659, 748.5982002715659, 748.5982002715659, 748.5982002715659, 748.5982002715659, 748.5982002715659, 748.5982002715659, 748.5982002715659, 748.5982002715659, 748.5982002715659, 748.5982002715659, 748.5982002715659, 748.5982002715659, 748.5982002715659, 748.5982002715659, 748.5982002715659, 748.5982002715659, 748.5982002715659, 748.5982002715659, 748.5982002715659, 748.5982002715659, 748.5982002715659, 748.5982002715659, 748.5982002715659, 748.5982002715659, 748.5982002715659, 748.5982002715659, 748.5982002715659, 748.5982002715659, 748.5982002715659, 748.5982002715659, 748.5982002715659, 748.5982002715659, 748.5982002715659, 748.5982002715659, 748.5982002715659, 748.5982002715659, 748.5982002715659, 748.5982002715659, 748.5982002715659, 748.5982002715659, 748.5982002715659, 748.5982002715659, 748.5982002715659, 748.5982002715659, 748.5982002715659, 748.5982002715659, 748.5982002715659, 748.5982002715659, 748.5982002715659, 748.5982002715659, 748.5982002715659, 748.5982002715659, 748.5982002715659, 748.5982002715659, 748.5982002715659, 748.5982002715659, 748.5982002715659, 748.5982002715659, 748.5982002715659, 748.5982002715659, 748.5982002715659, 748.5982002715659, 748.5982002715659, 748.5982002715659, 748.5982002715659, 748.5982002715659, 748.5982002715659, 748.5982002715659, 748.5982002715659, 748.5982002715659, 748.5982002715659, 748.5982002715659, 748.5982002715659, 748.5982002715659, 748.5982002715659, 748.5982002715659, 748.5982002715659, 748.5982002715659, 748.5982002715659, 748.5982002715659, 748.5982002715659, 748.5982002715659, 748.5982002715659, 748.5982002715659, 748.5982002715659, 748.5982002715659, 748.5982002715659, 748.5982002715659, 748.5982002715659, 748.5982002715659, 748.5982002715659, 748.5982002715659, 748.5982002715659, 748.5982002715659, 748.5982002715659, 748.5982002715659, 748.5982002715659, 748.5982002715659, 748.5982002715659, 748.5982002715659, 748.5982002715659, 748.5982002715659, 748.5982002715659, 748.5982002715659, 748.5982002715659, 748.5982002715659, 748.5982002715659, 748.5982002715659, 748.5982002715659, 748.5982002715659, 748.5982002715659, 748.5982002715659, 748.5982002715659, 748.5982002715659, 748.5982002715659, 748.5982002715659, 748.5982002715659, 748.5982002715659, 748.5982002715659, 748.5982002715659, 748.5982002715659, 748.5982002715659, 748.5982002715659, 748.5982002715659, 748.5982002715659, 748.5982002715659, 748.5982002715659, 748.5982002715659, 748.5982002715659, 748.5982002715659, 748.5982002715659, 748.5982002715659, 748.5982002715659, 748.5982002715659, 748.5982002715659, 748.5982002715659, 748.5982002715659, 748.5982002715659, 748.5982002715659, 748.5982002715659, 748.5982002715659, 748.5982002715659, 748.5982002715659, 748.5982002715659, 748.5982002715659, 748.5982002715659, 748.5982002715659, 748.5982002715659, 748.5982002715659, 748.5982002715659, 748.5982002715659, 748.5982002715659, 748.5982002715659, 748.5982002715659, 748.5982002715659, 748.5982002715659, 748.5982002715659, 748.5982002715659, 748.5982002715659, 748.5982002715659, 748.5982002715659, 748.5982002715659, 748.5982002715659, 748.5982002715659, 748.5982002715659, 748.5982002715659, 748.5982002715659, 748.5982002715659, 748.5982002715659, 748.5982002715659, 748.5982002715659, 748.5982002715659, 748.5982002715659, 748.5982002715659, 748.5982002715659, 748.5982002715659, 748.5982002715659, 748.5982002715659, 748.5982002715659, 748.5982002715659, 748.5982002715659, 748.5982002715659, 748.5982002715659, 748.5982002715659, 748.5982002715659, 748.5982002715659, 748.5982002715659, 748.5982002715659, 748.5982002715659, 748.5982002715659, 748.5982002715659, 748.5982002715659, 748.5982002715659, 748.5982002715659, 748.5982002715659, 748.5982002715659, 748.5982002715659, 748.5982002715659, 748.5982002715659, 748.5982002715659, 748.5982002715659, 748.5982002715659, 748.5982002715659, 748.5982002715659, 748.5982002715659, 748.5982002715659, 748.5982002715659, 748.5982002715659, 748.5982002715659, 748.5982002715659, 748.5982002715659, 748.5982002715659, 748.5982002715659, 748.5982002715659, 748.5982002715659, 748.5982002715659, 748.5982002715659, 748.5982002715659, 748.5982002715659, 748.5982002715659, 748.5982002715659, 748.5982002715659, 748.5982002715659, 748.5982002715659, 748.5982002715659, 748.5982002715659, 748.5982002715659, 748.5982002715659, 748.5982002715659, 748.5982002715659, 748.5982002715659, 748.5982002715659, 748.5982002715659, 748.5982002715659, 748.5982002715659, 748.5982002715659, 748.5982002715659, 748.5982002715659, 748.5982002715659, 748.5982002715659, 748.5982002715659, 748.5982002715659, 748.5982002715659, 748.5982002715659, 748.5982002715659, 748.5982002715659, 748.5982002715659, 748.5982002715659, 748.5982002715659, 748.5982002715659, 748.5982002715659, 748.5982002715659, 748.5982002715659, 748.5982002715659, 748.5982002715659, 748.5982002715659, 748.5982002715659, 748.5982002715659, 748.5982002715659, 748.5982002715659, 748.5982002715659, 748.5982002715659, 748.5982002715659, 748.5982002715659, 748.5982002715659, 748.5982002715659, 748.5982002715659, 748.5982002715659, 748.5982002715659, 748.5982002715659, 748.5982002715659, 748.5982002715659, 748.5982002715659, 748.5982002715659, 748.5982002715659, 748.5982002715659, 748.5982002715659, 748.5982002715659, 748.5982002715659, 748.5982002715659, 748.5982002715659, 748.5982002715659, 748.5982002715659, 748.5982002715659, 748.5982002715659, 748.5982002715659, 748.5982002715659, 748.5982002715659, 748.5982002715659, 748.5982002715659, 748.5982002715659, 748.5982002715659, 748.5982002715659, 748.5982002715659, 748.5982002715659, 748.5982002715659, 748.5982002715659, 748.5982002715659, 748.5982002715659, 748.5982002715659, 748.5982002715659, 748.5982002715659, 748.5982002715659, 748.5982002715659, 748.5982002715659, 748.5982002715659, 748.5982002715659, 748.5982002715659, 748.5982002715659, 748.5982002715659, 748.5982002715659, 748.5982002715659, 748.5982002715659, 748.5982002715659, 748.5982002715659, 748.5982002715659, 748.5982002715659, 748.5982002715659, 748.5982002715659, 748.5982002715659, 748.5982002715659, 748.5982002715659, 748.5982002715659, 748.5982002715659, 748.5982002715659, 748.5982002715659, 748.5982002715659, 748.5982002715659, 748.5982002715659, 748.5982002715659, 748.5982002715659, 748.5982002715659, 748.5982002715659, 748.5982002715659, 748.5982002715659, 748.5982002715659, 748.5982002715659, 748.5982002715659, 748.5982002715659, 748.5982002715659, 748.5982002715659, 748.5982002715659, 748.5982002715659, 748.5982002715659, 748.5982002715659, 748.5982002715659, 748.5982002715659, 748.5982002715659, 748.5982002715659, 748.5982002715659, 748.5982002715659, 748.5982002715659, 748.5982002715659, 748.5982002715659, 748.5982002715659, 748.5982002715659, 748.5982002715659, 748.5982002715659, 748.5982002715659, 748.5982002715659, 748.5982002715659, 748.5982002715659, 748.5982002715659, 748.5982002715659, 748.5982002715659, 748.5982002715659, 748.5982002715659, 748.5982002715659, 748.5982002715659, 748.5982002715659, 748.5982002715659, 748.5982002715659, 748.5982002715659, 748.5982002715659, 748.5982002715659, 748.5982002715659, 748.5982002715659, 748.5982002715659, 748.5982002715659, 748.5982002715659, 748.5982002715659, 745.5471545889693, 745.5471545889693, 745.5471545889693, 745.5471545889693, 745.5471545889693, 745.5471545889693, 745.5471545889693, 745.5471545889693, 745.5471545889693, 745.5471545889693, 745.5471545889693, 745.5471545889693, 745.5471545889693, 745.5471545889693, 745.5471545889693, 745.5471545889693, 745.5471545889693, 745.5471545889693, 745.5471545889693, 745.5471545889693, 745.5471545889693, 745.5471545889693, 745.5471545889693, 745.5471545889693, 745.5471545889693, 745.5471545889693, 745.5471545889693, 745.5471545889693, 745.5471545889693, 745.5471545889693, 745.5471545889693, 745.5471545889693, 745.5471545889693, 745.5471545889693, 745.5471545889693, 745.5471545889693, 745.5471545889693, 745.5471545889693, 745.5471545889693, 745.5471545889693, 745.5471545889693, 745.5471545889693, 745.5471545889693, 745.5471545889693, 745.5471545889693, 745.5471545889693, 745.5471545889693, 745.5471545889693, 745.5471545889693, 745.5471545889693, 745.5471545889693, 745.5471545889693, 745.5471545889693, 745.5471545889693, 745.5471545889693, 745.5471545889693, 745.5471545889693, 745.5471545889693, 745.5471545889693, 745.5471545889693, 745.5471545889693, 745.5471545889693, 745.5471545889693, 745.5471545889693, 745.5471545889693, 745.5471545889693, 745.5471545889693, 745.5471545889693, 745.5471545889693, 745.5471545889693, 745.5471545889693, 745.5471545889693, 745.5471545889693, 745.5471545889693, 745.5471545889693, 745.5471545889693, 745.5471545889693, 745.5471545889693, 745.5471545889693, 745.5471545889693, 745.5471545889693, 745.5471545889693, 745.5471545889693, 745.5471545889693, 745.5471545889693, 745.5471545889693, 745.5471545889693, 745.5471545889693, 745.5471545889693, 745.5471545889693, 745.5471545889693, 745.5471545889693, 745.5471545889693, 745.5471545889693, 745.5471545889693, 745.5471545889693, 745.5471545889693, 745.5471545889693, 745.5471545889693, 745.5471545889693, 745.5471545889693, 745.5471545889693, 745.5471545889693, 745.5471545889693, 745.5471545889693, 745.5471545889693, 745.5471545889693, 745.5471545889693, 745.5471545889693, 745.5471545889693, 745.5471545889693, 745.5471545889693, 745.5471545889693, 745.5471545889693, 745.5471545889693, 745.5471545889693, 745.5471545889693, 745.5471545889693, 745.5471545889693, 745.5471545889693, 745.5471545889693, 745.5471545889693, 745.5471545889693, 745.5471545889693, 745.5471545889693, 745.5471545889693, 745.5471545889693, 745.5471545889693, 745.5471545889693, 745.5471545889693, 745.5471545889693, 745.5471545889693, 745.5471545889693, 745.5471545889693, 745.5471545889693, 745.5471545889693, 745.5471545889693, 745.5471545889693, 745.5471545889693, 745.5471545889693, 745.5471545889693, 745.5471545889693, 745.5471545889693, 745.5471545889693, 745.5471545889693, 745.5471545889693, 745.5471545889693, 745.5471545889693, 745.5471545889693, 745.5471545889693, 745.5471545889693, 745.5471545889693, 745.5471545889693, 745.5471545889693, 745.5471545889693, 745.5471545889693, 745.5471545889693, 745.5471545889693, 745.5471545889693, 745.5471545889693, 745.5471545889693, 745.5471545889693, 745.5471545889693, 745.5471545889693, 745.5471545889693, 745.5471545889693, 745.5471545889693, 745.5471545889693, 745.5471545889693, 745.5471545889693, 745.5471545889693, 745.5471545889693, 745.5471545889693, 745.5471545889693, 745.5471545889693, 745.5471545889693, 745.5471545889693, 745.5471545889693, 745.5471545889693, 745.5471545889693, 745.5471545889693, 745.5471545889693, 745.5471545889693, 745.5471545889693, 745.5471545889693, 745.5471545889693, 745.5471545889693, 745.5471545889693, 745.5471545889693, 745.5471545889693, 745.5471545889693, 745.5471545889693, 745.5471545889693, 745.5471545889693, 745.5471545889693, 745.5471545889693, 745.5471545889693, 745.5471545889693, 745.5471545889693, 745.5471545889693, 745.5471545889693, 745.5471545889693, 745.5471545889693, 745.5471545889693, 745.5471545889693, 745.5471545889693, 745.5471545889693, 745.5471545889693, 745.5471545889693, 745.5471545889693, 745.5471545889693, 745.5471545889693, 745.5471545889693, 745.5471545889693, 745.5471545889693, 745.5471545889693, 745.5471545889693, 745.5471545889693, 745.5471545889693, 745.5471545889693, 745.5471545889693, 745.5471545889693, 745.5471545889693, 745.5471545889693, 745.5471545889693, 745.5471545889693, 745.5471545889693, 745.5471545889693, 745.5471545889693, 745.5471545889693, 745.5471545889693, 745.5471545889693, 745.5471545889693, 745.5471545889693, 745.5471545889693, 745.5471545889693, 745.5471545889693, 745.5471545889693, 745.5471545889693, 745.5471545889693, 745.5471545889693, 745.5471545889693, 745.5471545889693, 745.5471545889693, 745.5471545889693, 745.5471545889693, 745.5471545889693, 745.5471545889693, 745.5471545889693, 745.5471545889693, 745.5471545889693, 745.5471545889693, 745.5471545889693, 745.5471545889693, 745.5471545889693, 745.5471545889693, 745.5471545889693, 745.5471545889693, 745.5471545889693, 745.5471545889693, 745.5471545889693, 745.5471545889693, 745.5471545889693, 745.5471545889693, 745.5471545889693, 745.5471545889693, 745.5471545889693, 745.5471545889693, 745.5471545889693, 745.5471545889693, 745.5471545889693, 745.5471545889693, 745.5471545889693, 745.5471545889693, 745.5471545889693, 745.5471545889693, 745.5471545889693, 745.5471545889693, 745.5471545889693, 745.5471545889693, 745.5471545889693, 745.5471545889693, 745.5471545889693, 745.5471545889693, 745.5471545889693, 745.5471545889693, 745.5471545889693, 745.5471545889693, 745.5471545889693, 745.5471545889693, 745.5471545889693, 745.5471545889693, 745.5471545889693, 745.5471545889693, 745.5471545889693, 745.5471545889693, 745.5471545889693, 745.5471545889693, 745.5471545889693, 745.5471545889693, 745.5471545889693, 745.5471545889693, 745.5471545889693, 745.5471545889693, 745.5471545889693, 745.5471545889693, 745.5471545889693, 745.5471545889693, 745.5471545889693, 745.5471545889693, 745.5471545889693, 745.5471545889693, 745.5471545889693, 745.5471545889693, 745.5471545889693, 745.5471545889693, 745.5471545889693, 745.5471545889693, 745.5471545889693, 745.5471545889693, 745.5471545889693, 745.5471545889693, 745.5471545889693, 745.5471545889693, 745.5471545889693, 745.5471545889693, 745.5471545889693, 745.5471545889693, 745.5471545889693, 745.5471545889693, 745.5471545889693, 745.5471545889693, 745.5471545889693, 745.5471545889693, 745.5471545889693, 745.5471545889693, 745.5471545889693, 745.5471545889693, 745.5471545889693, 745.5471545889693, 745.5471545889693, 745.5471545889693, 745.5471545889693, 745.5471545889693, 745.5471545889693, 745.5471545889693, 745.5471545889693, 745.5471545889693, 745.5471545889693, 745.5471545889693, 745.5471545889693, 745.5471545889693, 745.5471545889693, 745.5471545889693, 745.5471545889693, 745.5471545889693, 745.5471545889693, 745.5471545889693, 745.5471545889693, 745.5471545889693, 745.5471545889693, 745.5471545889693, 745.5471545889693, 745.5471545889693, 745.5471545889693, 745.5471545889693, 745.5471545889693, 745.5471545889693, 745.5471545889693, 745.5471545889693, 745.5471545889693, 745.5471545889693, 745.5471545889693, 745.5471545889693, 745.5471545889693, 745.5471545889693, 745.5471545889693, 745.5471545889693, 745.5471545889693, 745.5471545889693, 745.5471545889693, 745.5471545889693, 745.5471545889693, 745.5471545889693, 745.5471545889693, 745.5471545889693, 745.5471545889693, 745.5471545889693, 745.5471545889693, 745.5471545889693, 745.5471545889693, 745.5471545889693, 745.5471545889693, 745.5471545889693, 745.5471545889693, 745.5471545889693, 745.5471545889693, 745.5471545889693, 745.5471545889693, 745.5471545889693, 745.5471545889693, 745.5471545889693, 745.5471545889693, 745.5471545889693, 745.5471545889693, 745.5471545889693, 745.5471545889693, 745.5471545889693, 745.5471545889693, 745.5471545889693, 745.5471545889693, 745.5471545889693, 745.5471545889693, 745.5471545889693, 745.5471545889693, 745.5471545889693, 745.5471545889693, 745.5471545889693, 745.5471545889693, 745.5471545889693, 745.5471545889693, 745.5471545889693, 745.5471545889693, 745.5471545889693, 745.5471545889693, 745.5471545889693, 745.5471545889693, 745.5471545889693, 745.5471545889693, 745.5471545889693, 745.5471545889693, 745.5471545889693, 745.5471545889693, 745.5471545889693, 745.5471545889693, 745.5471545889693, 745.5471545889693, 745.5471545889693, 745.5471545889693, 745.5471545889693, 745.5471545889693, 745.5471545889693, 745.5471545889693, 745.5471545889693, 745.5471545889693, 745.5471545889693, 745.5471545889693, 745.5471545889693, 745.5471545889693, 745.5471545889693, 745.5471545889693, 745.5471545889693, 745.5471545889693, 745.5471545889693, 745.5471545889693, 745.5471545889693, 745.5471545889693, 745.5471545889693, 745.5471545889693, 745.5471545889693, 745.5471545889693, 745.5471545889693, 745.5471545889693, 745.5471545889693, 745.5471545889693, 745.5471545889693, 745.5471545889693, 745.5471545889693, 745.5471545889693, 745.5471545889693, 745.5471545889693, 745.5471545889693, 745.5471545889693, 745.5471545889693, 745.5471545889693, 745.5471545889693, 745.5471545889693, 745.5471545889693, 745.5471545889693, 745.5471545889693, 745.5471545889693, 745.5471545889693, 745.5471545889693, 745.5471545889693, 745.5471545889693, 745.5471545889693, 745.5471545889693, 745.5471545889693, 745.5471545889693, 745.5471545889693, 745.5471545889693, 745.5471545889693, 745.5471545889693, 745.5471545889693, 745.5471545889693, 745.5471545889693, 745.5471545889693, 745.5471545889693, 745.5471545889693, 745.5471545889693, 745.5471545889693, 745.5471545889693, 745.5471545889693, 745.5471545889693, 745.5471545889693, 745.5471545889693, 745.5471545889693, 745.5471545889693, 745.5471545889693, 745.5471545889693, 745.5471545889693, 745.5471545889693, 745.5471545889693, 745.5471545889693, 745.5471545889693, 745.5471545889693, 745.5471545889693, 745.5471545889693, 745.5471545889693, 745.5471545889693, 745.5471545889693, 745.5471545889693, 745.5471545889693, 745.5471545889693, 745.5471545889693, 745.5471545889693, 745.5471545889693, 745.5471545889693, 745.5471545889693, 745.5471545889693, 745.5471545889693, 745.5471545889693, 745.5471545889693, 745.5471545889693, 745.5471545889693]
Computational time : 215.322999954