Name : Ahmed ElMousel
Problem : X-n190-k8 
Whale Algorithm 
cost : 1126.13430569
Routes : 
1->37->36->45->19->1
1->13->6->2->32->44->24->1
1->15->18->17->48->42->1
1->41->46->10->25->5->14->31->22->30->29->1
1->7->23->39->26->20->38->33->1
1->8->4->21->27->40->9->16->28->1
1->3->11->34->47->12->43->35->1
best solutions : 
[1156.6367468268552, 1156.6367468268552, 1156.6367468268552, 1156.6367468268552, 1156.6367468268552, 1156.6367468268552, 1153.3121647595142, 1153.3121647595142, 1153.3121647595142, 1153.3121647595142, 1153.3121647595142, 1153.3121647595142, 1152.0385278895549, 1151.1793238702685, 1151.1793238702685, 1151.1793238702685, 1147.5925798151095, 1147.5925798151095, 1145.68982015222, 1145.68982015222, 1145.68982015222, 1145.68982015222, 1145.68982015222, 1145.68982015222, 1140.31547600846, 1140.31547600846, 1140.31547600846, 1140.31547600846, 1140.31547600846, 1140.31547600846, 1140.31547600846, 1140.31547600846, 1140.31547600846, 1140.31547600846, 1140.31547600846, 1131.769916899402, 1131.769916899402, 1131.769916899402, 1131.769916899402, 1128.8183418197873, 1128.8183418197873, 1128.8183418197873, 1128.8183418197873, 1128.8183418197873, 1128.8183418197873, 1128.8183418197873, 1128.8183418197873, 1128.8183418197873, 1127.843261175082, 1127.843261175082, 1127.843261175082, 1127.843261175082, 1127.843261175082, 1127.843261175082, 1127.843261175082, 1127.843261175082, 1127.843261175082, 1127.843261175082, 1127.843261175082, 1127.843261175082, 1127.843261175082, 1127.843261175082, 1127.843261175082, 1127.843261175082, 1127.843261175082, 1127.843261175082, 1127.843261175082, 1127.843261175082, 1127.843261175082, 1127.843261175082, 1127.843261175082, 1127.843261175082, 1127.843261175082, 1127.843261175082, 1127.843261175082, 1127.843261175082, 1127.843261175082, 1127.843261175082, 1127.843261175082, 1127.843261175082, 1127.843261175082, 1127.843261175082, 1127.843261175082, 1127.843261175082, 1127.843261175082, 1127.843261175082, 1127.843261175082, 1127.843261175082, 1126.134305687597, 1126.134305687597, 1126.134305687597, 1126.134305687597, 1126.134305687597, 1126.134305687597, 1126.134305687597, 1126.134305687597, 1126.134305687597, 1126.134305687597, 1126.134305687597, 1126.134305687597, 1126.134305687597, 1126.134305687597, 1126.134305687597, 1126.134305687597, 1126.134305687597, 1126.134305687597, 1126.134305687597, 1126.134305687597, 1126.134305687597, 1126.134305687597, 1126.134305687597, 1126.134305687597, 1126.134305687597, 1126.134305687597, 1126.134305687597, 1126.134305687597, 1126.134305687597, 1126.134305687597, 1126.134305687597, 1126.134305687597, 1126.134305687597, 1126.134305687597, 1126.134305687597, 1126.134305687597, 1126.134305687597, 1126.134305687597, 1126.134305687597, 1126.134305687597, 1126.134305687597, 1126.134305687597, 1126.134305687597, 1126.134305687597, 1126.134305687597, 1126.134305687597, 1126.134305687597, 1126.134305687597, 1126.134305687597, 1126.134305687597, 1126.134305687597, 1126.134305687597, 1126.134305687597, 1126.134305687597, 1126.134305687597, 1126.134305687597, 1126.134305687597, 1126.134305687597, 1126.134305687597, 1126.134305687597, 1126.134305687597, 1126.134305687597, 1126.134305687597, 1126.134305687597, 1126.134305687597, 1126.134305687597, 1126.134305687597, 1126.134305687597, 1126.134305687597, 1126.134305687597, 1126.134305687597, 1126.134305687597, 1126.134305687597, 1126.134305687597, 1126.134305687597, 1126.134305687597, 1126.134305687597, 1126.134305687597, 1126.134305687597, 1126.134305687597, 1126.134305687597, 1126.134305687597, 1126.134305687597, 1126.134305687597, 1126.134305687597, 1126.134305687597, 1126.134305687597, 1126.134305687597, 1126.134305687597, 1126.134305687597, 1126.134305687597, 1126.134305687597, 1126.134305687597, 1126.134305687597, 1126.134305687597, 1126.134305687597, 1126.134305687597, 1126.134305687597, 1126.134305687597, 1126.134305687597, 1126.134305687597, 1126.134305687597, 1126.134305687597, 1126.134305687597, 1126.134305687597, 1126.134305687597, 1126.134305687597, 1126.134305687597, 1126.134305687597, 1126.134305687597, 1126.134305687597, 1126.134305687597, 1126.134305687597, 1126.134305687597, 1126.134305687597, 1126.134305687597, 1126.134305687597, 1126.134305687597, 1126.134305687597, 1126.134305687597, 1126.134305687597, 1126.134305687597, 1126.134305687597, 1126.134305687597, 1126.134305687597, 1126.134305687597, 1126.134305687597, 1126.134305687597, 1126.134305687597, 1126.134305687597, 1126.134305687597, 1126.134305687597, 1126.134305687597, 1126.134305687597, 1126.134305687597, 1126.134305687597, 1126.134305687597, 1126.134305687597, 1126.134305687597, 1126.134305687597, 1126.134305687597, 1126.134305687597, 1126.134305687597, 1126.134305687597, 1126.134305687597, 1126.134305687597, 1126.134305687597, 1126.134305687597, 1126.134305687597, 1126.134305687597, 1126.134305687597, 1126.134305687597, 1126.134305687597, 1126.134305687597, 1126.134305687597, 1126.134305687597, 1126.134305687597, 1126.134305687597, 1126.134305687597, 1126.134305687597, 1126.134305687597, 1126.134305687597, 1126.134305687597, 1126.134305687597, 1126.134305687597, 1126.134305687597, 1126.134305687597, 1126.134305687597, 1126.134305687597, 1126.134305687597, 1126.134305687597, 1126.134305687597, 1126.134305687597, 1126.134305687597, 1126.134305687597, 1126.134305687597, 1126.134305687597, 1126.134305687597, 1126.134305687597, 1126.134305687597, 1126.134305687597, 1126.134305687597, 1126.134305687597, 1126.134305687597, 1126.134305687597, 1126.134305687597, 1126.134305687597, 1126.134305687597, 1126.134305687597, 1126.134305687597, 1126.134305687597, 1126.134305687597, 1126.134305687597, 1126.134305687597, 1126.134305687597, 1126.134305687597, 1126.134305687597, 1126.134305687597, 1126.134305687597, 1126.134305687597, 1126.134305687597, 1126.134305687597, 1126.134305687597, 1126.134305687597, 1126.134305687597, 1126.134305687597, 1126.134305687597, 1126.134305687597, 1126.134305687597, 1126.134305687597, 1126.134305687597, 1126.134305687597, 1126.134305687597, 1126.134305687597, 1126.134305687597, 1126.134305687597, 1126.134305687597, 1126.134305687597, 1126.134305687597, 1126.134305687597, 1126.134305687597, 1126.134305687597, 1126.134305687597, 1126.134305687597, 1126.134305687597, 1126.134305687597, 1126.134305687597, 1126.134305687597, 1126.134305687597, 1126.134305687597, 1126.134305687597, 1126.134305687597, 1126.134305687597, 1126.134305687597, 1126.134305687597, 1126.134305687597, 1126.134305687597, 1126.134305687597, 1126.134305687597, 1126.134305687597, 1126.134305687597, 1126.134305687597, 1126.134305687597, 1126.134305687597, 1126.134305687597, 1126.134305687597, 1126.134305687597, 1126.134305687597, 1126.134305687597, 1126.134305687597, 1126.134305687597, 1126.134305687597, 1126.134305687597, 1126.134305687597, 1126.134305687597, 1126.134305687597, 1126.134305687597, 1126.134305687597, 1126.134305687597, 1126.134305687597, 1126.134305687597, 1126.134305687597, 1126.134305687597, 1126.134305687597, 1126.134305687597, 1126.134305687597, 1126.134305687597, 1126.134305687597, 1126.134305687597, 1126.134305687597, 1126.134305687597, 1126.134305687597, 1126.134305687597, 1126.134305687597, 1126.134305687597, 1126.134305687597, 1126.134305687597, 1126.134305687597, 1126.134305687597, 1126.134305687597, 1126.134305687597, 1126.134305687597, 1126.134305687597, 1126.134305687597, 1126.134305687597, 1126.134305687597, 1126.134305687597, 1126.134305687597, 1126.134305687597, 1126.134305687597, 1126.134305687597, 1126.134305687597, 1126.134305687597, 1126.134305687597, 1126.134305687597, 1126.134305687597, 1126.134305687597, 1126.134305687597, 1126.134305687597, 1126.134305687597, 1126.134305687597, 1126.134305687597, 1126.134305687597, 1126.134305687597, 1126.134305687597, 1126.134305687597, 1126.134305687597, 1126.134305687597, 1126.134305687597, 1126.134305687597, 1126.134305687597, 1126.134305687597, 1126.134305687597, 1126.134305687597, 1126.134305687597, 1126.134305687597, 1126.134305687597, 1126.134305687597, 1126.134305687597, 1126.134305687597, 1126.134305687597, 1126.134305687597, 1126.134305687597, 1126.134305687597, 1126.134305687597, 1126.134305687597, 1126.134305687597, 1126.134305687597, 1126.134305687597, 1126.134305687597, 1126.134305687597, 1126.134305687597, 1126.134305687597, 1126.134305687597, 1126.134305687597, 1126.134305687597, 1126.134305687597, 1126.134305687597, 1126.134305687597, 1126.134305687597, 1126.134305687597, 1126.134305687597, 1126.134305687597, 1126.134305687597, 1126.134305687597, 1126.134305687597, 1126.134305687597, 1126.134305687597, 1126.134305687597, 1126.134305687597, 1126.134305687597, 1126.134305687597, 1126.134305687597, 1126.134305687597, 1126.134305687597, 1126.134305687597, 1126.134305687597, 1126.134305687597, 1126.134305687597, 1126.134305687597, 1126.134305687597, 1126.134305687597, 1126.134305687597, 1126.134305687597, 1126.134305687597, 1126.134305687597, 1126.134305687597, 1126.134305687597, 1126.134305687597, 1126.134305687597, 1126.134305687597, 1126.134305687597, 1126.134305687597, 1126.134305687597, 1126.134305687597, 1126.134305687597, 1126.134305687597, 1126.134305687597, 1126.134305687597, 1126.134305687597, 1126.134305687597, 1126.134305687597, 1126.134305687597, 1126.134305687597, 1126.134305687597, 1126.134305687597, 1126.134305687597, 1126.134305687597, 1126.134305687597, 1126.134305687597, 1126.134305687597, 1126.134305687597, 1126.134305687597, 1126.134305687597, 1126.134305687597, 1126.134305687597, 1126.134305687597, 1126.134305687597, 1126.134305687597, 1126.134305687597, 1126.134305687597, 1126.134305687597, 1126.134305687597, 1126.134305687597, 1126.134305687597, 1126.134305687597, 1126.134305687597, 1126.134305687597, 1126.134305687597, 1126.134305687597, 1126.134305687597, 1126.134305687597, 1126.134305687597, 1126.134305687597, 1126.134305687597, 1126.134305687597, 1126.134305687597, 1126.134305687597, 1126.134305687597, 1126.134305687597, 1126.134305687597, 1126.134305687597, 1126.134305687597, 1126.134305687597, 1126.134305687597, 1126.134305687597, 1126.134305687597, 1126.134305687597, 1126.134305687597, 1126.134305687597, 1126.134305687597, 1126.134305687597, 1126.134305687597, 1126.134305687597, 1126.134305687597, 1126.134305687597, 1126.134305687597, 1126.134305687597, 1126.134305687597]
Computational time : 49.7200000286