Name : Ahmed ElMousel
Problem : X-n190-k8 
Whale Algorithm 
cost : 15757.0484736
Routes : 
1->92->6->47->90->39->109->4->1
1->50->20->59->13->42->69->55->51->53->1
1->72->81->3->44->94->31->70->110->1
1->15->2->91->71->17->33->80->1
1->19->26->104->103->10->34->102->5->25->85->1
1->9->41->48->49->58->14->24->1
1->7->78->12->86->52->68->107->35->46->1
1->40->29->32->18->28->66->37->100->1
1->65->105->61->62->23->84->77->56->57->1
1->83->108->8->36->74->87->11->101->63->1
1->64->73->22->76->89->97->96->60->1
1->88->27->54->16->67->99->43->98->93->1
1->38->95->82->45->30->79->75->21->106->1
best solutions : 
[16219.70455284129, 16219.70455284129, 16219.70455284129, 16195.514986558146, 16195.514986558146, 16141.355992431965, 16141.355992431965, 16141.355992431965, 16141.355992431965, 16141.355992431965, 16141.355992431965, 16100.326740272598, 16100.326740272598, 16100.326740272598, 16100.326740272598, 16100.326740272598, 16100.326740272598, 16065.659988533525, 16065.659988533525, 16065.659988533525, 16065.659988533525, 16065.659988533525, 16042.031461275052, 16042.031461275052, 16042.031461275052, 16042.031461275052, 16042.031461275052, 16042.031461275052, 16042.031461275052, 15973.740757975971, 15973.740757975971, 15973.740757975971, 15973.740757975971, 15973.740757975971, 15973.740757975971, 15973.740757975971, 15973.740757975971, 15973.740757975971, 15973.740757975971, 15973.740757975971, 15973.740757975971, 15973.740757975971, 15973.740757975971, 15973.740757975971, 15973.740757975971, 15973.740757975971, 15973.740757975971, 15973.740757975971, 15973.740757975971, 15973.740757975971, 15973.740757975971, 15973.740757975971, 15973.740757975971, 15938.790131879792, 15938.790131879792, 15938.790131879792, 15938.790131879792, 15938.790131879792, 15938.790131879792, 15938.790131879792, 15938.790131879792, 15938.790131879792, 15938.790131879792, 15938.790131879792, 15938.790131879792, 15938.790131879792, 15932.133521564112, 15932.133521564112, 15932.133521564112, 15932.133521564112, 15932.133521564112, 15932.133521564112, 15932.133521564112, 15932.133521564112, 15932.133521564112, 15932.133521564112, 15932.133521564112, 15932.133521564112, 15921.389406978898, 15917.605901938117, 15917.605901938117, 15917.605901938117, 15914.732796663218, 15914.732796663218, 15914.732796663218, 15914.732796663218, 15914.732796663218, 15914.732796663218, 15914.732796663218, 15914.732796663218, 15914.732796663218, 15914.732796663218, 15914.732796663218, 15914.732796663218, 15914.732796663218, 15914.732796663218, 15914.732796663218, 15914.732796663218, 15914.732796663218, 15914.732796663218, 15914.732796663218, 15914.732796663218, 15914.732796663218, 15914.732796663218, 15914.732796663218, 15914.732796663218, 15914.732796663218, 15914.732796663218, 15914.732796663218, 15914.732796663218, 15914.732796663218, 15914.732796663218, 15914.732796663218, 15914.732796663218, 15914.732796663218, 15914.732796663218, 15914.732796663218, 15914.732796663218, 15914.732796663218, 15914.732796663218, 15914.732796663218, 15914.732796663218, 15914.732796663218, 15914.732796663218, 15914.732796663218, 15914.732796663218, 15914.732796663218, 15914.732796663218, 15914.732796663218, 15914.732796663218, 15914.732796663218, 15914.732796663218, 15914.732796663218, 15914.732796663218, 15914.732796663218, 15914.732796663218, 15914.732796663218, 15914.732796663218, 15914.732796663218, 15914.732796663218, 15914.732796663218, 15914.732796663218, 15914.732796663218, 15914.732796663218, 15914.732796663218, 15914.732796663218, 15914.732796663218, 15914.732796663218, 15914.732796663218, 15914.732796663218, 15914.732796663218, 15914.732796663218, 15914.732796663218, 15914.732796663218, 15914.732796663218, 15914.732796663218, 15914.732796663218, 15900.205177037222, 15900.205177037222, 15900.205177037222, 15900.205177037222, 15900.205177037222, 15900.205177037222, 15900.205177037222, 15900.205177037222, 15900.205177037222, 15900.205177037222, 15900.205177037222, 15900.205177037222, 15900.205177037222, 15900.205177037222, 15900.205177037222, 15900.205177037222, 15900.205177037222, 15900.205177037222, 15900.205177037222, 15900.205177037222, 15900.205177037222, 15900.205177037222, 15900.205177037222, 15900.205177037222, 15900.205177037222, 15900.205177037222, 15900.205177037222, 15900.205177037222, 15900.205177037222, 15900.205177037222, 15900.205177037222, 15900.205177037222, 15900.205177037222, 15900.205177037222, 15900.205177037222, 15900.205177037222, 15900.205177037222, 15900.205177037222, 15900.205177037222, 15900.205177037222, 15900.205177037222, 15900.205177037222, 15900.205177037222, 15900.205177037222, 15900.205177037222, 15900.205177037222, 15900.205177037222, 15900.205177037222, 15900.205177037222, 15900.205177037222, 15900.205177037222, 15900.20517703722, 15900.20517703722, 15900.20517703722, 15900.20517703722, 15900.20517703722, 15900.20517703722, 15900.20517703722, 15900.20517703722, 15900.20517703722, 15900.20517703722, 15900.20517703722, 15900.20517703722, 15900.20517703722, 15900.20517703722, 15900.20517703722, 15900.20517703722, 15900.20517703722, 15900.20517703722, 15900.20517703722, 15900.20517703722, 15900.20517703722, 15900.20517703722, 15900.20517703722, 15900.20517703722, 15900.20517703722, 15900.20517703722, 15900.20517703722, 15900.20517703722, 15900.20517703722, 15900.20517703722, 15900.20517703722, 15900.20517703722, 15900.20517703722, 15900.20517703722, 15883.505430631507, 15883.505430631507, 15883.505430631507, 15883.505430631507, 15883.505430631507, 15883.505430631507, 15883.505430631507, 15883.505430631507, 15883.505430631507, 15883.505430631507, 15883.505430631507, 15883.505430631507, 15883.505430631507, 15883.505430631507, 15883.505430631507, 15883.505430631507, 15883.505430631507, 15883.505430631507, 15883.505430631507, 15883.505430631507, 15883.505430631507, 15883.505430631507, 15883.505430631507, 15883.505430631507, 15883.505430631507, 15883.505430631507, 15883.505430631507, 15883.505430631507, 15883.505430631507, 15883.505430631507, 15883.505430631507, 15883.505430631507, 15883.505430631507, 15883.505430631507, 15883.505430631507, 15883.505430631507, 15883.505430631507, 15883.505430631507, 15883.505430631507, 15883.505430631507, 15883.505430631507, 15883.505430631507, 15883.505430631507, 15883.505430631507, 15883.505430631507, 15883.505430631507, 15883.505430631507, 15883.505430631507, 15883.505430631507, 15883.505430631507, 15883.505430631507, 15883.505430631507, 15883.505430631507, 15883.505430631507, 15883.505430631507, 15883.505430631507, 15883.505430631507, 15883.505430631507, 15883.505430631507, 15883.505430631507, 15883.505430631507, 15883.505430631507, 15883.505430631507, 15883.505430631507, 15883.505430631507, 15883.505430631507, 15883.505430631507, 15883.505430631507, 15883.505430631507, 15883.505430631507, 15883.505430631507, 15883.505430631507, 15883.505430631507, 15883.505430631507, 15883.505430631507, 15883.505430631507, 15883.505430631507, 15883.505430631507, 15883.505430631507, 15883.505430631507, 15883.505430631507, 15883.505430631507, 15883.505430631507, 15883.505430631507, 15883.505430631507, 15883.505430631507, 15883.505430631507, 15883.505430631507, 15883.505430631507, 15883.505430631507, 15883.505430631507, 15883.505430631507, 15883.505430631507, 15883.505430631507, 15883.505430631507, 15883.505430631507, 15883.505430631507, 15883.505430631507, 15883.505430631507, 15883.505430631507, 15883.505430631507, 15883.505430631507, 15883.505430631507, 15883.505430631507, 15883.505430631507, 15883.505430631507, 15883.505430631507, 15883.505430631507, 15883.505430631507, 15883.505430631507, 15883.505430631507, 15883.505430631507, 15883.505430631507, 15883.505430631507, 15883.505430631507, 15883.505430631507, 15883.505430631507, 15883.505430631507, 15883.505430631507, 15883.505430631507, 15883.505430631507, 15883.505430631507, 15883.505430631507, 15883.505430631507, 15883.505430631507, 15883.505430631507, 15883.505430631507, 15883.505430631507, 15883.505430631507, 15883.505430631507, 15883.505430631507, 15883.505430631507, 15883.505430631507, 15883.505430631507, 15883.505430631507, 15883.505430631507, 15883.505430631507, 15883.505430631507, 15883.505430631507, 15883.505430631507, 15883.505430631507, 15883.505430631507, 15883.505430631507, 15883.505430631507, 15883.505430631507, 15883.505430631507, 15883.505430631507, 15883.505430631507, 15883.505430631507, 15883.505430631507, 15883.505430631507, 15883.505430631507, 15883.505430631507, 15883.505430631507, 15883.505430631507, 15839.566872497391, 15839.566872497391, 15839.566872497391, 15839.566872497391, 15839.566872497391, 15839.566872497391, 15839.566872497391, 15839.566872497391, 15839.566872497391, 15839.566872497391, 15839.566872497391, 15839.566872497391, 15839.566872497391, 15839.566872497391, 15839.566872497391, 15839.566872497391, 15839.566872497391, 15839.566872497391, 15839.566872497391, 15839.566872497391, 15839.566872497391, 15839.566872497391, 15839.566872497391, 15839.566872497391, 15839.566872497391, 15839.566872497391, 15839.566872497391, 15839.566872497391, 15839.566872497391, 15839.566872497391, 15839.566872497391, 15839.566872497391, 15839.566872497391, 15839.566872497391, 15839.566872497391, 15839.566872497391, 15839.566872497391, 15839.566872497391, 15839.566872497391, 15839.566872497391, 15839.566872497391, 15839.566872497391, 15839.566872497391, 15839.566872497391, 15839.566872497391, 15839.566872497391, 15839.566872497391, 15839.566872497391, 15839.566872497391, 15839.566872497391, 15839.566872497391, 15839.566872497391, 15839.566872497391, 15839.566872497391, 15839.566872497391, 15839.566872497391, 15839.566872497391, 15839.566872497391, 15839.566872497391, 15839.566872497391, 15839.566872497391, 15839.566872497391, 15839.566872497391, 15839.566872497391, 15839.566872497391, 15839.566872497391, 15839.566872497391, 15839.566872497391, 15839.566872497391, 15839.566872497391, 15839.566872497391, 15839.566872497391, 15839.566872497391, 15839.566872497391, 15839.566872497391, 15839.566872497391, 15839.566872497391, 15839.566872497391, 15839.566872497391, 15839.566872497391, 15839.566872497391, 15839.566872497391, 15839.566872497391, 15839.566872497391, 15839.566872497391, 15839.566872497391, 15839.566872497391, 15839.566872497391, 15839.566872497391, 15839.566872497391, 15839.566872497391, 15839.566872497391, 15839.566872497391, 15839.566872497391, 15839.566872497391, 15839.566872497391, 15839.566872497391, 15839.566872497391, 15839.566872497391, 15839.566872497391, 15839.566872497391, 15839.566872497391, 15839.566872497391, 15839.566872497391, 15839.566872497391, 15839.566872497391, 15839.566872497391, 15839.566872497391, 15839.566872497391, 15839.566872497391, 15839.566872497391, 15839.566872497391, 15839.566872497391, 15839.566872497391, 15839.566872497391, 15839.566872497391, 15839.566872497391, 15839.566872497391, 15839.566872497391, 15839.566872497391, 15839.566872497391, 15839.566872497391, 15839.566872497391, 15839.566872497391, 15839.566872497391, 15839.566872497391, 15839.566872497391, 15839.566872497391, 15839.566872497391, 15839.566872497391, 15839.566872497391, 15839.566872497391, 15839.566872497391, 15839.566872497391, 15839.566872497391, 15839.566872497391, 15839.566872497391, 15839.566872497391, 15839.566872497391, 15839.566872497391, 15839.566872497391, 15839.566872497391, 15839.566872497391, 15839.566872497391, 15839.566872497391, 15839.566872497391, 15839.566872497391, 15839.566872497391, 15839.566872497391, 15839.566872497391, 15839.566872497391, 15839.566872497391, 15839.566872497391, 15839.566872497391, 15839.566872497391, 15839.566872497391, 15839.566872497391, 15839.566872497391, 15839.566872497391, 15839.566872497391, 15839.566872497391, 15839.566872497391, 15839.566872497391, 15839.566872497391, 15839.566872497391, 15839.566872497391, 15839.566872497391, 15839.566872497391, 15839.566872497391, 15839.566872497391, 15839.566872497391, 15839.566872497391, 15839.566872497391, 15839.566872497391, 15839.566872497391, 15839.566872497391, 15839.566872497391, 15839.566872497391, 15839.566872497391, 15839.566872497391, 15839.566872497391, 15839.566872497391, 15839.566872497391, 15839.566872497391, 15839.566872497391, 15839.566872497391, 15839.566872497391, 15839.566872497391, 15839.566872497391, 15839.566872497391, 15839.566872497391, 15805.781557463974, 15805.781557463974, 15805.781557463974, 15805.781557463974, 15805.781557463974, 15805.781557463974, 15805.781557463974, 15805.781557463974, 15805.781557463974, 15805.781557463974, 15805.781557463974, 15805.781557463974, 15805.781557463974, 15805.781557463974, 15805.781557463974, 15805.781557463974, 15805.781557463974, 15805.781557463974, 15805.781557463974, 15805.781557463974, 15805.781557463974, 15805.781557463974, 15805.781557463974, 15805.781557463974, 15805.781557463974, 15805.781557463974, 15805.781557463974, 15805.781557463974, 15805.781557463974, 15805.781557463974, 15805.781557463974, 15805.781557463974, 15805.781557463974, 15805.781557463974, 15805.781557463974, 15805.781557463974, 15805.781557463974, 15805.781557463974, 15805.781557463974, 15805.781557463974, 15805.781557463974, 15805.781557463974, 15805.781557463974, 15805.781557463974, 15805.781557463974, 15805.781557463974, 15805.781557463974, 15805.781557463974, 15805.781557463974, 15805.781557463974, 15805.781557463974, 15805.781557463974, 15805.781557463974, 15805.781557463974, 15805.781557463974, 15805.781557463974, 15805.781557463974, 15805.781557463974, 15805.781557463974, 15805.781557463974, 15805.781557463974, 15805.781557463974, 15805.781557463974, 15805.781557463974, 15805.781557463974, 15805.781557463974, 15805.781557463974, 15805.781557463974, 15805.781557463974, 15805.781557463974, 15805.781557463974, 15805.781557463974, 15805.781557463974, 15805.781557463974, 15805.781557463974, 15805.781557463974, 15805.781557463974, 15805.781557463974, 15805.781557463974, 15805.781557463974, 15805.781557463974, 15805.781557463974, 15805.781557463974, 15805.781557463974, 15805.781557463974, 15805.781557463974, 15805.781557463974, 15805.781557463974, 15805.781557463974, 15805.781557463974, 15805.781557463974, 15805.781557463974, 15805.781557463974, 15805.781557463974, 15805.781557463974, 15805.781557463974, 15805.781557463974, 15805.781557463974, 15805.781557463974, 15805.781557463974, 15805.781557463974, 15805.781557463974, 15805.781557463974, 15805.781557463974, 15805.781557463974, 15805.781557463974, 15805.781557463974, 15805.781557463974, 15805.781557463974, 15805.781557463974, 15805.781557463974, 15805.781557463974, 15805.781557463974, 15805.781557463974, 15805.781557463974, 15805.781557463974, 15805.781557463974, 15805.781557463974, 15805.781557463974, 15805.781557463974, 15805.781557463974, 15805.781557463974, 15805.781557463974, 15805.781557463974, 15805.781557463974, 15805.781557463974, 15805.781557463974, 15805.781557463974, 15805.781557463974, 15805.781557463974, 15805.781557463974, 15805.781557463974, 15805.781557463974, 15805.781557463974, 15805.781557463974, 15805.781557463974, 15805.781557463974, 15805.781557463974, 15805.781557463974, 15805.781557463974, 15805.781557463974, 15805.781557463974, 15805.781557463974, 15805.781557463974, 15805.781557463974, 15805.781557463974, 15805.781557463974, 15805.781557463974, 15805.781557463974, 15805.781557463974, 15805.781557463974, 15805.781557463974, 15805.781557463974, 15805.781557463974, 15805.781557463974, 15805.781557463974, 15805.781557463974, 15805.781557463974, 15805.781557463974, 15805.781557463974, 15805.781557463974, 15805.781557463974, 15805.781557463974, 15805.781557463974, 15805.781557463974, 15805.781557463974, 15805.781557463974, 15805.781557463974, 15805.781557463974, 15805.781557463974, 15805.781557463974, 15805.781557463974, 15805.781557463974, 15805.781557463974, 15805.781557463974, 15805.781557463974, 15805.781557463974, 15805.781557463974, 15805.781557463974, 15805.781557463974, 15805.781557463974, 15805.781557463974, 15805.781557463974, 15805.781557463974, 15805.781557463974, 15805.781557463974, 15805.781557463974, 15805.781557463974, 15805.781557463974, 15805.781557463974, 15805.781557463974, 15805.781557463974, 15805.781557463974, 15805.781557463974, 15805.781557463974, 15805.781557463974, 15805.781557463974, 15805.781557463974, 15805.781557463974, 15805.781557463974, 15805.781557463974, 15805.781557463974, 15805.781557463974, 15805.781557463974, 15805.781557463974, 15805.781557463974, 15805.781557463974, 15805.781557463974, 15805.781557463974, 15805.781557463974, 15805.781557463974, 15805.781557463974, 15805.781557463974, 15805.781557463974, 15805.781557463974, 15805.781557463974, 15805.781557463974, 15805.781557463974, 15805.781557463974, 15805.781557463974, 15805.781557463974, 15805.781557463974, 15805.781557463974, 15805.781557463974, 15805.781557463974, 15805.781557463974, 15805.781557463974, 15805.781557463974, 15805.781557463974, 15805.781557463974, 15805.781557463974, 15805.781557463974, 15805.781557463974, 15805.781557463974, 15805.781557463974, 15805.781557463974, 15805.781557463974, 15805.781557463974, 15805.781557463974, 15805.781557463974, 15805.781557463974, 15805.781557463974, 15805.781557463974, 15805.781557463974, 15805.781557463974, 15805.781557463974, 15805.781557463974, 15805.781557463974, 15805.781557463974, 15805.781557463974, 15805.781557463974, 15805.781557463974, 15805.781557463974, 15805.781557463974, 15805.781557463974, 15805.781557463974, 15805.781557463974, 15805.781557463974, 15805.781557463974, 15805.781557463974, 15805.781557463974, 15805.781557463974, 15805.781557463974, 15805.781557463974, 15805.781557463974, 15805.781557463974, 15805.781557463974, 15805.781557463974, 15805.781557463974, 15805.781557463974, 15805.781557463974, 15805.781557463974, 15805.781557463974, 15805.781557463974, 15805.781557463974, 15805.781557463974, 15805.781557463974, 15805.781557463974, 15805.781557463974, 15805.781557463974, 15805.781557463974, 15805.781557463974, 15805.781557463974, 15805.781557463974, 15805.781557463974, 15805.781557463974, 15805.781557463974, 15805.781557463974, 15805.781557463974, 15805.781557463974, 15805.781557463974, 15805.781557463974, 15805.781557463974, 15805.781557463974, 15805.781557463974, 15805.781557463974, 15805.781557463974, 15805.781557463974, 15805.781557463974, 15805.781557463974, 15805.781557463974, 15805.781557463974, 15805.781557463974, 15805.781557463974, 15805.781557463974, 15805.781557463974, 15805.781557463974, 15805.781557463974, 15805.781557463974, 15805.781557463974, 15805.781557463974, 15805.781557463974, 15805.781557463974, 15805.781557463974, 15805.781557463974, 15805.781557463974, 15805.781557463974, 15805.781557463974, 15805.781557463974, 15805.781557463974, 15805.781557463974, 15805.781557463974, 15805.781557463974, 15805.781557463974, 15805.781557463974, 15805.781557463974, 15805.781557463974, 15805.781557463974, 15805.781557463974, 15805.781557463974, 15805.781557463974, 15805.781557463974, 15805.781557463974, 15805.781557463974, 15805.781557463974, 15805.781557463974, 15805.781557463974, 15805.781557463974, 15805.781557463974, 15805.781557463974, 15757.048473604225, 15757.048473604225, 15757.048473604225, 15757.048473604225, 15757.048473604225, 15757.048473604225, 15757.048473604225, 15757.048473604225, 15757.048473604225, 15757.048473604225, 15757.048473604225, 15757.048473604225, 15757.048473604225, 15757.048473604225, 15757.048473604225, 15757.048473604225, 15757.048473604225, 15757.048473604225, 15757.048473604225, 15757.048473604225, 15757.048473604225, 15757.048473604225, 15757.048473604225, 15757.048473604225, 15757.048473604225, 15757.048473604225, 15757.048473604225, 15757.048473604225, 15757.048473604225, 15757.048473604225, 15757.048473604225, 15757.048473604225, 15757.048473604225, 15757.048473604225, 15757.048473604225, 15757.048473604225, 15757.048473604225, 15757.048473604225, 15757.048473604225, 15757.048473604225, 15757.048473604225, 15757.048473604225, 15757.048473604225, 15757.048473604225, 15757.048473604225, 15757.048473604225, 15757.048473604225, 15757.048473604225, 15757.048473604225, 15757.048473604225, 15757.048473604225, 15757.048473604225, 15757.048473604225, 15757.048473604225, 15757.048473604225, 15757.048473604225, 15757.048473604225, 15757.048473604225, 15757.048473604225, 15757.048473604225, 15757.048473604225, 15757.048473604225, 15757.048473604225, 15757.048473604225, 15757.048473604225, 15757.048473604225, 15757.048473604225, 15757.048473604225, 15757.048473604225, 15757.048473604225, 15757.048473604225, 15757.048473604225, 15757.048473604225, 15757.048473604225, 15757.048473604225, 15757.048473604225, 15757.048473604225, 15757.048473604225, 15757.048473604225, 15757.048473604225, 15757.048473604225, 15757.048473604225, 15757.048473604225, 15757.048473604225, 15757.048473604225, 15757.048473604225, 15757.048473604225, 15757.048473604225, 15757.048473604225, 15757.048473604225, 15757.048473604225, 15757.048473604225, 15757.048473604225, 15757.048473604225, 15757.048473604225, 15757.048473604225, 15757.048473604225, 15757.048473604225, 15757.048473604225, 15757.048473604225, 15757.048473604225, 15757.048473604225, 15757.048473604225, 15757.048473604225, 15757.048473604225, 15757.048473604225, 15757.048473604225, 15757.048473604225, 15757.048473604225, 15757.048473604225, 15757.048473604225, 15757.048473604225, 15757.048473604225, 15757.048473604225, 15757.048473604225, 15757.048473604225, 15757.048473604225, 15757.048473604225, 15757.048473604225, 15757.048473604225, 15757.048473604225, 15757.048473604225, 15757.048473604225, 15757.048473604225, 15757.048473604225, 15757.048473604225, 15757.048473604225, 15757.048473604225, 15757.048473604225, 15757.048473604225, 15757.048473604225, 15757.048473604225, 15757.048473604225, 15757.048473604225, 15757.048473604225, 15757.048473604225, 15757.048473604225, 15757.048473604225, 15757.048473604225, 15757.048473604225, 15757.048473604225, 15757.048473604225, 15757.048473604225, 15757.048473604225, 15757.048473604225, 15757.048473604225, 15757.048473604225, 15757.048473604225, 15757.048473604225, 15757.048473604225, 15757.048473604225, 15757.048473604225, 15757.048473604225, 15757.048473604225, 15757.048473604225, 15757.048473604225, 15757.048473604225, 15757.048473604225, 15757.048473604225, 15757.048473604225, 15757.048473604225, 15757.048473604225, 15757.048473604225, 15757.048473604225, 15757.048473604225, 15757.048473604225, 15757.048473604225, 15757.048473604225, 15757.048473604225, 15757.048473604225, 15757.048473604225, 15757.048473604225, 15757.048473604225, 15757.048473604225, 15757.048473604225, 15757.048473604225, 15757.048473604225, 15757.048473604225, 15757.048473604225, 15757.048473604225, 15757.048473604225, 15757.048473604225, 15757.048473604225, 15757.048473604225, 15757.048473604225, 15757.048473604225, 15757.048473604225, 15757.048473604225, 15757.048473604225, 15757.048473604225, 15757.048473604225, 15757.048473604225, 15757.048473604225, 15757.048473604225, 15757.048473604225, 15757.048473604225, 15757.048473604225, 15757.048473604225, 15757.048473604225, 15757.048473604225, 15757.048473604225, 15757.048473604225, 15757.048473604225, 15757.048473604225, 15757.048473604225, 15757.048473604225, 15757.048473604225, 15757.048473604225, 15757.048473604225, 15757.048473604225, 15757.048473604225, 15757.048473604225, 15757.048473604225, 15757.048473604225, 15757.048473604225, 15757.048473604225, 15757.048473604225, 15757.048473604225, 15757.048473604225, 15757.048473604225, 15757.048473604225, 15757.048473604225, 15757.048473604225, 15757.048473604225, 15757.048473604225, 15757.048473604225, 15757.048473604225, 15757.048473604225, 15757.048473604225, 15757.048473604225, 15757.048473604225, 15757.048473604225, 15757.048473604225, 15757.048473604225, 15757.048473604225, 15757.048473604225, 15757.048473604225, 15757.048473604225, 15757.048473604225, 15757.048473604225, 15757.048473604225, 15757.048473604225, 15757.048473604225, 15757.048473604225, 15757.048473604225, 15757.048473604225, 15757.048473604225, 15757.048473604225, 15757.048473604225, 15757.048473604225, 15757.048473604225, 15757.048473604225, 15757.048473604225, 15757.048473604225, 15757.048473604225, 15757.048473604225, 15757.048473604225, 15757.048473604225, 15757.048473604225, 15757.048473604225, 15757.048473604225, 15757.048473604225, 15757.048473604225, 15757.048473604225, 15757.048473604225, 15757.048473604225, 15757.048473604225, 15757.048473604225, 15757.048473604225, 15757.048473604225, 15757.048473604225, 15757.048473604225, 15757.048473604225, 15757.048473604225, 15757.048473604225, 15757.048473604225, 15757.048473604225, 15757.048473604225, 15757.048473604225, 15757.048473604225, 15757.048473604225, 15757.048473604225, 15757.048473604225, 15757.048473604225, 15757.048473604225, 15757.048473604225, 15757.048473604225, 15757.048473604225, 15757.048473604225, 15757.048473604225, 15757.048473604225, 15757.048473604225, 15757.048473604225, 15757.048473604225, 15757.048473604225, 15757.048473604225, 15757.048473604225, 15757.048473604225, 15757.048473604225, 15757.048473604225, 15757.048473604225, 15757.048473604225, 15757.048473604225, 15757.048473604225, 15757.048473604225, 15757.048473604225, 15757.048473604225, 15757.048473604225, 15757.048473604225, 15757.048473604225, 15757.048473604225, 15757.048473604225, 15757.048473604225, 15757.048473604225, 15757.048473604225, 15757.048473604225, 15757.048473604225, 15757.048473604225, 15757.048473604225, 15757.048473604225, 15757.048473604225, 15757.048473604225, 15757.048473604225, 15757.048473604225, 15757.048473604225, 15757.048473604225, 15757.048473604225, 15757.048473604225, 15757.048473604225, 15757.048473604225, 15757.048473604225, 15757.048473604225, 15757.048473604225, 15757.048473604225, 15757.048473604225, 15757.048473604225, 15757.048473604225, 15757.048473604225, 15757.048473604225, 15757.048473604225, 15757.048473604225, 15757.048473604225, 15757.048473604225, 15757.048473604225, 15757.048473604225, 15757.048473604225, 15757.048473604225, 15757.048473604225, 15757.048473604225, 15757.048473604225, 15757.048473604225, 15757.048473604225, 15757.048473604225, 15757.048473604225, 15757.048473604225, 15757.048473604225, 15757.048473604225, 15757.048473604225, 15757.048473604225, 15757.048473604225, 15757.048473604225, 15757.048473604225, 15757.048473604225, 15757.048473604225, 15757.048473604225, 15757.048473604225, 15757.048473604225, 15757.048473604225, 15757.048473604225, 15757.048473604225, 15757.048473604225, 15757.048473604225, 15757.048473604225, 15757.048473604225, 15757.048473604225, 15757.048473604225, 15757.048473604225, 15757.048473604225, 15757.048473604225, 15757.048473604225, 15757.048473604225, 15757.048473604225, 15757.048473604225, 15757.048473604225, 15757.048473604225, 15757.048473604225, 15757.048473604225, 15757.048473604225, 15757.048473604225, 15757.048473604225, 15757.048473604225, 15757.048473604225, 15757.048473604225, 15757.048473604225, 15757.048473604225, 15757.048473604225, 15757.048473604225, 15757.048473604225, 15757.048473604225, 15757.048473604225, 15757.048473604225, 15757.048473604225, 15757.048473604225, 15757.048473604225, 15757.048473604225, 15757.048473604225, 15757.048473604225, 15757.048473604225, 15757.048473604225, 15757.048473604225, 15757.048473604225, 15757.048473604225, 15757.048473604225, 15757.048473604225, 15757.048473604225, 15757.048473604225, 15757.048473604225, 15757.048473604225, 15757.048473604225, 15757.048473604225, 15757.048473604225, 15757.048473604225, 15757.048473604225, 15757.048473604225, 15757.048473604225, 15757.048473604225, 15757.048473604225, 15757.048473604225, 15757.048473604225, 15757.048473604225, 15757.048473604225, 15757.048473604225, 15757.048473604225, 15757.048473604225, 15757.048473604225, 15757.048473604225, 15757.048473604225, 15757.048473604225, 15757.048473604225, 15757.048473604225, 15757.048473604225, 15757.048473604225, 15757.048473604225, 15757.048473604225, 15757.048473604225, 15757.048473604225, 15757.048473604225, 15757.048473604225, 15757.048473604225, 15757.048473604225, 15757.048473604225, 15757.048473604225, 15757.048473604225, 15757.048473604225, 15757.048473604225, 15757.048473604225, 15757.048473604225, 15757.048473604225, 15757.048473604225, 15757.048473604225, 15757.048473604225, 15757.048473604225, 15757.048473604225, 15757.048473604225, 15757.048473604225, 15757.048473604225, 15757.048473604225, 15757.048473604225, 15757.048473604225, 15757.048473604225, 15757.048473604225, 15757.048473604225, 15757.048473604225, 15757.048473604225, 15757.048473604225, 15757.048473604225, 15757.048473604225, 15757.048473604225, 15757.048473604225, 15757.048473604225, 15757.048473604225, 15757.048473604225, 15757.048473604225, 15757.048473604225, 15757.048473604225, 15757.048473604225, 15757.048473604225, 15757.048473604225, 15757.048473604225, 15757.048473604225, 15757.048473604225, 15757.048473604225, 15757.048473604225, 15757.048473604225, 15757.048473604225, 15757.048473604225, 15757.048473604225, 15757.048473604225, 15757.048473604225, 15757.048473604225, 15757.048473604225, 15757.048473604225, 15757.048473604225, 15757.048473604225, 15757.048473604225, 15757.048473604225, 15757.048473604225, 15757.048473604225, 15757.048473604225, 15757.048473604225, 15757.048473604225, 15757.048473604225, 15757.048473604225, 15757.048473604225, 15757.048473604225, 15757.048473604225, 15757.048473604225, 15757.048473604225, 15757.048473604225, 15757.048473604225, 15757.048473604225, 15757.048473604225, 15757.048473604225, 15757.048473604225, 15757.048473604225, 15757.048473604225, 15757.048473604225, 15757.048473604225, 15757.048473604225, 15757.048473604225, 15757.048473604225, 15757.048473604225, 15757.048473604225, 15757.048473604225, 15757.048473604225, 15757.048473604225, 15757.048473604225, 15757.048473604225, 15757.048473604225, 15757.048473604225, 15757.048473604225, 15757.048473604225, 15757.048473604225, 15757.048473604225, 15757.048473604225, 15757.048473604225, 15757.048473604225, 15757.048473604225, 15757.048473604225, 15757.048473604225, 15757.048473604225, 15757.048473604225, 15757.048473604225, 15757.048473604225, 15757.048473604225, 15757.048473604225, 15757.048473604225, 15757.048473604225, 15757.048473604225, 15757.048473604225, 15757.048473604225, 15757.048473604225, 15757.048473604225, 15757.048473604225, 15757.048473604225, 15757.048473604225, 15757.048473604225, 15757.048473604225, 15757.048473604225, 15757.048473604225, 15757.048473604225, 15757.048473604225, 15757.048473604225, 15757.048473604225, 15757.048473604225, 15757.048473604225, 15757.048473604225, 15757.048473604225, 15757.048473604225, 15757.048473604225, 15757.048473604225, 15757.048473604225, 15757.048473604225, 15757.048473604225, 15757.048473604225, 15757.048473604225, 15757.048473604225, 15757.048473604225, 15757.048473604225, 15757.048473604225, 15757.048473604225, 15757.048473604225, 15757.048473604225, 15757.048473604225, 15757.048473604225, 15757.048473604225, 15757.048473604225, 15757.048473604225, 15757.048473604225, 15757.048473604225, 15757.048473604225, 15757.048473604225, 15757.048473604225, 15757.048473604225, 15757.048473604225, 15757.048473604225, 15757.048473604225, 15757.048473604225, 15757.048473604225, 15757.048473604225, 15757.048473604225, 15757.048473604225, 15757.048473604225, 15757.048473604225, 15757.048473604225, 15757.048473604225, 15757.048473604225, 15757.048473604225, 15757.048473604225, 15757.048473604225, 15757.048473604225, 15757.048473604225, 15757.048473604225, 15757.048473604225, 15757.048473604225, 15757.048473604225, 15757.048473604225, 15757.048473604225, 15757.048473604225, 15757.048473604225, 15757.048473604225, 15757.048473604225, 15757.048473604225, 15757.048473604225, 15757.048473604225, 15757.048473604225, 15757.048473604225, 15757.048473604225, 15757.048473604225, 15757.048473604225, 15757.048473604225, 15757.048473604225, 15757.048473604225, 15757.048473604225, 15757.048473604225, 15757.048473604225, 15757.048473604225, 15757.048473604225, 15757.048473604225, 15757.048473604225, 15757.048473604225, 15757.048473604225, 15757.048473604225, 15757.048473604225, 15757.048473604225, 15757.048473604225, 15757.048473604225, 15757.048473604225, 15757.048473604225, 15757.048473604225, 15757.048473604225, 15757.048473604225, 15757.048473604225, 15757.048473604225, 15757.048473604225, 15757.048473604225, 15757.048473604225, 15757.048473604225, 15757.048473604225, 15757.048473604225, 15757.048473604225, 15757.048473604225, 15757.048473604225, 15757.048473604225, 15757.048473604225, 15757.048473604225, 15757.048473604225, 15757.048473604225, 15757.048473604225, 15757.048473604225, 15757.048473604225, 15757.048473604225, 15757.048473604225, 15757.048473604225, 15757.048473604225, 15757.048473604225, 15757.048473604225, 15757.048473604225, 15757.048473604225, 15757.048473604225, 15757.048473604225, 15757.048473604225, 15757.048473604225, 15757.048473604225, 15757.048473604225, 15757.048473604225, 15757.048473604225, 15757.048473604225, 15757.048473604225, 15757.048473604225, 15757.048473604225, 15757.048473604225, 15757.048473604225, 15757.048473604225, 15757.048473604225, 15757.048473604225, 15757.048473604225, 15757.048473604225, 15757.048473604225, 15757.048473604225, 15757.048473604225, 15757.048473604225, 15757.048473604225, 15757.048473604225, 15757.048473604225, 15757.048473604225, 15757.048473604225, 15757.048473604225, 15757.048473604225, 15757.048473604225, 15757.048473604225, 15757.048473604225, 15757.048473604225, 15757.048473604225, 15757.048473604225, 15757.048473604225, 15757.048473604225, 15757.048473604225, 15757.048473604225, 15757.048473604225, 15757.048473604225, 15757.048473604225, 15757.048473604225, 15757.048473604225, 15757.048473604225, 15757.048473604225, 15757.048473604225, 15757.048473604225, 15757.048473604225, 15757.048473604225, 15757.048473604225, 15757.048473604225, 15757.048473604225, 15757.048473604225, 15757.048473604225, 15757.048473604225, 15757.048473604225, 15757.048473604225, 15757.048473604225, 15757.048473604225, 15757.048473604225, 15757.048473604225, 15757.048473604225, 15757.048473604225, 15757.048473604225, 15757.048473604225, 15757.048473604225, 15757.048473604225, 15757.048473604225, 15757.048473604225, 15757.048473604225, 15757.048473604225, 15757.048473604225, 15757.048473604225, 15757.048473604225, 15757.048473604225, 15757.048473604225, 15757.048473604225, 15757.048473604225, 15757.048473604225, 15757.048473604225, 15757.048473604225, 15757.048473604225, 15757.048473604225, 15757.048473604225, 15757.048473604225, 15757.048473604225, 15757.048473604225, 15757.048473604225, 15757.048473604225, 15757.048473604225, 15757.048473604225, 15757.048473604225, 15757.048473604225, 15757.048473604225, 15757.048473604225, 15757.048473604225, 15757.048473604225, 15757.048473604225, 15757.048473604225, 15757.048473604225, 15757.048473604225, 15757.048473604225, 15757.048473604225, 15757.048473604225, 15757.048473604225, 15757.048473604225, 15757.048473604225, 15757.048473604225, 15757.048473604225, 15757.048473604225, 15757.048473604225, 15757.048473604225, 15757.048473604225, 15757.048473604225, 15757.048473604225, 15757.048473604225, 15757.048473604225, 15757.048473604225, 15757.048473604225, 15757.048473604225, 15757.048473604225, 15757.048473604225, 15757.048473604225, 15757.048473604225, 15757.048473604225, 15757.048473604225, 15757.048473604225, 15757.048473604225, 15757.048473604225, 15757.048473604225, 15757.048473604225, 15757.048473604225, 15757.048473604225, 15757.048473604225, 15757.048473604225, 15757.048473604225, 15757.048473604225, 15757.048473604225, 15757.048473604225, 15757.048473604225, 15757.048473604225, 15757.048473604225, 15757.048473604225, 15757.048473604225, 15757.048473604225, 15757.048473604225, 15757.048473604225, 15757.048473604225, 15757.048473604225, 15757.048473604225, 15757.048473604225, 15757.048473604225, 15757.048473604225, 15757.048473604225, 15757.048473604225, 15757.048473604225, 15757.048473604225, 15757.048473604225, 15757.048473604225, 15757.048473604225, 15757.048473604225, 15757.048473604225, 15757.048473604225, 15757.048473604225, 15757.048473604225, 15757.048473604225, 15757.048473604225, 15757.048473604225, 15757.048473604225, 15757.048473604225, 15757.048473604225, 15757.048473604225, 15757.048473604225, 15757.048473604225, 15757.048473604225, 15757.048473604225, 15757.048473604225, 15757.048473604225, 15757.048473604225, 15757.048473604225, 15757.048473604225, 15757.048473604225, 15757.048473604225, 15757.048473604225, 15757.048473604225, 15757.048473604225, 15757.048473604225, 15757.048473604225, 15757.048473604225, 15757.048473604225, 15757.048473604225, 15757.048473604225, 15757.048473604225, 15757.048473604225, 15757.048473604225, 15757.048473604225, 15757.048473604225, 15757.048473604225, 15757.048473604225, 15757.048473604225, 15757.048473604225, 15757.048473604225, 15757.048473604225, 15757.048473604225, 15757.048473604225, 15757.048473604225, 15757.048473604225, 15757.048473604225, 15757.048473604225, 15757.048473604225, 15757.048473604225, 15757.048473604225, 15757.048473604225, 15757.048473604225, 15757.048473604225, 15757.048473604225, 15757.048473604225, 15757.048473604225, 15757.048473604225, 15757.048473604225, 15757.048473604225, 15757.048473604225, 15757.048473604225, 15757.048473604225, 15757.048473604225, 15757.048473604225, 15757.048473604225, 15757.048473604225, 15757.048473604225, 15757.048473604225, 15757.048473604225, 15757.048473604225, 15757.048473604225, 15757.048473604225, 15757.048473604225, 15757.048473604225, 15757.048473604225, 15757.048473604225, 15757.048473604225, 15757.048473604225, 15757.048473604225, 15757.048473604225, 15757.048473604225, 15757.048473604225, 15757.048473604225, 15757.048473604225, 15757.048473604225, 15757.048473604225, 15757.048473604225, 15757.048473604225, 15757.048473604225, 15757.048473604225, 15757.048473604225, 15757.048473604225, 15757.048473604225, 15757.048473604225, 15757.048473604225, 15757.048473604225, 15757.048473604225, 15757.048473604225, 15757.048473604225, 15757.048473604225, 15757.048473604225, 15757.048473604225, 15757.048473604225, 15757.048473604225, 15757.048473604225, 15757.048473604225, 15757.048473604225, 15757.048473604225, 15757.048473604225, 15757.048473604225, 15757.048473604225, 15757.048473604225, 15757.048473604225, 15757.048473604225, 15757.048473604225, 15757.048473604225, 15757.048473604225, 15757.048473604225, 15757.048473604225, 15757.048473604225, 15757.048473604225, 15757.048473604225, 15757.048473604225, 15757.048473604225, 15757.048473604225, 15757.048473604225, 15757.048473604225, 15757.048473604225, 15757.048473604225, 15757.048473604225, 15757.048473604225, 15757.048473604225, 15757.048473604225, 15757.048473604225, 15757.048473604225, 15757.048473604225, 15757.048473604225, 15757.048473604225, 15757.048473604225, 15757.048473604225, 15757.048473604225, 15757.048473604225, 15757.048473604225, 15757.048473604225, 15757.048473604225, 15757.048473604225, 15757.048473604225, 15757.048473604225, 15757.048473604225, 15757.048473604225, 15757.048473604225, 15757.048473604225, 15757.048473604225, 15757.048473604225, 15757.048473604225, 15757.048473604225, 15757.048473604225, 15757.048473604225, 15757.048473604225, 15757.048473604225, 15757.048473604225, 15757.048473604225, 15757.048473604225, 15757.048473604225, 15757.048473604225, 15757.048473604225, 15757.048473604225, 15757.048473604225, 15757.048473604225, 15757.048473604225, 15757.048473604225, 15757.048473604225, 15757.048473604225, 15757.048473604225, 15757.048473604225, 15757.048473604225, 15757.048473604225, 15757.048473604225, 15757.048473604225, 15757.048473604225, 15757.048473604225, 15757.048473604225, 15757.048473604225, 15757.048473604225, 15757.048473604225, 15757.048473604225, 15757.048473604225, 15757.048473604225, 15757.048473604225, 15757.048473604225, 15757.048473604225, 15757.048473604225, 15757.048473604225, 15757.048473604225, 15757.048473604225, 15757.048473604225, 15757.048473604225, 15757.048473604225, 15757.048473604225, 15757.048473604225, 15757.048473604225, 15757.048473604225, 15757.048473604225, 15757.048473604225, 15757.048473604225, 15757.048473604225, 15757.048473604225, 15757.048473604225, 15757.048473604225, 15757.048473604225, 15757.048473604225, 15757.048473604225, 15757.048473604225, 15757.048473604225, 15757.048473604225, 15757.048473604225, 15757.048473604225, 15757.048473604225, 15757.048473604225, 15757.048473604225, 15757.048473604225, 15757.048473604225, 15757.048473604225, 15757.048473604225, 15757.048473604225, 15757.048473604225, 15757.048473604225, 15757.048473604225, 15757.048473604225, 15757.048473604225, 15757.048473604225, 15757.048473604225, 15757.048473604225, 15757.048473604225, 15757.048473604225, 15757.048473604225]
Computational time : 882.275000095