Name : Ahmed ElMousel
Problem : X-n190-k8 
Whale Algorithm 
cost : 14670.417947
Routes : 
1->1
1->1
1->1
1->1
1->1
1->62->56->40->43->110->83->99->14->100->10->16->84->59->15->24->34->31->26->51->1
1->117->108->55->63->41->91->115->9->79->4->46->71->94->85->95->11->120->1
1->89->22->80->29->20->47->98->8->107->111->75->66->87->49->116->37->119->68->74->32->53->1
1->17->18->104->42->90->52->64->105->106->102->48->6->27->118->109->67->76->19->45->33->30->1
1->81->50->65->54->78->60->23->5->96->61->69->82->70->86->114->77->44->3->13->92->39->1
1->21->97->72->113->7->93->36->101->58->38->25->2->57->12->28->35->112->103->73->88->1
best solutions : 
[19812.52624792066, 18485.169745024472, 18035.15609236612, 17540.67991462465, 16784.183155410035, 16604.887731208735, 16419.537911624262, 15965.114436423286, 15965.114436423286, 15799.046119759052, 15799.046119759052, 15783.410049370807, 15783.410049370807, 15714.656910528452, 15714.656910528452, 15714.656910528452, 15714.656910528452, 15714.656910528452, 15714.656910528452, 15677.137973254996, 15677.137973254996, 15605.519554543273, 15605.519554543273, 15509.501267223324, 15509.501267223324, 15509.501267223324, 15509.501267223324, 15509.501267223324, 15509.501267223324, 15509.501267223324, 15509.501267223324, 15509.501267223324, 15509.501267223324, 15509.501267223324, 15509.501267223324, 15509.501267223324, 15509.501267223324, 15509.501267223324, 15509.501267223324, 15509.501267223324, 15509.501267223324, 15509.501267223324, 15509.501267223324, 15464.79038355843, 15464.79038355843, 15464.79038355843, 15405.459545922185, 15392.70692827344, 15392.70692827344, 15392.70692827344, 15392.70692827344, 15392.70692827344, 15389.047609243182, 15359.05994989357, 15359.05994989357, 15359.05994989357, 15359.05994989357, 15359.05994989357, 15359.05994989357, 15359.05994989357, 15359.05994989357, 15359.05994989357, 15359.05994989357, 15359.05994989357, 15359.05994989357, 15359.05994989357, 15359.05994989357, 15359.05994989357, 15359.05994989357, 15359.05994989357, 15359.05994989357, 15359.05994989357, 15359.05994989357, 15356.463173110124, 15356.463173110124, 15356.463173110124, 15356.463173110124, 15356.463173110124, 15356.463173110124, 15356.463173110124, 15356.463173110124, 15356.463173110124, 15356.463173110124, 15355.099847550404, 15355.099847550404, 15355.099847550404, 15355.099847550404, 15355.099847550404, 15355.099847550404, 15355.099847550404, 15355.099847550404, 15355.099847550404, 15347.246105253922, 15347.246105253922, 15347.246105253922, 15347.246105253922, 15249.417172220123, 15249.417172220123, 15249.417172220123, 15249.417172220123, 15242.063006851475, 15242.063006851475, 15235.358159193824, 15235.358159193824, 15235.358159193824, 15235.358159193824, 15229.086297200194, 15207.132132640465, 15207.132132640465, 15207.132132640465, 15207.132132640465, 15207.132132640465, 15207.132132640465, 15207.132132640465, 15207.132132640465, 15207.132132640465, 15207.132132640465, 15207.132132640465, 15207.132132640465, 15207.132132640465, 15207.132132640465, 15207.132132640465, 15207.132132640465, 15207.132132640465, 15207.132132640465, 15207.132132640465, 15207.132132640465, 15207.132132640465, 15207.132132640465, 15207.132132640465, 15207.132132640465, 15189.779592210749, 15189.779592210749, 15189.779592210749, 15189.779592210749, 15189.779592210749, 15189.779592210749, 15189.779592210749, 15189.779592210749, 15189.779592210749, 15189.779592210749, 15189.779592210749, 15189.779592210749, 15169.124909154498, 15169.124909154498, 15169.124909154498, 15169.124909154498, 15169.124909154498, 15169.124909154498, 15169.124909154498, 15161.859432487576, 15160.052162663003, 15160.052162663003, 15160.052162663003, 15160.052162663003, 15160.052162663003, 15158.683780441368, 15158.683780441368, 15158.683780441368, 15158.683780441368, 15158.683780441368, 15158.683780441368, 15158.683780441368, 15146.472899800845, 15146.472899800845, 15141.516490442731, 15141.516490442731, 15141.516490442731, 15126.507731941274, 15126.507731941274, 15126.507731941274, 15126.507731941274, 15126.507731941274, 15126.507731941274, 15126.507731941274, 15126.507731941274, 15126.507731941274, 15126.507731941274, 15126.507731941274, 15126.507731941274, 15126.507731941274, 15126.507731941274, 15126.507731941274, 15126.507731941274, 15126.507731941274, 15126.507731941274, 15126.507731941274, 15126.507731941274, 15126.507731941274, 15126.507731941274, 15126.507731941274, 15126.507731941274, 15126.507731941274, 15126.507731941274, 15126.507731941274, 15126.507731941274, 15126.507731941274, 15119.412417514923, 15119.412417514923, 15119.412417514923, 15116.066603228146, 15116.066603228146, 15116.066603228146, 15116.066603228146, 15116.066603228146, 15116.066603228146, 15116.066603228146, 15114.608716837114, 15114.608716837114, 15114.608716837114, 15114.608716837114, 15114.608716837114, 15114.608716837114, 15114.608716837114, 15114.608716837114, 15114.608716837114, 15114.608716837114, 15114.608716837114, 15114.608716837114, 15114.608716837114, 15114.608716837114, 15114.608716837114, 15114.608716837114, 15114.608716837114, 15114.608716837114, 15114.608716837114, 15114.608716837114, 15114.608716837114, 15114.608716837114, 15114.608716837114, 15114.608716837114, 15114.608716837114, 15114.608716837114, 15114.608716837114, 15114.608716837114, 15114.608716837114, 15114.608716837114, 15114.608716837114, 15114.608716837114, 15114.608716837114, 15114.608716837114, 15114.608716837114, 15114.608716837114, 15114.608716837114, 15114.608716837114, 15114.608716837114, 15114.608716837114, 15114.608716837114, 15114.608716837114, 15114.608716837114, 15114.608716837114, 15114.608716837114, 15114.608716837114, 15114.608716837114, 15114.608716837114, 15114.608716837114, 15114.608716837114, 15114.608716837114, 15114.608716837114, 15114.608716837114, 15114.608716837114, 15114.608716837114, 15083.638533014502, 15083.638533014502, 15083.638533014502, 15083.638533014502, 15083.638533014502, 15083.638533014502, 15083.638533014502, 15083.638533014502, 15083.638533014502, 15083.638533014502, 15083.638533014502, 15078.289509587477, 15078.289509587477, 15078.289509587477, 15078.289509587477, 15078.289509587477, 15078.289509587477, 15078.289509587477, 15078.289509587477, 15078.289509587477, 15078.289509587477, 15078.289509587477, 15078.289509587477, 15078.289509587477, 15078.289509587477, 15078.289509587477, 15078.289509587477, 15078.289509587477, 15078.289509587477, 15078.289509587477, 15078.289509587477, 15078.289509587477, 15078.289509587477, 15078.289509587477, 15078.289509587477, 15078.289509587477, 15078.289509587477, 15078.289509587477, 15078.289509587477, 15078.289509587477, 15078.289509587477, 15078.289509587477, 15078.289509587477, 15078.289509587477, 15078.289509587477, 15060.870343720799, 15060.870343720799, 15060.870343720799, 15060.870343720799, 15060.870343720799, 15060.870343720799, 15060.870343720799, 15060.870343720799, 15060.870343720799, 15060.870343720799, 15060.870343720799, 15060.870343720799, 15060.870343720799, 15060.870343720799, 15060.870343720799, 15060.870343720799, 15060.870343720799, 15060.870343720799, 15060.870343720799, 15060.870343720799, 15060.870343720799, 15060.870343720799, 15060.870343720799, 15060.870343720799, 15060.870343720799, 15060.870343720799, 15060.870343720799, 15060.870343720799, 15060.870343720799, 15060.870343720799, 15060.870343720799, 15060.870343720799, 15060.870343720799, 15060.870343720799, 15060.870343720799, 15060.870343720799, 15060.870343720799, 15060.870343720799, 15060.870343720799, 15060.870343720799, 15060.870343720799, 15060.870343720799, 15060.870343720799, 15060.870343720799, 15060.870343720799, 15060.870343720795, 15060.870343720795, 15060.870343720795, 15060.870343720795, 15060.870343720795, 15060.870343720795, 15060.870343720795, 15060.870343720795, 15060.870343720795, 15060.870343720795, 15060.870343720795, 15060.870343720795, 15060.870343720795, 15060.870343720795, 15060.870343720795, 15060.870343720795, 15060.870343720795, 15060.870343720795, 15060.870343720795, 15060.870343720795, 15060.870343720795, 15060.870343720795, 15060.870343720795, 15060.870343720795, 15060.870343720795, 15060.870343720795, 15060.870343720795, 15060.870343720795, 15060.870343720795, 15060.870343720795, 15060.870343720795, 15060.870343720795, 15060.870343720795, 15060.870343720795, 15060.870343720795, 15060.870343720795, 15060.870343720795, 15060.870343720795, 15060.870343720795, 15060.870343720795, 15060.870343720795, 15060.870343720795, 15060.870343720795, 15060.870343720795, 15060.870343720795, 15060.870343720795, 15060.870343720795, 15060.870343720795, 15060.870343720795, 15060.870343720795, 15060.870343720795, 15060.870343720795, 15060.870343720795, 15060.870343720795, 15060.870343720795, 15060.870343720795, 15060.870343720795, 15060.870343720795, 15060.870343720795, 15060.870343720795, 15060.870343720795, 15060.870343720795, 15060.870343720795, 15060.870343720795, 15060.870343720795, 15060.870343720795, 15060.870343720795, 15060.870343720795, 15060.870343720795, 15060.870343720795, 15060.870343720795, 15060.870343720795, 15060.870343720795, 15060.870343720795, 15060.870343720795, 15060.870343720795, 15060.870343720795, 15060.870343720795, 15060.870343720795, 15060.870343720795, 15060.870343720795, 15060.870343720795, 15060.870343720795, 15060.870343720795, 15060.870343720795, 15060.870343720795, 15060.870343720795, 15060.870343720795, 15060.870343720795, 15060.870343720795, 15060.870343720795, 15060.870343720795, 15060.870343720795, 15060.870343720795, 15060.870343720795, 15060.870343720795, 15060.870343720795, 15060.870343720795, 15060.870343720795, 15060.870343720795, 15060.870343720795, 15060.870343720795, 15060.870343720795, 15060.870343720795, 15060.870343720795, 15060.870343720795, 15060.870343720795, 15060.870343720795, 15060.870343720795, 15060.870343720795, 15060.870343720795, 15060.870343720795, 15060.870343720795, 15060.870343720795, 15060.870343720795, 15060.870343720795, 15060.870343720795, 15060.870343720795, 15060.870343720795, 15060.870343720795, 15060.870343720795, 15060.870343720795, 15060.870343720795, 15060.870343720795, 15060.870343720795, 15060.870343720795, 15060.870343720795, 15060.870343720795, 15060.870343720795, 15060.870343720795, 15060.870343720795, 15060.870343720795, 15060.870343720795, 15060.870343720795, 15060.870343720795, 15060.870343720795, 15060.870343720795, 15060.870343720795, 15060.870343720795, 15060.870343720795, 15060.870343720795, 15060.870343720795, 15060.870343720795, 15060.870343720795, 15060.870343720795, 15060.870343720795, 15060.870343720795, 15060.870343720795, 15060.870343720795, 15060.870343720795, 15060.870343720795, 15060.870343720795, 15060.870343720795, 15060.870343720795, 15060.870343720795, 15060.870343720795, 15060.870343720795, 15060.870343720795, 15060.870343720795, 15060.870343720795, 15060.870343720795, 15060.870343720795, 15060.870343720795, 15060.870343720795, 15060.870343720795, 15060.870343720795, 15060.870343720795, 15060.870343720795, 15060.870343720795, 15060.870343720795, 15060.870343720795, 15060.870343720795, 15060.870343720795, 15060.870343720795, 15060.870343720795, 15060.870343720795, 15060.870343720795, 15060.870343720795, 15060.870343720795, 15060.870343720795, 15060.870343720795, 15060.870343720795, 15060.870343720795, 15060.870343720795, 15060.870343720795, 15060.870343720795, 15060.870343720795, 15060.870343720795, 15060.870343720795, 15060.870343720795, 15060.870343720795, 15060.870343720795, 15060.870343720795, 15060.870343720795, 15060.870343720795, 15060.870343720795, 15060.870343720795, 15060.870343720795, 15060.870343720795, 15060.870343720795, 15060.870343720795, 15060.870343720795, 15060.870343720795, 15060.870343720795, 15060.870343720795, 15060.870343720795, 15060.870343720795, 15060.870343720795, 15060.870343720795, 15060.870343720795, 15060.870343720795, 15060.870343720795, 15060.870343720795, 15060.870343720795, 15060.870343720795, 15060.870343720795, 15060.870343720795, 15060.870343720795, 15060.870343720795, 15060.870343720795, 15060.870343720795, 15060.870343720795, 15060.870343720795, 15060.870343720795, 15060.870343720795, 15060.870343720795, 15060.870343720795, 15060.870343720795, 15060.870343720795, 15060.870343720795, 15060.870343720795, 15060.870343720795, 15060.870343720795, 15060.870343720795, 15060.870343720795, 15060.870343720795, 15060.870343720795, 15060.870343720795, 15060.870343720795, 15060.870343720795, 15060.870343720795, 15060.870343720795, 15060.870343720795, 15060.870343720795, 15060.870343720795, 15060.870343720795, 15060.870343720795, 15060.870343720795, 15060.870343720795, 15060.870343720795, 15060.870343720795, 15060.870343720795, 15060.870343720795, 15060.870343720795, 15060.870343720795, 15019.339365988284, 15019.339365988284, 15019.339365988284, 15019.339365988284, 15019.339365988284, 15019.339365988284, 15019.339365988284, 15019.339365988284, 15019.339365988284, 15019.339365988284, 15019.339365988284, 15019.339365988284, 15019.339365988284, 15019.339365988284, 15019.339365988284, 15019.339365988284, 15019.339365988284, 15019.339365988284, 15019.339365988284, 15019.339365988284, 15019.339365988284, 15019.339365988284, 15019.339365988284, 15019.339365988284, 15019.339365988284, 15019.339365988284, 15019.339365988284, 15019.339365988284, 15019.339365988284, 15019.339365988284, 15019.339365988284, 15019.339365988284, 15019.339365988284, 15019.339365988284, 15019.339365988284, 15019.339365988284, 15019.339365988284, 15019.339365988284, 15019.339365988284, 14996.985635165294, 14996.985635165294, 14996.985635165294, 14996.985635165294, 14996.985635165294, 14996.985635165294, 14996.985635165294, 14996.985635165294, 14996.985635165294, 14996.985635165294, 14996.985635165294, 14996.985635165294, 14996.985635165294, 14996.985635165294, 14996.985635165294, 14996.985635165294, 14996.985635165294, 14996.985635165294, 14996.985635165294, 14996.985635165294, 14996.985635165294, 14996.985635165294, 14996.985635165294, 14996.985635165294, 14996.985635165294, 14996.985635165294, 14996.985635165294, 14996.985635165294, 14996.985635165294, 14996.985635165294, 14996.985635165294, 14996.985635165294, 14996.985635165294, 14996.985635165294, 14996.985635165294, 14996.985635165294, 14996.985635165294, 14996.985635165294, 14996.985635165294, 14996.985635165294, 14996.985635165294, 14996.985635165294, 14996.985635165294, 14996.985635165294, 14996.985635165294, 14996.985635165294, 14996.985635165294, 14996.985635165294, 14996.985635165294, 14996.985635165294, 14996.985635165294, 14996.985635165294, 14996.985635165294, 14996.985635165294, 14996.985635165294, 14996.985635165294, 14897.837359388177, 14897.837359388177, 14897.837359388177, 14897.837359388177, 14897.837359388177, 14897.837359388177, 14897.837359388177, 14897.837359388177, 14897.837359388177, 14897.837359388177, 14897.837359388177, 14897.837359388177, 14897.837359388177, 14897.837359388177, 14897.837359388177, 14897.837359388177, 14897.837359388177, 14897.837359388177, 14897.837359388177, 14897.837359388177, 14897.837359388177, 14897.837359388177, 14897.837359388177, 14897.837359388177, 14897.837359388177, 14897.837359388177, 14897.837359388177, 14897.837359388177, 14897.837359388177, 14880.64794743765, 14880.64794743765, 14880.64794743765, 14880.64794743765, 14880.64794743765, 14880.64794743765, 14880.64794743765, 14880.64794743765, 14880.64794743765, 14880.64794743765, 14880.64794743765, 14880.64794743765, 14880.64794743765, 14880.64794743765, 14880.64794743765, 14880.64794743765, 14880.64794743765, 14880.64794743765, 14880.64794743765, 14880.64794743765, 14880.64794743765, 14880.64794743765, 14880.64794743765, 14880.64794743765, 14880.64794743765, 14880.64794743765, 14880.64794743765, 14880.64794743765, 14880.64794743765, 14880.64794743765, 14880.64794743765, 14880.64794743765, 14880.64794743765, 14880.64794743765, 14880.64794743765, 14880.64794743765, 14880.64794743765, 14880.64794743765, 14864.181302545163, 14864.181302545163, 14864.181302545163, 14864.181302545163, 14864.181302545163, 14864.181302545163, 14864.181302545163, 14864.181302545163, 14864.181302545163, 14864.181302545163, 14864.181302545163, 14864.181302545163, 14864.181302545163, 14864.181302545163, 14864.181302545163, 14864.181302545163, 14864.181302545163, 14864.181302545163, 14864.181302545163, 14864.181302545163, 14864.181302545163, 14864.181302545163, 14864.181302545163, 14864.181302545163, 14864.181302545163, 14864.181302545163, 14864.181302545163, 14864.181302545163, 14864.181302545163, 14864.181302545163, 14864.181302545163, 14864.181302545163, 14864.181302545163, 14864.181302545163, 14864.181302545163, 14864.181302545163, 14864.181302545163, 14864.181302545163, 14864.181302545163, 14864.181302545163, 14864.181302545163, 14864.181302545163, 14864.181302545163, 14864.181302545163, 14864.181302545163, 14864.181302545163, 14864.181302545163, 14864.181302545163, 14864.181302545163, 14864.181302545163, 14864.181302545163, 14864.181302545163, 14864.181302545163, 14864.181302545163, 14864.181302545163, 14864.181302545163, 14864.181302545163, 14864.181302545163, 14864.181302545163, 14864.181302545163, 14864.181302545163, 14864.181302545163, 14864.181302545163, 14864.181302545163, 14864.181302545163, 14864.181302545163, 14864.181302545163, 14864.181302545163, 14864.181302545163, 14864.181302545163, 14864.181302545163, 14864.181302545163, 14864.181302545163, 14864.181302545163, 14864.181302545163, 14864.181302545163, 14864.181302545163, 14864.181302545163, 14864.181302545163, 14864.181302545163, 14864.181302545163, 14864.181302545163, 14864.181302545163, 14864.181302545163, 14864.181302545163, 14864.181302545163, 14864.181302545163, 14864.181302545163, 14864.181302545163, 14864.181302545163, 14864.181302545163, 14864.181302545163, 14864.181302545163, 14864.181302545163, 14864.181302545163, 14864.181302545163, 14864.181302545163, 14864.181302545163, 14864.181302545163, 14864.181302545163, 14864.181302545163, 14864.181302545163, 14864.181302545163, 14864.181302545163, 14864.181302545163, 14864.181302545163, 14864.181302545163, 14864.181302545163, 14864.181302545163, 14864.181302545163, 14864.181302545163, 14864.181302545163, 14864.181302545163, 14864.181302545163, 14864.181302545163, 14864.181302545163, 14864.181302545163, 14864.181302545163, 14864.181302545163, 14864.181302545163, 14864.181302545163, 14864.181302545163, 14864.181302545163, 14864.181302545163, 14864.181302545163, 14864.181302545163, 14864.181302545163, 14864.181302545163, 14864.181302545163, 14864.181302545163, 14864.181302545163, 14864.181302545163, 14864.181302545163, 14864.181302545163, 14864.181302545163, 14864.181302545163, 14864.181302545163, 14864.181302545163, 14864.181302545163, 14864.181302545163, 14864.181302545163, 14864.181302545163, 14864.181302545163, 14864.181302545163, 14864.181302545163, 14864.181302545163, 14864.181302545163, 14864.181302545163, 14864.181302545163, 14864.181302545163, 14864.181302545163, 14864.181302545163, 14864.181302545163, 14864.181302545163, 14864.181302545163, 14864.181302545163, 14864.181302545163, 14864.181302545163, 14864.181302545163, 14864.181302545163, 14864.181302545163, 14864.181302545163, 14864.181302545163, 14864.181302545163, 14864.181302545163, 14864.181302545163, 14864.181302545163, 14864.181302545163, 14864.181302545163, 14864.181302545163, 14864.181302545163, 14864.181302545163, 14864.181302545163, 14864.181302545163, 14864.181302545163, 14864.181302545163, 14864.181302545163, 14864.181302545163, 14864.181302545163, 14864.181302545163, 14864.181302545163, 14864.181302545163, 14864.181302545163, 14864.181302545163, 14864.181302545163, 14864.181302545163, 14864.181302545163, 14864.181302545163, 14864.181302545163, 14864.181302545163, 14864.181302545163, 14864.181302545163, 14864.181302545163, 14864.181302545163, 14864.181302545163, 14864.181302545163, 14864.181302545163, 14864.181302545163, 14864.181302545163, 14864.181302545163, 14864.181302545163, 14864.181302545163, 14864.181302545163, 14864.181302545163, 14864.181302545163, 14864.181302545163, 14864.181302545163, 14864.181302545163, 14864.181302545163, 14864.181302545163, 14864.181302545163, 14864.181302545163, 14864.181302545163, 14864.181302545163, 14864.181302545163, 14864.181302545163, 14864.181302545163, 14864.181302545163, 14864.181302545163, 14864.181302545163, 14864.181302545163, 14864.181302545163, 14864.181302545163, 14864.181302545163, 14864.181302545163, 14864.181302545163, 14864.181302545163, 14864.181302545163, 14864.181302545163, 14864.181302545163, 14864.181302545163, 14864.181302545163, 14864.181302545163, 14864.181302545163, 14864.181302545163, 14864.181302545163, 14864.181302545163, 14864.181302545163, 14864.181302545163, 14864.181302545163, 14864.181302545163, 14864.181302545163, 14864.181302545163, 14864.181302545163, 14864.181302545163, 14863.810678962574, 14863.810678962574, 14863.810678962574, 14863.810678962574, 14863.810678962574, 14863.810678962574, 14863.810678962574, 14863.810678962574, 14863.810678962574, 14863.810678962574, 14863.810678962574, 14863.810678962574, 14863.810678962574, 14863.810678962574, 14863.810678962574, 14863.810678962574, 14863.810678962574, 14863.810678962574, 14863.810678962574, 14863.810678962574, 14863.810678962574, 14863.810678962574, 14863.810678962574, 14863.810678962574, 14863.810678962574, 14863.810678962574, 14863.810678962574, 14863.810678962574, 14863.810678962574, 14863.810678962574, 14863.810678962574, 14863.810678962574, 14863.810678962574, 14863.810678962574, 14863.810678962574, 14863.810678962574, 14863.810678962574, 14863.810678962574, 14863.810678962574, 14863.810678962574, 14863.810678962574, 14863.810678962574, 14863.810678962574, 14863.810678962574, 14863.810678962573, 14863.810678962573, 14863.810678962573, 14863.810678962573, 14863.810678962573, 14863.810678962573, 14863.810678962573, 14863.810678962573, 14863.810678962573, 14863.810678962573, 14863.810678962573, 14863.810678962573, 14863.810678962573, 14863.810678962573, 14863.810678962573, 14863.810678962573, 14863.810678962573, 14863.810678962573, 14863.810678962573, 14863.810678962573, 14863.810678962573, 14863.810678962573, 14863.810678962573, 14863.810678962573, 14863.810678962573, 14863.810678962573, 14863.810678962573, 14863.810678962573, 14863.810678962573, 14863.810678962573, 14863.810678962573, 14863.810678962573, 14863.810678962573, 14863.810678962573, 14863.810678962573, 14863.810678962573, 14863.810678962573, 14863.810678962573, 14863.810678962573, 14863.810678962573, 14863.810678962573, 14863.810678962573, 14863.810678962573, 14863.810678962573, 14863.810678962573, 14863.810678962573, 14863.810678962573, 14863.810678962573, 14863.810678962573, 14863.810678962573, 14863.810678962573, 14863.810678962573, 14863.810678962573, 14863.810678962573, 14863.810678962573, 14863.810678962573, 14863.810678962573, 14863.810678962573, 14863.810678962573, 14863.810678962573, 14863.810678962573, 14863.810678962573, 14863.810678962573, 14863.810678962573, 14863.810678962573, 14863.810678962573, 14863.810678962573, 14863.810678962573, 14863.810678962573, 14863.810678962573, 14863.810678962573, 14863.810678962573, 14863.810678962573, 14863.810678962573, 14863.810678962573, 14863.810678962573, 14863.810678962573, 14863.810678962573, 14863.810678962573, 14863.810678962573, 14863.810678962573, 14863.810678962573, 14863.810678962573, 14863.810678962573, 14863.810678962573, 14863.810678962573, 14863.810678962573, 14863.810678962573, 14863.810678962573, 14863.810678962573, 14863.810678962573, 14863.810678962573, 14863.810678962573, 14863.810678962573, 14863.810678962573, 14863.810678962573, 14863.810678962573, 14863.810678962573, 14863.810678962573, 14863.810678962573, 14863.810678962573, 14863.810678962573, 14863.810678962573, 14863.810678962573, 14863.810678962573, 14863.810678962573, 14863.810678962573, 14863.810678962573, 14863.810678962573, 14863.810678962573, 14863.810678962573, 14863.810678962573, 14863.810678962573, 14863.810678962573, 14863.810678962573, 14863.810678962573, 14863.810678962573, 14863.810678962573, 14863.810678962573, 14863.810678962573, 14863.810678962573, 14863.810678962573, 14863.810678962573, 14863.810678962573, 14863.810678962573, 14860.681411819287, 14860.681411819287, 14860.681411819287, 14860.681411819287, 14860.681411819287, 14860.681411819287, 14860.681411819287, 14860.681411819287, 14860.681411819287, 14860.681411819287, 14860.681411819287, 14860.681411819287, 14860.681411819287, 14860.681411819287, 14860.681411819287, 14860.681411819287, 14860.681411819287, 14860.681411819287, 14860.681411819287, 14860.681411819287, 14860.681411819287, 14860.681411819287, 14860.681411819287, 14860.681411819287, 14860.681411819287, 14860.681411819287, 14860.681411819287, 14860.681411819287, 14860.681411819287, 14860.681411819287, 14860.681411819287, 14860.681411819287, 14860.681411819287, 14860.681411819287, 14860.681411819287, 14860.681411819287, 14860.681411819287, 14860.681411819287, 14860.681411819287, 14860.681411819287, 14860.681411819287, 14860.681411819287, 14860.681411819287, 14860.681411819287, 14860.681411819287, 14860.681411819287, 14860.681411819287, 14860.681411819287, 14860.681411819287, 14860.681411819287, 14860.681411819287, 14860.681411819287, 14860.681411819287, 14860.681411819287, 14860.681411819287, 14860.681411819287, 14860.681411819287, 14860.681411819287, 14860.681411819287, 14860.681411819287, 14860.681411819287, 14860.681411819287, 14860.681411819287, 14860.681411819287, 14860.681411819287, 14860.681411819287, 14860.681411819287, 14860.681411819287, 14860.681411819287, 14860.681411819287, 14860.681411819287, 14860.681411819287, 14860.681411819287, 14860.681411819287, 14860.681411819287, 14860.681411819287, 14860.681411819287, 14860.681411819287, 14860.681411819287, 14860.681411819287, 14860.681411819287, 14860.681411819287, 14860.681411819287, 14860.681411819287, 14860.681411819287, 14860.681411819287, 14860.681411819287, 14860.681411819287, 14860.681411819287, 14860.681411819287, 14860.681411819287, 14860.681411819287, 14860.681411819287, 14860.681411819287, 14860.681411819287, 14860.681411819287, 14860.681411819287, 14860.681411819287, 14860.681411819287, 14860.681411819287, 14860.681411819287, 14860.681411819287, 14860.681411819287, 14860.681411819287, 14860.681411819287, 14860.681411819287, 14860.681411819287, 14860.681411819287, 14860.681411819287, 14860.681411819287, 14860.681411819287, 14860.681411819287, 14860.681411819287, 14860.681411819287, 14860.681411819287, 14860.681411819287, 14860.681411819287, 14860.681411819287, 14860.681411819287, 14860.681411819287, 14860.681411819287, 14860.681411819287, 14860.681411819287, 14860.681411819287, 14860.681411819287, 14860.681411819287, 14860.681411819287, 14860.681411819287, 14860.681411819287, 14860.681411819287, 14860.681411819287, 14860.681411819287, 14860.681411819287, 14860.681411819287, 14860.681411819287, 14860.681411819287, 14860.681411819287, 14860.681411819287, 14860.66129992629, 14860.66129992629, 14860.66129992629, 14860.66129992629, 14860.66129992629, 14860.66129992629, 14860.66129992629, 14860.66129992629, 14860.66129992629, 14860.66129992629, 14860.66129992629, 14860.66129992629, 14860.66129992629, 14860.66129992629, 14860.66129992629, 14860.66129992629, 14860.66129992629, 14860.66129992629, 14860.66129992629, 14860.66129992629, 14860.66129992629, 14860.66129992629, 14860.66129992629, 14860.66129992629, 14860.66129992629, 14860.66129992629, 14860.66129992629, 14860.66129992629, 14860.66129992629, 14860.66129992629, 14860.66129992629, 14860.66129992629, 14860.66129992629, 14860.66129992629, 14860.66129992629, 14860.66129992629, 14860.66129992629, 14860.66129992629, 14860.66129992629, 14860.66129992629, 14860.66129992629, 14860.66129992629, 14860.66129992629, 14860.66129992629, 14860.66129992629, 14860.66129992629, 14860.66129992629, 14860.66129992629, 14860.66129992629, 14860.66129992629, 14860.66129992629, 14860.66129992629, 14860.66129992629, 14860.66129992629, 14860.66129992629, 14860.66129992629, 14860.66129992629, 14860.66129992629, 14860.66129992629, 14860.66129992629, 14860.66129992629, 14860.66129992629, 14860.66129992629, 14860.66129992629, 14860.66129992629, 14860.66129992629, 14860.66129992629, 14860.66129992629, 14860.66129992629, 14860.66129992629, 14860.66129992629, 14860.66129992629, 14860.66129992629, 14860.66129992629, 14860.66129992629, 14860.66129992629, 14860.66129992629, 14860.66129992629, 14860.66129992629, 14860.66129992629, 14860.66129992629, 14860.66129992629, 14860.66129992629, 14860.66129992629, 14860.66129992629, 14860.66129992629, 14860.66129992629, 14860.66129992629, 14860.66129992629, 14860.66129992629, 14860.66129992629, 14860.66129992629, 14860.66129992629, 14860.66129992629, 14860.66129992629, 14860.66129992629, 14860.66129992629, 14860.66129992629, 14860.66129992629, 14860.66129992629, 14860.66129992629, 14860.66129992629, 14860.66129992629, 14860.66129992629, 14860.66129992629, 14860.66129992629, 14860.66129992629, 14860.66129992629, 14860.66129992629, 14860.66129992629, 14860.66129992629, 14860.66129992629, 14860.66129992629, 14860.66129992629, 14860.66129992629, 14860.66129992629, 14860.66129992629, 14860.66129992629, 14860.66129992629, 14860.66129992629, 14860.66129992629, 14860.66129992629, 14860.66129992629, 14860.66129992629, 14860.66129992629, 14860.66129992629, 14860.66129992629, 14860.66129992629, 14860.66129992629, 14860.66129992629, 14860.66129992629, 14860.66129992629, 14860.66129992629, 14860.66129992629, 14860.66129992629, 14860.66129992629, 14860.66129992629, 14860.66129992629, 14860.66129992629, 14860.66129992629, 14860.66129992629, 14860.66129992629, 14860.66129992629, 14860.66129992629, 14860.66129992629, 14860.66129992629, 14860.66129992629, 14860.66129992629, 14860.66129992629, 14860.66129992629, 14860.66129992629, 14860.66129992629, 14860.66129992629, 14860.66129992629, 14860.66129992629, 14860.66129992629, 14860.66129992629, 14860.66129992629, 14860.66129992629, 14860.66129992629, 14860.66129992629, 14860.66129992629, 14860.66129992629, 14860.66129992629, 14860.66129992629, 14860.66129992629, 14860.66129992629, 14860.66129992629, 14860.66129992629, 14860.66129992629, 14860.66129992629, 14860.66129992629, 14860.66129992629, 14860.66129992629, 14860.66129992629, 14860.66129992629, 14860.66129992629, 14860.66129992629, 14860.66129992629, 14860.66129992629, 14860.66129992629, 14860.66129992629, 14860.66129992629, 14860.66129992629, 14860.66129992629, 14860.66129992629, 14860.66129992629, 14860.66129992629, 14860.66129992629, 14860.66129992629, 14860.66129992629, 14860.66129992629, 14860.66129992629, 14860.66129992629, 14860.66129992629, 14860.66129992629, 14860.66129992629, 14860.66129992629, 14860.66129992629, 14860.66129992629, 14860.66129992629, 14860.66129992629, 14860.66129992629, 14860.66129992629, 14860.66129992629, 14860.66129992629, 14860.66129992629, 14860.66129992629, 14860.66129992629, 14860.66129992629, 14860.66129992629, 14860.66129992629, 14860.66129992629, 14860.66129992629, 14860.66129992629, 14860.66129992629, 14860.66129992629, 14860.66129992629, 14860.66129992629, 14860.66129992629, 14860.66129992629, 14860.66129992629, 14860.66129992629, 14860.66129992629, 14860.66129992629, 14860.66129992629, 14860.66129992629, 14860.66129992629, 14860.66129992629, 14860.66129992629, 14860.66129992629, 14860.66129992629, 14860.66129992629, 14860.66129992629, 14860.66129992629, 14860.66129992629, 14860.66129992629, 14860.66129992629, 14860.66129992629, 14860.66129992629, 14860.66129992629, 14860.66129992629, 14860.66129992629, 14860.66129992629, 14860.66129992629, 14860.66129992629, 14860.66129992629, 14860.66129992629, 14860.66129992629, 14860.66129992629, 14860.66129992629, 14860.66129992629, 14860.66129992629, 14860.66129992629, 14860.66129992629, 14860.66129992629, 14860.66129992629, 14860.66129992629, 14860.66129992629, 14860.66129992629, 14860.66129992629, 14860.66129992629, 14860.66129992629, 14860.66129992629, 14860.66129992629, 14860.66129992629, 14860.66129992629, 14860.66129992629, 14860.66129992629, 14860.66129992629, 14860.66129992629, 14860.66129992629, 14860.66129992629, 14860.66129992629, 14860.66129992629, 14860.66129992629, 14860.66129992629, 14860.66129992629, 14860.66129992629, 14860.66129992629, 14860.66129992629, 14860.66129992629, 14860.66129992629, 14860.66129992629, 14860.66129992629, 14860.66129992629, 14860.66129992629, 14860.66129992629, 14860.66129992629, 14860.66129992629, 14860.66129992629, 14860.66129992629, 14860.66129992629, 14860.66129992629, 14860.66129992629, 14860.66129992629, 14860.66129992629, 14860.66129992629, 14860.66129992629, 14860.66129992629, 14860.66129992629, 14860.66129992629, 14860.66129992629, 14860.66129992629, 14860.66129992629, 14860.66129992629, 14860.66129992629, 14860.66129992629, 14860.66129992629, 14860.66129992629, 14860.66129992629, 14860.66129992629, 14860.66129992629, 14860.66129992629, 14860.66129992629, 14860.66129992629, 14860.66129992629, 14860.66129992629, 14860.66129992629, 14860.66129992629, 14860.66129992629, 14860.66129992629, 14860.66129992629, 14860.66129992629, 14860.66129992629, 14860.66129992629, 14860.66129992629, 14860.66129992629, 14860.66129992629, 14860.66129992629, 14860.66129992629, 14860.66129992629, 14860.66129992629, 14860.66129992629, 14860.66129992629, 14860.66129992629, 14860.66129992629, 14860.66129992629, 14860.66129992629, 14860.66129992629, 14860.66129992629, 14860.66129992629, 14860.66129992629, 14860.66129992629, 14860.66129992629, 14860.66129992629, 14860.66129992629, 14860.66129992629, 14860.66129992629, 14860.66129992629, 14860.66129992629, 14860.66129992629, 14860.66129992629, 14860.66129992629, 14860.66129992629, 14860.66129992629, 14860.66129992629, 14860.66129992629, 14860.66129992629, 14860.66129992629, 14860.66129992629, 14860.66129992629, 14860.66129992629, 14860.66129992629, 14860.66129992629, 14860.66129992629, 14860.66129992629, 14860.66129992629, 14860.66129992629, 14860.66129992629, 14860.66129992629, 14860.66129992629, 14860.66129992629, 14860.66129992629, 14860.66129992629, 14860.66129992629, 14860.66129992629, 14860.66129992629, 14860.66129992629, 14860.66129992629, 14860.66129992629, 14860.66129992629, 14860.66129992629, 14860.66129992629, 14860.66129992629, 14860.66129992629, 14860.66129992629, 14860.66129992629, 14860.66129992629, 14860.66129992629, 14860.66129992629, 14860.66129992629, 14860.66129992629, 14860.66129992629, 14860.66129992629, 14860.66129992629, 14860.66129992629, 14860.661299926287, 14860.661299926287, 14860.661299926287, 14860.661299926287, 14860.661299926287, 14860.661299926287, 14860.661299926287, 14860.661299926287, 14860.661299926287, 14860.661299926287, 14860.661299926287, 14860.661299926287, 14860.661299926287, 14860.661299926287, 14860.661299926287, 14860.661299926287, 14860.661299926287, 14860.661299926287, 14860.661299926287, 14860.661299926287, 14860.661299926287, 14860.661299926287, 14860.661299926287, 14860.661299926287, 14860.661299926287, 14860.661299926287, 14860.661299926287, 14860.661299926287, 14860.661299926287, 14860.661299926287, 14860.661299926287, 14860.661299926287, 14860.661299926287, 14860.661299926287, 14860.661299926287, 14860.661299926287, 14860.661299926287, 14860.661299926287, 14860.661299926287, 14860.661299926287, 14860.661299926287, 14860.661299926287, 14860.661299926287, 14860.661299926287, 14860.661299926287, 14860.661299926287, 14860.661299926287, 14860.661299926287, 14860.661299926287, 14860.661299926287, 14860.661299926287, 14860.661299926287, 14860.661299926287, 14860.661299926287, 14860.661299926287, 14860.661299926287, 14860.661299926287, 14860.661299926287, 14860.661299926287, 14860.661299926287, 14860.661299926287, 14860.661299926287, 14860.661299926287, 14860.661299926287, 14860.661299926287, 14860.661299926287, 14860.661299926287, 14860.661299926287, 14860.661299926287, 14860.661299926287, 14860.661299926287, 14860.661299926287, 14860.661299926287, 14860.661299926287, 14860.661299926287, 14860.661299926287, 14860.661299926287, 14860.661299926287, 14860.661299926287, 14860.661299926287, 14860.661299926287, 14860.661299926287, 14860.661299926287, 14860.661299926287, 14860.661299926287, 14860.661299926287, 14860.661299926287, 14860.661299926287, 14860.661299926287, 14860.661299926287, 14860.661299926287, 14860.661299926287, 14860.661299926287, 14860.661299926287, 14860.661299926287, 14860.661299926287, 14860.661299926287, 14860.661299926287, 14860.661299926287, 14860.661299926287, 14860.661299926287, 14860.661299926287, 14860.661299926287, 14860.661299926287, 14860.661299926287, 14860.661299926287, 14860.661299926287, 14860.661299926287, 14860.661299926287, 14860.661299926287, 14860.661299926287, 14860.661299926287, 14860.661299926287, 14860.661299926287, 14860.661299926287, 14860.661299926287, 14860.661299926287, 14860.661299926287, 14860.661299926287, 14860.661299926287, 14860.661299926287, 14860.661299926287, 14860.661299926287, 14860.661299926287, 14860.661299926287, 14860.661299926287, 14860.661299926287, 14860.661299926287, 14860.661299926287, 14860.661299926287, 14860.661299926287, 14860.661299926287, 14860.661299926287, 14860.661299926287, 14849.453695652224, 14833.630679400985, 14833.630679400985, 14833.630679400985, 14833.630679400985, 14833.630679400985, 14833.630679400985, 14833.630679400985, 14831.48260889782, 14831.48260889782, 14831.48260889782, 14831.48260889782, 14831.48260889782, 14831.48260889782, 14831.48260889782, 14831.48260889782, 14831.48260889782, 14831.48260889782, 14831.48260889782, 14831.48260889782, 14831.48260889782, 14831.48260889782, 14831.48260889782, 14831.48260889782, 14823.56337140322, 14823.56337140322, 14823.56337140322, 14823.56337140322, 14814.497310462288, 14802.899866269436, 14802.899866269436, 14802.899866269436, 14802.899866269436, 14802.899866269436, 14802.899866269436, 14802.899866269436, 14802.899866269436, 14802.899866269436, 14802.899866269436, 14802.899866269436, 14802.899866269436, 14800.109134904618, 14800.109134904618, 14800.109134904618, 14800.109134904618, 14800.109134904618, 14796.317554353116, 14796.317554353116, 14796.317554353116, 14796.317554353116, 14796.317554353116, 14796.317554353116, 14796.317554353116, 14796.317554353116, 14796.317554353116, 14796.317554353116, 14796.317554353116, 14796.317554353116, 14796.317554353116, 14796.317554353116, 14796.317554353116, 14796.317554353116, 14793.040467986026, 14793.040467986026, 14793.040467986026, 14793.040467986026, 14793.040467986026, 14793.040467986026, 14793.040467986026, 14792.534191778339, 14792.534191778339, 14792.534191778339, 14792.534191778339, 14792.534191778339, 14792.534191778339, 14792.534191778339, 14792.534191778339, 14792.534191778339, 14792.534191778339, 14785.465524859748, 14785.465524859748, 14785.465524859748, 14785.465524859748, 14785.465524859748, 14785.465524859748, 14785.465524859748, 14785.465524859748, 14785.465524859748, 14785.465524859748, 14785.465524859748, 14785.465524859748, 14785.465524859748, 14785.465524859748, 14785.465524859748, 14785.465524859748, 14785.465524859748, 14785.465524859748, 14785.465524859748, 14785.465524859748, 14785.465524859748, 14785.465524859748, 14785.465524859748, 14785.465524859748, 14785.465524859748, 14785.465524859748, 14785.465524859748, 14785.465524859748, 14785.465524859748, 14785.465524859748, 14785.465524859748, 14785.465524859748, 14785.465524859748, 14785.465524859748, 14785.465524859748, 14785.465524859748, 14785.465524859748, 14785.465524859748, 14785.465524859748, 14782.07519623722, 14782.07519623722, 14782.07519623722, 14782.07519623722, 14782.07519623722, 14782.07519623722, 14782.07519623722, 14782.07519623722, 14782.07519623722, 14778.040866926654, 14778.040866926654, 14778.040866926654, 14778.040866926654, 14778.040866926654, 14778.040866926654, 14778.040866926654, 14778.040866926654, 14778.040866926654, 14778.040866926654, 14778.040866926654, 14778.040866926654, 14778.040866926654, 14778.040866926654, 14778.040866926654, 14778.040866926654, 14778.040866926654, 14778.040866926654, 14778.040866926654, 14778.040866926654, 14778.040866926654, 14778.040866926654, 14778.040866926654, 14778.040866926654, 14778.040866926654, 14778.040866926654, 14778.040866926654, 14778.040866926654, 14778.040866926654, 14778.040866926654, 14778.040866926654, 14778.040866926654, 14778.040866926654, 14778.040866926654, 14778.040866926654, 14778.040866926654, 14778.040866926654, 14778.040866926654, 14778.040866926654, 14778.040866926654, 14778.040866926654, 14778.040866926654, 14778.040866926654, 14778.040866926654, 14778.040866926654, 14778.040866926654, 14748.485018083686, 14748.485018083686, 14748.485018083686, 14748.485018083686, 14748.485018083686, 14748.485018083686, 14748.485018083686, 14748.485018083686, 14748.485018083686, 14709.690666054677, 14709.690666054677, 14709.690666054677, 14709.690666054677, 14709.690666054677, 14709.690666054677, 14709.690666054677, 14709.690666054677, 14709.690666054677, 14709.690666054677, 14709.690666054677, 14709.690666054677, 14709.690666054677, 14709.690666054677, 14709.690666054677, 14709.690666054677, 14709.690666054677, 14709.690666054677, 14709.690666054677, 14709.690666054677, 14709.690666054677, 14709.690666054677, 14709.690666054677, 14693.152134852464, 14693.152134852464, 14693.152134852464, 14693.152134852464, 14693.152134852464, 14693.152134852464, 14693.152134852464, 14693.152134852464, 14693.152134852464, 14693.152134852464, 14693.152134852464, 14693.152134852464, 14693.152134852464, 14674.39303487152, 14674.39303487152, 14674.39303487152, 14674.39303487152, 14674.39303487152, 14674.39303487152, 14674.39303487152, 14674.39303487152, 14674.39303487152, 14674.39303487152, 14674.39303487152, 14674.39303487152, 14674.39303487152, 14674.39303487152, 14674.39303487152, 14674.39303487152, 14674.39303487152, 14674.39303487152, 14674.39303487152, 14674.39303487152, 14670.417946980066, 14670.417946980066, 14670.417946980066, 14670.417946980066]
Computational time : 1797.10800004