Name : Ahmed ElMousel
Problem : X-n190-k8 
Whale Algorithm 
cost : 1122.11915696
Routes : 
1->19->36->45->1
1->42->3->11->48->18->15->1
1->13->6->2->7->23->33->1
1->37->39->26->20->38->8->41->1
1->35->10->25->5->12->43->16->28->46->1
1->17->34->47->14->31->22->30->29->1
1->9->40->27->21->4->44->32->24->1
best solutions : 
[1153.8336920223921, 1153.8336920223921, 1153.8336920223921, 1153.8336920223921, 1153.8336920223921, 1153.8336920223921, 1153.8336920223921, 1153.8336920223921, 1153.8336920223921, 1153.8336920223921, 1153.8336920223921, 1153.8336920223921, 1153.8336920223921, 1153.8336920223921, 1153.8336920223921, 1139.5051734666688, 1139.5051734666688, 1139.5051734666688, 1132.866955772536, 1132.866955772536, 1132.866955772536, 1132.866955772536, 1132.866955772536, 1132.866955772536, 1132.866955772536, 1132.866955772536, 1132.866955772536, 1132.866955772536, 1132.4656844524904, 1132.4656844524904, 1132.4656844524904, 1132.4656844524904, 1132.4656844524904, 1132.4656844524904, 1128.006389703231, 1128.006389703231, 1128.006389703231, 1128.006389703231, 1128.006389703231, 1128.006389703231, 1128.006389703231, 1128.006389703231, 1128.006389703231, 1128.006389703231, 1128.006389703231, 1128.006389703231, 1125.4057234364325, 1125.4057234364325, 1125.4057234364325, 1125.4057234364325, 1125.4057234364325, 1125.4057234364325, 1125.4057234364325, 1125.4057234364325, 1125.4057234364325, 1125.4057234364325, 1125.4057234364325, 1125.004452116387, 1125.004452116387, 1125.004452116387, 1125.004452116387, 1125.004452116387, 1125.004452116387, 1125.004452116387, 1125.004452116387, 1125.004452116387, 1125.004452116387, 1125.004452116387, 1125.004452116387, 1125.004452116387, 1125.004452116387, 1125.004452116387, 1125.004452116387, 1125.004452116387, 1125.004452116387, 1125.004452116387, 1125.004452116387, 1125.004452116387, 1125.004452116387, 1125.004452116387, 1125.004452116387, 1125.004452116387, 1124.7962136011017, 1124.7962136011017, 1124.7962136011017, 1124.7962136011017, 1124.7962136011017, 1124.7962136011017, 1124.7962136011017, 1124.7962136011017, 1124.7962136011017, 1124.7962136011017, 1124.7962136011017, 1124.7962136011017, 1124.7962136011017, 1124.7962136011017, 1124.7962136011017, 1124.7962136011017, 1124.7962136011017, 1124.7962136011017, 1124.7962136011017, 1124.7962136011017, 1124.7962136011017, 1124.7962136011017, 1124.7962136011017, 1124.7962136011017, 1124.7962136011017, 1124.7962136011017, 1124.7962136011017, 1124.7962136011017, 1124.7962136011017, 1124.7962136011017, 1124.7962136011017, 1124.7962136011017, 1124.7962136011017, 1124.7962136011017, 1124.7962136011017, 1124.7962136011017, 1124.7962136011017, 1124.7962136011017, 1124.7962136011017, 1124.7962136011017, 1124.7962136011017, 1124.7962136011017, 1124.7962136011017, 1124.7962136011017, 1124.7962136011017, 1124.7962136011017, 1124.7962136011017, 1124.7962136011017, 1124.7962136011017, 1124.7962136011017, 1124.7962136011017, 1124.7962136011017, 1124.7962136011017, 1124.7962136011017, 1124.7962136011017, 1124.7962136011017, 1124.7962136011017, 1124.7962136011017, 1124.7962136011017, 1124.7962136011017, 1124.7962136011017, 1124.7962136011017, 1124.7962136011017, 1124.7962136011017, 1124.7962136011017, 1124.7962136011017, 1124.7962136011017, 1124.7962136011017, 1124.7962136011017, 1122.1191569627704, 1122.1191569627704, 1122.1191569627704, 1122.1191569627704, 1122.1191569627704, 1122.1191569627704, 1122.1191569627704, 1122.1191569627704, 1122.1191569627704, 1122.1191569627704, 1122.1191569627704, 1122.1191569627704, 1122.1191569627704, 1122.1191569627704, 1122.1191569627704, 1122.1191569627704, 1122.1191569627704, 1122.1191569627704, 1122.1191569627704, 1122.1191569627704, 1122.1191569627704, 1122.1191569627704, 1122.1191569627704, 1122.1191569627704, 1122.1191569627704, 1122.1191569627704, 1122.1191569627704, 1122.1191569627704, 1122.1191569627704, 1122.1191569627704, 1122.1191569627704, 1122.1191569627704, 1122.1191569627704, 1122.1191569627704, 1122.1191569627704, 1122.1191569627704, 1122.1191569627704, 1122.1191569627704, 1122.1191569627704, 1122.1191569627704, 1122.1191569627704, 1122.1191569627704, 1122.1191569627704, 1122.1191569627704, 1122.1191569627704, 1122.1191569627704, 1122.1191569627704, 1122.1191569627704, 1122.1191569627704, 1122.1191569627704, 1122.1191569627704, 1122.1191569627704, 1122.1191569627704, 1122.1191569627704, 1122.1191569627704, 1122.1191569627704, 1122.1191569627704, 1122.1191569627704, 1122.1191569627704, 1122.1191569627704, 1122.1191569627704, 1122.1191569627704, 1122.1191569627704, 1122.1191569627704, 1122.1191569627704, 1122.1191569627704, 1122.1191569627704, 1122.1191569627704, 1122.1191569627704, 1122.1191569627704, 1122.1191569627704, 1122.1191569627704, 1122.1191569627704, 1122.1191569627704, 1122.1191569627704, 1122.1191569627704, 1122.1191569627704, 1122.1191569627704, 1122.1191569627704, 1122.1191569627704, 1122.1191569627704, 1122.1191569627704, 1122.1191569627704, 1122.1191569627704, 1122.1191569627704, 1122.1191569627704, 1122.1191569627704, 1122.1191569627704, 1122.1191569627704, 1122.1191569627704, 1122.1191569627704, 1122.1191569627704, 1122.1191569627704, 1122.1191569627704, 1122.1191569627704, 1122.1191569627704, 1122.1191569627704, 1122.1191569627704, 1122.1191569627704, 1122.1191569627704, 1122.1191569627704, 1122.1191569627704, 1122.1191569627704, 1122.1191569627704, 1122.1191569627704, 1122.1191569627704, 1122.1191569627704, 1122.1191569627704, 1122.1191569627704, 1122.1191569627704, 1122.1191569627704, 1122.1191569627704, 1122.1191569627704, 1122.1191569627704, 1122.1191569627704, 1122.1191569627704, 1122.1191569627704, 1122.1191569627704, 1122.1191569627704, 1122.1191569627704, 1122.1191569627704, 1122.1191569627704, 1122.1191569627704, 1122.1191569627704, 1122.1191569627704, 1122.1191569627704, 1122.1191569627704, 1122.1191569627704, 1122.1191569627704, 1122.1191569627704, 1122.1191569627704, 1122.1191569627704, 1122.1191569627704, 1122.1191569627704, 1122.1191569627704, 1122.1191569627704, 1122.1191569627704, 1122.1191569627704, 1122.1191569627704, 1122.1191569627704, 1122.1191569627704, 1122.1191569627704, 1122.1191569627704, 1122.1191569627704, 1122.1191569627704, 1122.1191569627704, 1122.1191569627704, 1122.1191569627704, 1122.1191569627704, 1122.1191569627704, 1122.1191569627704, 1122.1191569627704, 1122.1191569627704, 1122.1191569627704, 1122.1191569627704, 1122.1191569627704, 1122.1191569627704, 1122.1191569627704, 1122.1191569627704, 1122.1191569627704, 1122.1191569627704, 1122.1191569627704, 1122.1191569627704, 1122.1191569627704, 1122.1191569627704, 1122.1191569627704, 1122.1191569627704, 1122.1191569627704, 1122.1191569627704, 1122.1191569627704, 1122.1191569627704, 1122.1191569627704, 1122.1191569627704, 1122.1191569627704, 1122.1191569627704, 1122.1191569627704, 1122.1191569627704, 1122.1191569627704, 1122.1191569627704, 1122.1191569627704, 1122.1191569627704, 1122.1191569627704, 1122.1191569627704, 1122.1191569627704, 1122.1191569627704, 1122.1191569627704, 1122.1191569627704, 1122.1191569627704, 1122.1191569627704, 1122.1191569627704, 1122.1191569627704, 1122.1191569627704, 1122.1191569627704, 1122.1191569627704, 1122.1191569627704, 1122.1191569627704, 1122.1191569627704, 1122.1191569627704, 1122.1191569627704, 1122.1191569627704, 1122.1191569627704, 1122.1191569627704, 1122.1191569627704, 1122.1191569627704, 1122.1191569627704, 1122.1191569627704, 1122.1191569627704, 1122.1191569627704, 1122.1191569627704, 1122.1191569627704, 1122.1191569627704, 1122.1191569627704, 1122.1191569627704, 1122.1191569627704, 1122.1191569627704, 1122.1191569627704, 1122.1191569627704, 1122.1191569627704, 1122.1191569627704, 1122.1191569627704, 1122.1191569627704, 1122.1191569627704, 1122.1191569627704, 1122.1191569627704, 1122.1191569627704, 1122.1191569627704, 1122.1191569627704, 1122.1191569627704, 1122.1191569627704, 1122.1191569627704, 1122.1191569627704, 1122.1191569627704, 1122.1191569627704, 1122.1191569627704, 1122.1191569627704, 1122.1191569627704, 1122.1191569627704, 1122.1191569627704, 1122.1191569627704, 1122.1191569627704, 1122.1191569627704, 1122.1191569627704, 1122.1191569627704, 1122.1191569627704, 1122.1191569627704, 1122.1191569627704, 1122.1191569627704, 1122.1191569627704, 1122.1191569627704, 1122.1191569627704, 1122.1191569627704, 1122.1191569627704, 1122.1191569627704, 1122.1191569627704, 1122.1191569627704, 1122.1191569627704, 1122.1191569627704, 1122.1191569627704, 1122.1191569627704, 1122.1191569627704, 1122.1191569627704, 1122.1191569627704, 1122.1191569627704, 1122.1191569627704, 1122.1191569627704, 1122.1191569627704, 1122.1191569627704, 1122.1191569627704, 1122.1191569627704, 1122.1191569627704, 1122.1191569627704, 1122.1191569627704, 1122.1191569627704, 1122.1191569627704, 1122.1191569627704, 1122.1191569627704, 1122.1191569627704, 1122.1191569627704, 1122.1191569627704, 1122.1191569627704, 1122.1191569627704, 1122.1191569627704, 1122.1191569627704, 1122.1191569627704, 1122.1191569627704, 1122.1191569627704, 1122.1191569627704, 1122.1191569627704, 1122.1191569627704, 1122.1191569627704, 1122.1191569627704, 1122.1191569627704, 1122.1191569627704, 1122.1191569627704, 1122.1191569627704, 1122.1191569627704, 1122.1191569627704, 1122.1191569627704, 1122.1191569627704, 1122.1191569627704, 1122.1191569627704, 1122.1191569627704, 1122.1191569627704, 1122.1191569627704, 1122.1191569627704, 1122.1191569627704, 1122.1191569627704, 1122.1191569627704, 1122.1191569627704, 1122.1191569627704, 1122.1191569627704, 1122.1191569627704, 1122.1191569627704, 1122.1191569627704, 1122.1191569627704, 1122.1191569627704, 1122.1191569627704, 1122.1191569627704, 1122.1191569627704, 1122.1191569627704, 1122.1191569627704, 1122.1191569627704, 1122.1191569627704, 1122.1191569627704, 1122.1191569627704, 1122.1191569627704, 1122.1191569627704, 1122.1191569627704, 1122.1191569627704, 1122.1191569627704, 1122.1191569627704, 1122.1191569627704, 1122.1191569627704, 1122.1191569627704, 1122.1191569627704, 1122.1191569627704, 1122.1191569627704, 1122.1191569627704, 1122.1191569627704, 1122.1191569627704]
Computational time : 87.7100000381