Name : Ahmed ElMousel
Problem : X-n115-k10 
Whale Algorithm 
cost : 561.968570883
Routes : 
1->12->8->9->5->6->10->14->11->1
1->7->2->3->4->17->16->15->18->23->21->20->19->22->1
1->13->1
best solutions : 
[561.9685708830316, 561.9685708830316, 561.9685708830316, 561.9685708830316, 561.9685708830316, 561.9685708830316, 561.9685708830316, 561.9685708830316, 561.9685708830316, 561.9685708830316, 561.9685708830316, 561.9685708830316, 561.9685708830316, 561.9685708830316, 561.9685708830316, 561.9685708830316, 561.9685708830316, 561.9685708830316, 561.9685708830316, 561.9685708830316, 561.9685708830316, 561.9685708830316, 561.9685708830316, 561.9685708830316, 561.9685708830316, 561.9685708830316, 561.9685708830316, 561.9685708830316, 561.9685708830316, 561.9685708830316, 561.9685708830316, 561.9685708830316, 561.9685708830316, 561.9685708830316, 561.9685708830316, 561.9685708830316, 561.9685708830316, 561.9685708830316, 561.9685708830316, 561.9685708830316, 561.9685708830316, 561.9685708830316, 561.9685708830316, 561.9685708830316, 561.9685708830316, 561.9685708830316, 561.9685708830316, 561.9685708830316, 561.9685708830316, 561.9685708830316, 561.9685708830316, 561.9685708830316, 561.9685708830316, 561.9685708830316, 561.9685708830316, 561.9685708830316, 561.9685708830316, 561.9685708830316, 561.9685708830316, 561.9685708830316, 561.9685708830316, 561.9685708830316, 561.9685708830316, 561.9685708830316, 561.9685708830316, 561.9685708830316, 561.9685708830316, 561.9685708830316, 561.9685708830316, 561.9685708830316, 561.9685708830316, 561.9685708830316, 561.9685708830316, 561.9685708830316, 561.9685708830316, 561.9685708830316, 561.9685708830316, 561.9685708830316, 561.9685708830316, 561.9685708830316, 561.9685708830316, 561.9685708830316, 561.9685708830316, 561.9685708830316, 561.9685708830316, 561.9685708830316, 561.9685708830316, 561.9685708830316, 561.9685708830316, 561.9685708830316, 561.9685708830316, 561.9685708830316, 561.9685708830316, 561.9685708830316, 561.9685708830316, 561.9685708830316, 561.9685708830316, 561.9685708830316, 561.9685708830316, 561.9685708830316, 561.9685708830316, 561.9685708830316, 561.9685708830316, 561.9685708830316, 561.9685708830316, 561.9685708830316, 561.9685708830316, 561.9685708830316, 561.9685708830316, 561.9685708830316, 561.9685708830316, 561.9685708830316, 561.9685708830316, 561.9685708830316, 561.9685708830316, 561.9685708830316, 561.9685708830316, 561.9685708830316, 561.9685708830316, 561.9685708830316, 561.9685708830316, 561.9685708830316, 561.9685708830316, 561.9685708830316, 561.9685708830316, 561.9685708830316, 561.9685708830316, 561.9685708830316, 561.9685708830316, 561.9685708830316, 561.9685708830316, 561.9685708830316, 561.9685708830316, 561.9685708830316, 561.9685708830316, 561.9685708830316, 561.9685708830316, 561.9685708830316, 561.9685708830316, 561.9685708830316, 561.9685708830316, 561.9685708830316, 561.9685708830316, 561.9685708830316, 561.9685708830316, 561.9685708830316, 561.9685708830316, 561.9685708830316, 561.9685708830316, 561.9685708830316, 561.9685708830316, 561.9685708830316, 561.9685708830316, 561.9685708830316, 561.9685708830316, 561.9685708830316, 561.9685708830316, 561.9685708830316, 561.9685708830316, 561.9685708830316, 561.9685708830316, 561.9685708830316, 561.9685708830316, 561.9685708830316, 561.9685708830316, 561.9685708830316, 561.9685708830316, 561.9685708830316, 561.9685708830316, 561.9685708830316, 561.9685708830316, 561.9685708830316, 561.9685708830316, 561.9685708830316, 561.9685708830316, 561.9685708830316, 561.9685708830316, 561.9685708830316, 561.9685708830316, 561.9685708830316]
Computational time : -0.947999954224