Name : Ahmed ElMousel
Problem : X-n190-k8 
Whale Algorithm 
cost : 1133.8767109
Routes : 
1->22->13->11->6->33->9->1
1->26->42->51->49->19->30->1
1->5->8->43->32->21->47->27->1
1->38->4->35->18->15->1
1->37->34->3->52->12->16->1
1->29->55->14->28->20->23->31->1
1->54->41->17->39->48->10->36->44->1
1->2->46->7->1
1->24->53->25->45->50->40->1
best solutions : 
[1159.1461716538502, 1159.1461716538502, 1159.1461716538502, 1159.1461716538502, 1159.1461716538502, 1153.969637944728, 1153.969637944728, 1153.969637944728, 1153.969637944728, 1150.4944043809755, 1150.4944043809755, 1147.4580577096951, 1147.4580577096951, 1147.4580577096951, 1147.4580577096951, 1147.4580577096951, 1147.4580577096951, 1147.4580577096951, 1147.4580577096951, 1147.4580577096951, 1147.4580577096951, 1147.4580577096951, 1147.4580577096951, 1147.4580577096951, 1147.4580577096951, 1147.4580577096951, 1147.4580577096951, 1147.4580577096951, 1147.4580577096951, 1137.7263250370247, 1137.7263250370247, 1137.7263250370247, 1137.7263250370247, 1137.7263250370247, 1137.7263250370247, 1137.7263250370247, 1137.7263250370247, 1137.7263250370247, 1137.7263250370247, 1137.7263250370247, 1137.7263250370247, 1137.7263250370247, 1137.7263250370247, 1137.7263250370247, 1137.7263250370247, 1137.7263250370247, 1137.7263250370247, 1137.7263250370247, 1137.7263250370247, 1137.7263250370247, 1137.7263250370247, 1137.7263250370247, 1137.7263250370247, 1137.7263250370247, 1137.7263250370247, 1137.7263250370247, 1137.7263250370247, 1137.7263250370247, 1137.7263250370247, 1137.7263250370247, 1137.7263250370247, 1137.7263250370247, 1137.7263250370247, 1137.7263250370247, 1137.7263250370247, 1137.7263250370247, 1137.7263250370247, 1137.7263250370247, 1137.7263250370247, 1137.7263250370247, 1137.7263250370247, 1137.7263250370247, 1137.7263250370247, 1137.7263250370247, 1137.7263250370247, 1137.7263250370247, 1137.7263250370247, 1137.7263250370247, 1137.7263250370247, 1137.7263250370247, 1137.7263250370247, 1137.7263250370247, 1137.7263250370247, 1137.7263250370247, 1137.7263250370247, 1137.7263250370247, 1137.7263250370247, 1137.7263250370247, 1137.7263250370247, 1137.7263250370247, 1137.7263250370247, 1137.7263250370247, 1137.7263250370247, 1137.7263250370247, 1137.7263250370247, 1137.7263250370247, 1137.7263250370247, 1137.7263250370247, 1137.7263250370247, 1137.7263250370247, 1137.7263250370247, 1137.7263250370247, 1137.7263250370247, 1137.7263250370247, 1137.7263250370247, 1137.7263250370247, 1137.7263250370247, 1137.7263250370247, 1137.7263250370247, 1137.7263250370247, 1137.7263250370247, 1137.7263250370247, 1137.7263250370247, 1137.7263250370247, 1137.7263250370247, 1137.7263250370247, 1137.7263250370247, 1137.7263250370247, 1137.7263250370247, 1137.7263250370247, 1137.7263250370247, 1137.7263250370247, 1137.7263250370247, 1137.7263250370247, 1137.7263250370247, 1137.7263250370247, 1137.7263250370247, 1137.7263250370247, 1137.7263250370247, 1137.7263250370247, 1137.7263250370247, 1137.7263250370247, 1137.7263250370247, 1137.7263250370247, 1137.7263250370247, 1137.7263250370247, 1137.7263250370247, 1137.7263250370247, 1137.7263250370247, 1137.7263250370247, 1137.7263250370247, 1137.7263250370247, 1137.7263250370247, 1137.7263250370247, 1137.7263250370247, 1137.7263250370247, 1137.7263250370247, 1137.7263250370247, 1137.7263250370247, 1137.7263250370247, 1137.7263250370247, 1137.7263250370247, 1137.7263250370247, 1137.7263250370247, 1137.7263250370247, 1137.7263250370247, 1137.7263250370247, 1137.7263250370247, 1137.7263250370247, 1137.7263250370247, 1137.7263250370247, 1137.7263250370247, 1137.7263250370247, 1137.7263250370247, 1137.7263250370247, 1137.7263250370247, 1137.7263250370247, 1137.7263250370247, 1137.7263250370247, 1137.7263250370247, 1137.7263250370247, 1137.7263250370247, 1137.7263250370247, 1137.7263250370247, 1137.7263250370247, 1137.7263250370247, 1137.7263250370247, 1137.7263250370247, 1137.0759404511314, 1137.0759404511314, 1137.0759404511314, 1137.0759404511314, 1137.0759404511314, 1137.0759404511314, 1137.0759404511314, 1137.0759404511314, 1137.0759404511314, 1137.0759404511314, 1137.0759404511314, 1137.0759404511314, 1137.0759404511314, 1137.0759404511314, 1137.0759404511314, 1137.0759404511314, 1137.0759404511314, 1137.0759404511314, 1137.0759404511314, 1137.0759404511314, 1137.0759404511314, 1137.0759404511314, 1137.0759404511314, 1137.0759404511314, 1137.0759404511314, 1137.0759404511314, 1137.0759404511314, 1137.0759404511314, 1137.0759404511314, 1137.0759404511314, 1137.0759404511314, 1137.0759404511314, 1137.0759404511314, 1137.0759404511314, 1137.0759404511314, 1137.0759404511314, 1137.0759404511314, 1137.0759404511314, 1137.0759404511314, 1137.0759404511314, 1137.0759404511314, 1137.0759404511314, 1137.0759404511314, 1137.0759404511314, 1137.0759404511314, 1137.0759404511314, 1137.0759404511314, 1137.0759404511314, 1137.0759404511314, 1137.0759404511314, 1137.0759404511314, 1137.0759404511314, 1137.0759404511314, 1137.0759404511314, 1137.0759404511314, 1137.0759404511314, 1137.0759404511314, 1137.0759404511314, 1137.0759404511314, 1137.0759404511314, 1137.0759404511314, 1137.0759404511314, 1137.0759404511314, 1137.0759404511314, 1137.0759404511314, 1137.0759404511314, 1137.0759404511314, 1137.0759404511314, 1137.0759404511314, 1137.0759404511314, 1137.0759404511314, 1137.0759404511314, 1137.0759404511314, 1137.0759404511314, 1137.0759404511314, 1137.0759404511314, 1137.0759404511314, 1137.0759404511314, 1137.0759404511314, 1137.0759404511314, 1137.0759404511314, 1137.0759404511314, 1137.0759404511314, 1137.0759404511314, 1137.0759404511314, 1137.0759404511314, 1137.0759404511314, 1137.0759404511314, 1137.0759404511314, 1137.0759404511314, 1137.0759404511314, 1137.0759404511314, 1137.0759404511314, 1137.0759404511314, 1137.0759404511314, 1137.0759404511314, 1137.0759404511314, 1137.0759404511314, 1137.0759404511314, 1137.0759404511314, 1137.0759404511314, 1137.0759404511314, 1137.0759404511314, 1137.0759404511314, 1137.0759404511314, 1137.0759404511314, 1137.0759404511314, 1137.0759404511314, 1137.0759404511314, 1137.0759404511314, 1137.0759404511314, 1137.0759404511314, 1137.0759404511314, 1137.0759404511314, 1137.0759404511314, 1137.0759404511314, 1137.0759404511314, 1137.0759404511314, 1137.0759404511314, 1137.0759404511314, 1137.0759404511314, 1137.0759404511314, 1137.0759404511314, 1137.0759404511314, 1137.0759404511314, 1137.0759404511314, 1137.0759404511314, 1137.0759404511314, 1137.0759404511314, 1137.0759404511314, 1137.0759404511314, 1137.0759404511314, 1137.0759404511314, 1137.0759404511314, 1137.0759404511314, 1137.0759404511314, 1137.0759404511314, 1137.0759404511314, 1137.0759404511314, 1137.0759404511314, 1137.0759404511314, 1137.0759404511314, 1137.0759404511314, 1137.0759404511314, 1137.0759404511314, 1137.0759404511314, 1137.0759404511314, 1137.0759404511314, 1137.0759404511314, 1137.0759404511314, 1137.0759404511314, 1137.0759404511314, 1137.0759404511314, 1137.0759404511314, 1137.0759404511314, 1137.0759404511314, 1137.0759404511314, 1137.0759404511314, 1137.0759404511314, 1137.0759404511314, 1137.0759404511314, 1137.0759404511314, 1137.0759404511314, 1137.0759404511314, 1137.0759404511314, 1137.0759404511314, 1137.0759404511314, 1137.0759404511314, 1137.0759404511314, 1137.0759404511314, 1137.0759404511314, 1137.0759404511314, 1137.0759404511314, 1137.0759404511314, 1137.0759404511314, 1137.0759404511314, 1137.0759404511314, 1137.0759404511314, 1137.0759404511314, 1137.0759404511314, 1137.0759404511314, 1137.0759404511314, 1137.0759404511314, 1137.0759404511314, 1137.0759404511314, 1137.0759404511314, 1137.0759404511314, 1137.0759404511314, 1137.0759404511314, 1137.0759404511314, 1137.0759404511314, 1137.0759404511314, 1137.0759404511314, 1137.0759404511314, 1137.0759404511314, 1137.0759404511314, 1137.0759404511314, 1137.0759404511314, 1137.0759404511314, 1137.0759404511314, 1137.0759404511314, 1137.0759404511314, 1137.0759404511314, 1137.0759404511314, 1137.0759404511314, 1137.0759404511314, 1137.0759404511314, 1137.0759404511314, 1137.0759404511314, 1137.0759404511314, 1137.0759404511314, 1137.0759404511314, 1137.0759404511314, 1137.0759404511314, 1137.0759404511314, 1137.0759404511314, 1137.0759404511314, 1137.0759404511314, 1137.0759404511314, 1137.0759404511314, 1137.0759404511314, 1137.0759404511314, 1137.0759404511314, 1137.0759404511314, 1137.0759404511314, 1137.0759404511314, 1137.0759404511314, 1137.0759404511314, 1137.0759404511314, 1137.0759404511314, 1137.0759404511314, 1137.0759404511314, 1137.0759404511314, 1137.0759404511314, 1137.0759404511314, 1137.0759404511314, 1137.0759404511314, 1137.0759404511314, 1137.0759404511314, 1137.0759404511314, 1137.0759404511314, 1137.0759404511314, 1137.0759404511314, 1137.0759404511314, 1137.0759404511314, 1137.0759404511314, 1137.0759404511314, 1137.0759404511314, 1137.0759404511314, 1137.0759404511314, 1137.0759404511314, 1137.0759404511314, 1137.0759404511314, 1137.0759404511314, 1137.0759404511314, 1137.0759404511314, 1137.0759404511314, 1137.0759404511314, 1137.0759404511314, 1137.0759404511314, 1137.0759404511314, 1137.0759404511314, 1137.0759404511314, 1137.0759404511314, 1137.0759404511314, 1137.0759404511314, 1137.0759404511314, 1137.0759404511314, 1137.0759404511314, 1137.0759404511314, 1137.0759404511314, 1137.0759404511314, 1137.0759404511314, 1137.0759404511314, 1137.0759404511314, 1137.0759404511314, 1137.0759404511314, 1137.0759404511314, 1137.0759404511314, 1137.0759404511314, 1137.0759404511314, 1137.0759404511314, 1137.0759404511314, 1137.0759404511314, 1137.0759404511314, 1137.0759404511314, 1137.0759404511314, 1137.0759404511314, 1137.0759404511314, 1137.0759404511314, 1137.0759404511314, 1137.0759404511314, 1137.0759404511314, 1137.0759404511314, 1137.0759404511314, 1137.0759404511314, 1137.0759404511314, 1137.0759404511314, 1137.0759404511314, 1137.0759404511314, 1137.0759404511314, 1137.0759404511314, 1137.0759404511314, 1137.0759404511314, 1137.0759404511314, 1137.0759404511314, 1137.0759404511314, 1137.0759404511314, 1137.0759404511314, 1137.0759404511314, 1137.0759404511314, 1137.0759404511314, 1137.0759404511314, 1137.0759404511314, 1137.0759404511314, 1137.0759404511314, 1137.0759404511314, 1137.0759404511314, 1133.8767108997365, 1133.8767108997365, 1133.8767108997365, 1133.8767108997365, 1133.8767108997365, 1133.8767108997365, 1133.8767108997365, 1133.8767108997365, 1133.8767108997365, 1133.8767108997365, 1133.8767108997365, 1133.8767108997365, 1133.8767108997365, 1133.8767108997365, 1133.8767108997365, 1133.8767108997365, 1133.8767108997365, 1133.8767108997365, 1133.8767108997365, 1133.8767108997365, 1133.8767108997365, 1133.8767108997365, 1133.8767108997365, 1133.8767108997365, 1133.8767108997365, 1133.8767108997365, 1133.8767108997365, 1133.8767108997365, 1133.8767108997365, 1133.8767108997365, 1133.8767108997365, 1133.8767108997365, 1133.8767108997365, 1133.8767108997365, 1133.8767108997365, 1133.8767108997365, 1133.8767108997365, 1133.8767108997365, 1133.8767108997365, 1133.8767108997365, 1133.8767108997365, 1133.8767108997365, 1133.8767108997365, 1133.8767108997365, 1133.8767108997365, 1133.8767108997365, 1133.8767108997365, 1133.8767108997365, 1133.8767108997365, 1133.8767108997365, 1133.8767108997365, 1133.8767108997365, 1133.8767108997365, 1133.8767108997365, 1133.8767108997365, 1133.8767108997365, 1133.8767108997365, 1133.8767108997365, 1133.8767108997365, 1133.8767108997365, 1133.8767108997365, 1133.8767108997365, 1133.8767108997365, 1133.8767108997365, 1133.8767108997365, 1133.8767108997365, 1133.8767108997365, 1133.8767108997365, 1133.8767108997365, 1133.8767108997365, 1133.8767108997365, 1133.8767108997365, 1133.8767108997365, 1133.8767108997365, 1133.8767108997365, 1133.8767108997365, 1133.8767108997365, 1133.8767108997365, 1133.8767108997365, 1133.8767108997365, 1133.8767108997365, 1133.8767108997365, 1133.8767108997365, 1133.8767108997365, 1133.8767108997365, 1133.8767108997365, 1133.8767108997365, 1133.8767108997365, 1133.8767108997365, 1133.8767108997365, 1133.8767108997365, 1133.8767108997365, 1133.8767108997365, 1133.8767108997365, 1133.8767108997365, 1133.8767108997365, 1133.8767108997365, 1133.8767108997365, 1133.8767108997365, 1133.8767108997365, 1133.8767108997365, 1133.8767108997365, 1133.8767108997365, 1133.8767108997365, 1133.8767108997365, 1133.8767108997365, 1133.8767108997365, 1133.8767108997365, 1133.8767108997365, 1133.8767108997365, 1133.8767108997365, 1133.8767108997365, 1133.8767108997365, 1133.8767108997365, 1133.8767108997365, 1133.8767108997365, 1133.8767108997365, 1133.8767108997365, 1133.8767108997365, 1133.8767108997365, 1133.8767108997365, 1133.8767108997365, 1133.8767108997365, 1133.8767108997365, 1133.8767108997365, 1133.8767108997365, 1133.8767108997365, 1133.8767108997365, 1133.8767108997365, 1133.8767108997365, 1133.8767108997365, 1133.8767108997365, 1133.8767108997365, 1133.8767108997365, 1133.8767108997365, 1133.8767108997365, 1133.8767108997365, 1133.8767108997365, 1133.8767108997365, 1133.8767108997365, 1133.8767108997365, 1133.8767108997365, 1133.8767108997365, 1133.8767108997365, 1133.8767108997365]
Computational time : 232.504999876