Name : Ahmed ElMousel
Problem : X-n190-k8 
Whale Algorithm 
cost : 580.646469686
Routes : 
1->13->48->19->26->15->7->1
1->33->2->3->17->51->10->50->39->12->47->1
1->28->49->9->27->32->29->4->37->36->21->30->1
1->5->14->42->41->20->43->45->46->34->16->38->18->1
1->25->44->8->24->23->22->35->31->40->11->6->1
best solutions : 
[608.4482393439339, 608.4482393439339, 608.4482393439339, 593.677223591382, 593.677223591382, 593.677223591382, 593.677223591382, 593.677223591382, 591.6956379998602, 591.6956379998602, 591.6956379998602, 591.6956379998602, 591.6956379998602, 591.6956379998602, 591.6956379998602, 591.6956379998602, 591.6956379998602, 591.6956379998602, 591.6956379998602, 591.6956379998602, 591.6956379998602, 590.4700081224569, 590.4700081224569, 590.4700081224569, 590.4700081224569, 590.4700081224569, 589.5219843780118, 589.5219843780118, 589.5219843780118, 589.5219843780118, 589.5219843780118, 589.5219843780118, 586.139766404491, 586.139766404491, 586.139766404491, 586.139766404491, 586.139766404491, 586.139766404491, 586.139766404491, 586.139766404491, 586.139766404491, 586.139766404491, 586.139766404491, 586.139766404491, 586.139766404491, 586.139766404491, 586.139766404491, 585.9718964675717, 585.9718964675717, 585.9718964675717, 585.9718964675717, 585.9718964675717, 585.9718964675717, 585.9718964675717, 585.9718964675717, 585.9718964675717, 585.9718964675717, 585.9718964675717, 585.9718964675717, 585.9718964675717, 585.3368164412366, 585.3368164412366, 585.3368164412366, 585.3368164412366, 585.3368164412366, 585.3368164412366, 585.3368164412366, 585.3368164412366, 585.3368164412365, 585.3368164412365, 585.3368164412365, 585.3368164412365, 585.3368164412365, 585.3368164412365, 585.3368164412365, 585.3368164412365, 585.3368164412365, 585.3368164412365, 585.3368164412365, 585.3368164412365, 585.3368164412365, 585.3368164412365, 585.3368164412365, 585.3368164412365, 585.3368164412365, 585.3368164412365, 585.3368164412365, 585.3368164412365, 585.3368164412365, 585.3368164412365, 585.3368164412365, 585.3368164412365, 585.3368164412365, 585.3368164412365, 585.3368164412365, 585.3368164412365, 585.3368164412365, 585.3368164412365, 585.3368164412365, 585.3368164412365, 585.3368164412365, 585.3368164412365, 585.3368164412365, 585.3368164412365, 585.3368164412365, 585.3368164412365, 585.3368164412365, 585.3368164412365, 585.3368164412365, 585.3368164412365, 585.3368164412365, 585.3368164412365, 585.3368164412365, 585.3368164412365, 585.3368164412365, 585.3368164412365, 585.3368164412365, 585.3368164412365, 585.3368164412365, 585.3368164412365, 585.3368164412365, 585.3368164412365, 585.3368164412365, 585.3368164412365, 585.3368164412365, 585.3368164412365, 585.3368164412365, 585.3368164412365, 585.3368164412365, 585.3368164412365, 585.3368164412365, 585.3368164412365, 585.3368164412365, 585.3368164412365, 585.3368164412365, 585.3368164412365, 585.3368164412365, 585.3368164412365, 585.3368164412365, 585.3368164412365, 585.3368164412365, 585.3368164412365, 585.3368164412365, 585.3368164412365, 585.3368164412365, 585.3368164412365, 585.3368164412365, 585.3368164412365, 585.3368164412365, 585.3368164412365, 585.3368164412365, 585.3368164412365, 585.3368164412365, 585.3368164412365, 585.3368164412365, 585.3368164412365, 585.3368164412365, 585.3368164412365, 585.3368164412365, 585.3368164412365, 585.3368164412365, 585.3368164412365, 585.3368164412365, 585.3368164412365, 585.3368164412365, 585.3368164412365, 585.3368164412365, 585.3368164412365, 585.3368164412365, 585.3368164412365, 585.3368164412365, 585.3368164412365, 585.3368164412365, 585.3368164412365, 585.3368164412365, 585.3368164412365, 585.3368164412365, 585.3368164412365, 585.3368164412365, 585.3368164412365, 585.3368164412365, 585.3368164412365, 585.3368164412365, 585.3368164412365, 585.3368164412365, 585.3368164412365, 585.3368164412365, 585.3368164412365, 585.3368164412365, 585.3368164412365, 585.3368164412365, 585.3368164412365, 585.3368164412365, 585.3368164412365, 585.3368164412365, 585.3368164412365, 585.3368164412365, 585.3368164412365, 585.3368164412365, 585.3368164412365, 585.3368164412365, 585.3368164412365, 585.3368164412365, 585.3368164412365, 585.3368164412365, 585.3368164412365, 585.3368164412365, 585.3368164412365, 585.3368164412365, 585.3368164412365, 585.3368164412365, 585.3368164412365, 585.3368164412365, 585.3368164412365, 585.3368164412365, 585.3368164412365, 585.3368164412365, 585.3368164412365, 585.3368164412365, 585.3368164412365, 585.3368164412365, 585.3368164412365, 585.3368164412365, 585.3368164412365, 585.3368164412365, 585.3368164412365, 585.3368164412365, 585.3368164412365, 585.3368164412365, 585.3368164412365, 585.3368164412365, 585.3368164412365, 585.3368164412365, 585.3368164412365, 585.3368164412365, 585.3368164412365, 585.3368164412365, 585.3368164412365, 585.3368164412365, 585.3368164412365, 585.3368164412365, 585.3368164412365, 585.3368164412365, 585.3368164412365, 585.3368164412365, 585.3368164412365, 585.3368164412365, 585.3368164412365, 585.3368164412365, 585.3368164412365, 585.3368164412365, 585.3368164412365, 585.3368164412365, 585.3368164412365, 585.3368164412365, 585.3368164412365, 585.3368164412365, 585.3368164412365, 585.3368164412365, 585.3368164412365, 585.3368164412365, 585.3368164412365, 585.3368164412365, 585.3368164412365, 585.3368164412365, 585.3368164412365, 585.3368164412365, 585.3368164412365, 585.3368164412365, 585.3368164412365, 585.3368164412365, 585.3368164412365, 585.3368164412365, 585.3368164412365, 585.3368164412365, 585.3368164412365, 585.3368164412365, 585.3368164412365, 585.3368164412365, 585.3368164412365, 585.3368164412365, 585.3368164412365, 580.6464696855875, 580.6464696855875, 580.6464696855875, 580.6464696855875, 580.6464696855875, 580.6464696855875, 580.6464696855875, 580.6464696855875, 580.6464696855875, 580.6464696855875, 580.6464696855875, 580.6464696855875, 580.6464696855875, 580.6464696855875, 580.6464696855875, 580.6464696855875, 580.6464696855875, 580.6464696855875, 580.6464696855875, 580.6464696855875, 580.6464696855875, 580.6464696855875, 580.6464696855875, 580.6464696855875, 580.6464696855875, 580.6464696855875, 580.6464696855875, 580.6464696855875, 580.6464696855875, 580.6464696855875, 580.6464696855875, 580.6464696855875, 580.6464696855875, 580.6464696855875, 580.6464696855875, 580.6464696855875, 580.6464696855875, 580.6464696855875, 580.6464696855875, 580.6464696855875, 580.6464696855875, 580.6464696855875, 580.6464696855875, 580.6464696855875, 580.6464696855875, 580.6464696855875, 580.6464696855875, 580.6464696855875, 580.6464696855875, 580.6464696855875, 580.6464696855875, 580.6464696855875, 580.6464696855875, 580.6464696855875, 580.6464696855875, 580.6464696855875, 580.6464696855875, 580.6464696855875, 580.6464696855875, 580.6464696855875, 580.6464696855875, 580.6464696855875, 580.6464696855875, 580.6464696855875, 580.6464696855875, 580.6464696855875, 580.6464696855875, 580.6464696855875, 580.6464696855875, 580.6464696855875, 580.6464696855875, 580.6464696855875, 580.6464696855875, 580.6464696855875, 580.6464696855875, 580.6464696855875, 580.6464696855875, 580.6464696855875, 580.6464696855875, 580.6464696855875, 580.6464696855875, 580.6464696855875, 580.6464696855875, 580.6464696855875, 580.6464696855875, 580.6464696855875, 580.6464696855875, 580.6464696855875, 580.6464696855875, 580.6464696855875, 580.6464696855875, 580.6464696855875, 580.6464696855875, 580.6464696855875, 580.6464696855875, 580.6464696855875, 580.6464696855875, 580.6464696855875, 580.6464696855875, 580.6464696855875, 580.6464696855875, 580.6464696855875, 580.6464696855875, 580.6464696855875, 580.6464696855875, 580.6464696855875, 580.6464696855875, 580.6464696855875, 580.6464696855875, 580.6464696855875, 580.6464696855875, 580.6464696855875, 580.6464696855875, 580.6464696855875, 580.6464696855875, 580.6464696855875, 580.6464696855875, 580.6464696855875, 580.6464696855875, 580.6464696855875, 580.6464696855875, 580.6464696855875, 580.6464696855875, 580.6464696855875, 580.6464696855875, 580.6464696855875, 580.6464696855875, 580.6464696855875, 580.6464696855875, 580.6464696855875, 580.6464696855875, 580.6464696855875, 580.6464696855875, 580.6464696855875, 580.6464696855875, 580.6464696855875, 580.6464696855875, 580.6464696855875, 580.6464696855875, 580.6464696855875, 580.6464696855875, 580.6464696855875, 580.6464696855875, 580.6464696855875, 580.6464696855875, 580.6464696855875, 580.6464696855875, 580.6464696855875, 580.6464696855875, 580.6464696855875, 580.6464696855875, 580.6464696855875, 580.6464696855875, 580.6464696855875, 580.6464696855875, 580.6464696855875, 580.6464696855875, 580.6464696855875, 580.6464696855875, 580.6464696855875, 580.6464696855875, 580.6464696855875, 580.6464696855875, 580.6464696855875, 580.6464696855875, 580.6464696855875, 580.6464696855875, 580.6464696855875, 580.6464696855875, 580.6464696855875, 580.6464696855875, 580.6464696855875, 580.6464696855875, 580.6464696855875, 580.6464696855875, 580.6464696855875, 580.6464696855875, 580.6464696855875, 580.6464696855875, 580.6464696855875, 580.6464696855875, 580.6464696855875, 580.6464696855875, 580.6464696855875, 580.6464696855875, 580.6464696855875, 580.6464696855875, 580.6464696855875, 580.6464696855875, 580.6464696855875, 580.6464696855875, 580.6464696855875, 580.6464696855875, 580.6464696855875, 580.6464696855875, 580.6464696855875, 580.6464696855875, 580.6464696855875, 580.6464696855875, 580.6464696855875, 580.6464696855875, 580.6464696855875, 580.6464696855875, 580.6464696855875, 580.6464696855875, 580.6464696855875, 580.6464696855875, 580.6464696855875, 580.6464696855875, 580.6464696855875, 580.6464696855875, 580.6464696855875, 580.6464696855875, 580.6464696855875, 580.6464696855875, 580.6464696855875, 580.6464696855875, 580.6464696855875, 580.6464696855875, 580.6464696855875, 580.6464696855875, 580.6464696855875, 580.6464696855875, 580.6464696855875, 580.6464696855875, 580.6464696855875, 580.6464696855875, 580.6464696855875, 580.6464696855875, 580.6464696855875, 580.6464696855875, 580.6464696855875, 580.6464696855875, 580.6464696855875, 580.6464696855875, 580.6464696855875, 580.6464696855875, 580.6464696855875, 580.6464696855875, 580.6464696855875, 580.6464696855875, 580.6464696855875, 580.6464696855875, 580.6464696855875, 580.6464696855875, 580.6464696855875, 580.6464696855875, 580.6464696855875, 580.6464696855875, 580.6464696855875, 580.6464696855875, 580.6464696855875, 580.6464696855875, 580.6464696855875, 580.6464696855875, 580.6464696855875, 580.6464696855875, 580.6464696855875, 580.6464696855875, 580.6464696855875, 580.6464696855875, 580.6464696855875, 580.6464696855875, 580.6464696855875, 580.6464696855875, 580.6464696855875, 580.6464696855875, 580.6464696855875, 580.6464696855875, 580.6464696855875, 580.6464696855875, 580.6464696855875, 580.6464696855875, 580.6464696855875, 580.6464696855875, 580.6464696855875, 580.6464696855875, 580.6464696855875, 580.6464696855875, 580.6464696855875, 580.6464696855875, 580.6464696855875, 580.6464696855875, 580.6464696855875, 580.6464696855875, 580.6464696855875, 580.6464696855875, 580.6464696855875, 580.6464696855875, 580.6464696855875, 580.6464696855875, 580.6464696855875, 580.6464696855875, 580.6464696855875, 580.6464696855875, 580.6464696855875, 580.6464696855875, 580.6464696855875, 580.6464696855875, 580.6464696855875, 580.6464696855875, 580.6464696855875, 580.6464696855875, 580.6464696855875, 580.6464696855875, 580.6464696855875, 580.6464696855875, 580.6464696855875, 580.6464696855875, 580.6464696855875, 580.6464696855875, 580.6464696855875, 580.6464696855875, 580.6464696855875, 580.6464696855875, 580.6464696855875, 580.6464696855875, 580.6464696855875, 580.6464696855875, 580.6464696855875, 580.6464696855875, 580.6464696855875, 580.6464696855875, 580.6464696855875, 580.6464696855875, 580.6464696855875, 580.6464696855875, 580.6464696855875, 580.6464696855875, 580.6464696855875, 580.6464696855875, 580.6464696855875, 580.6464696855875, 580.6464696855875, 580.6464696855875, 580.6464696855875, 580.6464696855875, 580.6464696855875, 580.6464696855875, 580.6464696855875, 580.6464696855875, 580.6464696855875, 580.6464696855875, 580.6464696855875, 580.6464696855875, 580.6464696855875, 580.6464696855875, 580.6464696855875, 580.6464696855875, 580.6464696855875, 580.6464696855875, 580.6464696855875, 580.6464696855875, 580.6464696855875, 580.6464696855875, 580.6464696855875, 580.6464696855875, 580.6464696855875, 580.6464696855875, 580.6464696855875, 580.6464696855875, 580.6464696855875, 580.6464696855875, 580.6464696855875, 580.6464696855875, 580.6464696855875, 580.6464696855875, 580.6464696855875, 580.6464696855875, 580.6464696855875, 580.6464696855875, 580.6464696855875, 580.6464696855875, 580.6464696855875, 580.6464696855875, 580.6464696855875, 580.6464696855875, 580.6464696855875, 580.6464696855875, 580.6464696855875, 580.6464696855875, 580.6464696855875, 580.6464696855875, 580.6464696855875, 580.6464696855875, 580.6464696855875, 580.6464696855875, 580.6464696855875, 580.6464696855875, 580.6464696855875, 580.6464696855875, 580.6464696855875, 580.6464696855875, 580.6464696855875, 580.6464696855875, 580.6464696855875, 580.6464696855875, 580.6464696855875, 580.6464696855875, 580.6464696855875, 580.6464696855875, 580.6464696855875, 580.6464696855875, 580.6464696855875, 580.6464696855875, 580.6464696855875, 580.6464696855875, 580.6464696855875, 580.6464696855875, 580.6464696855875, 580.6464696855875, 580.6464696855875, 580.6464696855875, 580.6464696855875, 580.6464696855875, 580.6464696855875, 580.6464696855875, 580.6464696855875, 580.6464696855875, 580.6464696855875, 580.6464696855875, 580.6464696855875, 580.6464696855875, 580.6464696855875, 580.6464696855875, 580.6464696855875, 580.6464696855875, 580.6464696855875, 580.6464696855875, 580.6464696855875, 580.6464696855875, 580.6464696855875, 580.6464696855875, 580.6464696855875, 580.6464696855875, 580.6464696855875, 580.6464696855875, 580.6464696855875, 580.6464696855875, 580.6464696855875, 580.6464696855875, 580.6464696855875, 580.6464696855875, 580.6464696855875, 580.6464696855875, 580.6464696855875, 580.6464696855875, 580.6464696855875, 580.6464696855875, 580.6464696855875, 580.6464696855875, 580.6464696855875, 580.6464696855875, 580.6464696855875, 580.6464696855875, 580.6464696855875, 580.6464696855875, 580.6464696855875, 580.6464696855875, 580.6464696855875, 580.6464696855875, 580.6464696855875, 580.6464696855875, 580.6464696855875, 580.6464696855875, 580.6464696855875, 580.6464696855875, 580.6464696855875, 580.6464696855875, 580.6464696855875, 580.6464696855875, 580.6464696855875, 580.6464696855875, 580.6464696855875, 580.6464696855875, 580.6464696855875, 580.6464696855875, 580.6464696855875, 580.6464696855875, 580.6464696855875, 580.6464696855875, 580.6464696855875, 580.6464696855875, 580.6464696855875, 580.6464696855875, 580.6464696855875, 580.6464696855875, 580.6464696855875, 580.6464696855875, 580.6464696855875, 580.6464696855875, 580.6464696855875, 580.6464696855875, 580.6464696855875, 580.6464696855875, 580.6464696855875, 580.6464696855875, 580.6464696855875, 580.6464696855875, 580.6464696855875, 580.6464696855875, 580.6464696855875, 580.6464696855875, 580.6464696855875, 580.6464696855875, 580.6464696855875, 580.6464696855875, 580.6464696855875, 580.6464696855875, 580.6464696855875, 580.6464696855875, 580.6464696855875, 580.6464696855875, 580.6464696855875, 580.6464696855875, 580.6464696855875, 580.6464696855875, 580.6464696855875, 580.6464696855875, 580.6464696855875, 580.6464696855875, 580.6464696855875, 580.6464696855875, 580.6464696855875, 580.6464696855875, 580.6464696855875, 580.6464696855875, 580.6464696855875, 580.6464696855875, 580.6464696855875, 580.6464696855875, 580.6464696855875, 580.6464696855875, 580.6464696855875, 580.6464696855875, 580.6464696855875, 580.6464696855875, 580.6464696855875, 580.6464696855875, 580.6464696855875, 580.6464696855875, 580.6464696855875, 580.6464696855875, 580.6464696855875, 580.6464696855875, 580.6464696855875, 580.6464696855875, 580.6464696855875, 580.6464696855875, 580.6464696855875, 580.6464696855875, 580.6464696855875, 580.6464696855875, 580.6464696855875, 580.6464696855875, 580.6464696855875, 580.6464696855875, 580.6464696855875, 580.6464696855875, 580.6464696855875, 580.6464696855875, 580.6464696855875, 580.6464696855875, 580.6464696855875, 580.6464696855875, 580.6464696855875, 580.6464696855875, 580.6464696855875, 580.6464696855875, 580.6464696855875, 580.6464696855875, 580.6464696855875, 580.6464696855875, 580.6464696855875, 580.6464696855875, 580.6464696855875, 580.6464696855875, 580.6464696855875, 580.6464696855875, 580.6464696855875, 580.6464696855875, 580.6464696855875, 580.6464696855875, 580.6464696855875, 580.6464696855875, 580.6464696855875, 580.6464696855875, 580.6464696855875, 580.6464696855875, 580.6464696855875, 580.6464696855875, 580.6464696855875, 580.6464696855875, 580.6464696855875, 580.6464696855875, 580.6464696855875, 580.6464696855875, 580.6464696855875, 580.6464696855875, 580.6464696855875, 580.6464696855875, 580.6464696855875, 580.6464696855875, 580.6464696855875, 580.6464696855875, 580.6464696855875, 580.6464696855875, 580.6464696855875, 580.6464696855875, 580.6464696855875, 580.6464696855875, 580.6464696855875, 580.6464696855875, 580.6464696855875, 580.6464696855875, 580.6464696855875, 580.6464696855875, 580.6464696855875, 580.6464696855875, 580.6464696855875, 580.6464696855875, 580.6464696855875, 580.6464696855875, 580.6464696855875, 580.6464696855875, 580.6464696855875, 580.6464696855875, 580.6464696855875, 580.6464696855875, 580.6464696855875, 580.6464696855875, 580.6464696855875, 580.6464696855875, 580.6464696855875, 580.6464696855875, 580.6464696855875, 580.6464696855875, 580.6464696855875, 580.6464696855875, 580.6464696855875, 580.6464696855875, 580.6464696855875, 580.6464696855875, 580.6464696855875, 580.6464696855875, 580.6464696855875, 580.6464696855875, 580.6464696855875, 580.6464696855875, 580.6464696855875, 580.6464696855875, 580.6464696855875, 580.6464696855875, 580.6464696855875, 580.6464696855875, 580.6464696855875, 580.6464696855875, 580.6464696855875, 580.6464696855875, 580.6464696855875, 580.6464696855875, 580.6464696855875, 580.6464696855875, 580.6464696855875, 580.6464696855875, 580.6464696855875, 580.6464696855875, 580.6464696855875, 580.6464696855875, 580.6464696855875, 580.6464696855875, 580.6464696855875, 580.6464696855875, 580.6464696855875, 580.6464696855875, 580.6464696855875, 580.6464696855875, 580.6464696855875, 580.6464696855875, 580.6464696855875, 580.6464696855875, 580.6464696855875, 580.6464696855875, 580.6464696855875, 580.6464696855875, 580.6464696855875, 580.6464696855875, 580.6464696855875, 580.6464696855875, 580.6464696855875, 580.6464696855875, 580.6464696855875, 580.6464696855875, 580.6464696855875, 580.6464696855875, 580.6464696855875, 580.6464696855875, 580.6464696855875, 580.6464696855875, 580.6464696855875, 580.6464696855875, 580.6464696855875, 580.6464696855875, 580.6464696855875, 580.6464696855875, 580.6464696855875, 580.6464696855875, 580.6464696855875, 580.6464696855875, 580.6464696855875, 580.6464696855875, 580.6464696855875, 580.6464696855875, 580.6464696855875, 580.6464696855875, 580.6464696855875, 580.6464696855875, 580.6464696855875, 580.6464696855875, 580.6464696855875, 580.6464696855875, 580.6464696855875, 580.6464696855875, 580.6464696855875, 580.6464696855875, 580.6464696855875, 580.6464696855875, 580.6464696855875, 580.6464696855875, 580.6464696855875, 580.6464696855875, 580.6464696855875, 580.6464696855875, 580.6464696855875, 580.6464696855875, 580.6464696855875, 580.6464696855875, 580.6464696855875, 580.6464696855875, 580.6464696855875, 580.6464696855875, 580.6464696855875, 580.6464696855875, 580.6464696855875, 580.6464696855875, 580.6464696855875, 580.6464696855875, 580.6464696855875, 580.6464696855875, 580.6464696855875, 580.6464696855875, 580.6464696855875, 580.6464696855875, 580.6464696855875, 580.6464696855875, 580.6464696855875, 580.6464696855875, 580.6464696855875, 580.6464696855875, 580.6464696855875, 580.6464696855875, 580.6464696855875, 580.6464696855875, 580.6464696855875, 580.6464696855875, 580.6464696855875, 580.6464696855875, 580.6464696855875, 580.6464696855875, 580.6464696855875, 580.6464696855875, 580.6464696855875, 580.6464696855875, 580.6464696855875, 580.6464696855875, 580.6464696855875, 580.6464696855875, 580.6464696855875, 580.6464696855875, 580.6464696855875, 580.6464696855875, 580.6464696855875, 580.6464696855875, 580.6464696855875, 580.6464696855875, 580.6464696855875, 580.6464696855875, 580.6464696855875, 580.6464696855875, 580.6464696855875, 580.6464696855875, 580.6464696855875, 580.6464696855875, 580.6464696855875, 580.6464696855875, 580.6464696855875, 580.6464696855875, 580.6464696855875, 580.6464696855875, 580.6464696855875, 580.6464696855875, 580.6464696855875, 580.6464696855875, 580.6464696855875, 580.6464696855875, 580.6464696855875, 580.6464696855875, 580.6464696855875, 580.6464696855875, 580.6464696855875, 580.6464696855875, 580.6464696855875, 580.6464696855875, 580.6464696855875, 580.6464696855875, 580.6464696855875, 580.6464696855875, 580.6464696855875, 580.6464696855875, 580.6464696855875, 580.6464696855875, 580.6464696855875, 580.6464696855875, 580.6464696855875, 580.6464696855875, 580.6464696855875, 580.6464696855875, 580.6464696855875, 580.6464696855875, 580.6464696855875, 580.6464696855875, 580.6464696855875, 580.6464696855875, 580.6464696855875, 580.6464696855875, 580.6464696855875, 580.6464696855875, 580.6464696855875, 580.6464696855875, 580.6464696855875, 580.6464696855875, 580.6464696855875, 580.6464696855875, 580.6464696855875, 580.6464696855875, 580.6464696855875, 580.6464696855875, 580.6464696855875, 580.6464696855875, 580.6464696855875, 580.6464696855875, 580.6464696855875, 580.6464696855875, 580.6464696855875, 580.6464696855875, 580.6464696855875, 580.6464696855875, 580.6464696855875, 580.6464696855875, 580.6464696855875, 580.6464696855875, 580.6464696855875, 580.6464696855875, 580.6464696855875, 580.6464696855875, 580.6464696855875, 580.6464696855875, 580.6464696855875, 580.6464696855875, 580.6464696855875, 580.6464696855875, 580.6464696855875, 580.6464696855875, 580.6464696855875, 580.6464696855875, 580.6464696855875, 580.6464696855875, 580.6464696855875, 580.6464696855875, 580.6464696855875, 580.6464696855875, 580.6464696855875, 580.6464696855875, 580.6464696855875, 580.6464696855875, 580.6464696855875, 580.6464696855875, 580.6464696855875, 580.6464696855875, 580.6464696855875, 580.6464696855875, 580.6464696855875, 580.6464696855875, 580.6464696855875, 580.6464696855875, 580.6464696855875, 580.6464696855875, 580.6464696855875, 580.6464696855875, 580.6464696855875, 580.6464696855875, 580.6464696855875, 580.6464696855875, 580.6464696855875, 580.6464696855875, 580.6464696855875, 580.6464696855875, 580.6464696855875, 580.6464696855875, 580.6464696855875, 580.6464696855875, 580.6464696855875, 580.6464696855875, 580.6464696855875, 580.6464696855875, 580.6464696855875, 580.6464696855875, 580.6464696855875, 580.6464696855875, 580.6464696855875, 580.6464696855875, 580.6464696855875, 580.6464696855875, 580.6464696855875, 580.6464696855875, 580.6464696855875, 580.6464696855875, 580.6464696855875, 580.6464696855875, 580.6464696855875, 580.6464696855875, 580.6464696855875, 580.6464696855875, 580.6464696855875, 580.6464696855875, 580.6464696855875, 580.6464696855875, 580.6464696855875, 580.6464696855875, 580.6464696855875, 580.6464696855875, 580.6464696855875, 580.6464696855875, 580.6464696855875, 580.6464696855875, 580.6464696855875, 580.6464696855875, 580.6464696855875, 580.6464696855875, 580.6464696855875, 580.6464696855875, 580.6464696855875, 580.6464696855875, 580.6464696855875, 580.6464696855875, 580.6464696855875, 580.6464696855875, 580.6464696855875, 580.6464696855875, 580.6464696855875, 580.6464696855875, 580.6464696855875, 580.6464696855875, 580.6464696855875, 580.6464696855875, 580.6464696855875, 580.6464696855875, 580.6464696855875, 580.6464696855875, 580.6464696855875, 580.6464696855875, 580.6464696855875, 580.6464696855875, 580.6464696855875, 580.6464696855875, 580.6464696855875, 580.6464696855875, 580.6464696855875, 580.6464696855875, 580.6464696855875, 580.6464696855875, 580.6464696855875, 580.6464696855875, 580.6464696855875, 580.6464696855875, 580.6464696855875, 580.6464696855875, 580.6464696855875, 580.6464696855875, 580.6464696855875, 580.6464696855875, 580.6464696855875, 580.6464696855875, 580.6464696855875, 580.6464696855875, 580.6464696855875, 580.6464696855875, 580.6464696855875, 580.6464696855875, 580.6464696855875, 580.6464696855875, 580.6464696855875, 580.6464696855875, 580.6464696855875, 580.6464696855875, 580.6464696855875, 580.6464696855875, 580.6464696855875, 580.6464696855875, 580.6464696855875, 580.6464696855875, 580.6464696855875, 580.6464696855875, 580.6464696855875, 580.6464696855875, 580.6464696855875, 580.6464696855875, 580.6464696855875, 580.6464696855875, 580.6464696855875, 580.6464696855875, 580.6464696855875, 580.6464696855875, 580.6464696855875, 580.6464696855875, 580.6464696855875, 580.6464696855875, 580.6464696855875, 580.6464696855875, 580.6464696855875, 580.6464696855875, 580.6464696855875, 580.6464696855875, 580.6464696855875, 580.6464696855875, 580.6464696855875, 580.6464696855875, 580.6464696855875, 580.6464696855875, 580.6464696855875, 580.6464696855875, 580.6464696855875, 580.6464696855875, 580.6464696855875, 580.6464696855875, 580.6464696855875, 580.6464696855875, 580.6464696855875, 580.6464696855875, 580.6464696855875, 580.6464696855875, 580.6464696855875, 580.6464696855875, 580.6464696855875, 580.6464696855875, 580.6464696855875, 580.6464696855875, 580.6464696855875, 580.6464696855875, 580.6464696855875, 580.6464696855875, 580.6464696855875, 580.6464696855875, 580.6464696855875, 580.6464696855875, 580.6464696855875, 580.6464696855875, 580.6464696855875, 580.6464696855875, 580.6464696855875, 580.6464696855875, 580.6464696855875, 580.6464696855875, 580.6464696855875, 580.6464696855875, 580.6464696855875, 580.6464696855875, 580.6464696855875, 580.6464696855875, 580.6464696855875, 580.6464696855875, 580.6464696855875, 580.6464696855875, 580.6464696855875, 580.6464696855875, 580.6464696855875, 580.6464696855875, 580.6464696855875, 580.6464696855875, 580.6464696855875, 580.6464696855875, 580.6464696855875, 580.6464696855875, 580.6464696855875, 580.6464696855875, 580.6464696855875, 580.6464696855875, 580.6464696855875, 580.6464696855875, 580.6464696855875, 580.6464696855875, 580.6464696855875, 580.6464696855875, 580.6464696855875, 580.6464696855875, 580.6464696855875, 580.6464696855875, 580.6464696855875, 580.6464696855875, 580.6464696855875, 580.6464696855875, 580.6464696855875, 580.6464696855875, 580.6464696855875, 580.6464696855875, 580.6464696855875, 580.6464696855875, 580.6464696855875, 580.6464696855875, 580.6464696855875, 580.6464696855875, 580.6464696855875, 580.6464696855875, 580.6464696855875, 580.6464696855875, 580.6464696855875, 580.6464696855875, 580.6464696855875, 580.6464696855875, 580.6464696855875, 580.6464696855875, 580.6464696855875, 580.6464696855875, 580.6464696855875, 580.6464696855875, 580.6464696855875, 580.6464696855875, 580.6464696855875, 580.6464696855875, 580.6464696855875, 580.6464696855875, 580.6464696855875, 580.6464696855875, 580.6464696855875, 580.6464696855875, 580.6464696855875, 580.6464696855875, 580.6464696855875, 580.6464696855875, 580.6464696855875, 580.6464696855875, 580.6464696855875, 580.6464696855875, 580.6464696855875, 580.6464696855875, 580.6464696855875, 580.6464696855875, 580.6464696855875, 580.6464696855875, 580.6464696855875, 580.6464696855875, 580.6464696855875, 580.6464696855875, 580.6464696855875, 580.6464696855875, 580.6464696855875, 580.6464696855875, 580.6464696855875, 580.6464696855875, 580.6464696855875, 580.6464696855875, 580.6464696855875, 580.6464696855875, 580.6464696855875, 580.6464696855875, 580.6464696855875, 580.6464696855875, 580.6464696855875, 580.6464696855875, 580.6464696855875, 580.6464696855875, 580.6464696855875, 580.6464696855875, 580.6464696855875, 580.6464696855875, 580.6464696855875, 580.6464696855875, 580.6464696855875, 580.6464696855875, 580.6464696855875, 580.6464696855875, 580.6464696855875, 580.6464696855875, 580.6464696855875, 580.6464696855875, 580.6464696855875, 580.6464696855875, 580.6464696855875, 580.6464696855875, 580.6464696855875, 580.6464696855875, 580.6464696855875, 580.6464696855875, 580.6464696855875, 580.6464696855875, 580.6464696855875, 580.6464696855875, 580.6464696855875, 580.6464696855875, 580.6464696855875, 580.6464696855875, 580.6464696855875, 580.6464696855875, 580.6464696855875, 580.6464696855875, 580.6464696855875, 580.6464696855875, 580.6464696855875, 580.6464696855875, 580.6464696855875, 580.6464696855875, 580.6464696855875, 580.6464696855875, 580.6464696855875, 580.6464696855875, 580.6464696855875, 580.6464696855875, 580.6464696855875, 580.6464696855875, 580.6464696855875, 580.6464696855875, 580.6464696855875, 580.6464696855875, 580.6464696855875, 580.6464696855875, 580.6464696855875, 580.6464696855875, 580.6464696855875, 580.6464696855875, 580.6464696855875, 580.6464696855875, 580.6464696855875, 580.6464696855875, 580.6464696855875, 580.6464696855875, 580.6464696855875, 580.6464696855875, 580.6464696855875, 580.6464696855875, 580.6464696855875, 580.6464696855875, 580.6464696855875, 580.6464696855875, 580.6464696855875, 580.6464696855875, 580.6464696855875, 580.6464696855875, 580.6464696855875, 580.6464696855875, 580.6464696855875, 580.6464696855875, 580.6464696855875, 580.6464696855875, 580.6464696855875, 580.6464696855875, 580.6464696855875, 580.6464696855875, 580.6464696855875, 580.6464696855875, 580.6464696855875, 580.6464696855875, 580.6464696855875, 580.6464696855875, 580.6464696855875, 580.6464696855875, 580.6464696855875, 580.6464696855875, 580.6464696855875, 580.6464696855875, 580.6464696855875, 580.6464696855875, 580.6464696855875, 580.6464696855875, 580.6464696855875, 580.6464696855875, 580.6464696855875, 580.6464696855875, 580.6464696855875, 580.6464696855875, 580.6464696855875, 580.6464696855875, 580.6464696855875, 580.6464696855875, 580.6464696855875, 580.6464696855875, 580.6464696855875, 580.6464696855875, 580.6464696855875, 580.6464696855875, 580.6464696855875, 580.6464696855875, 580.6464696855875, 580.6464696855875, 580.6464696855875, 580.6464696855875, 580.6464696855875, 580.6464696855875, 580.6464696855875, 580.6464696855875, 580.6464696855875, 580.6464696855875, 580.6464696855875, 580.6464696855875, 580.6464696855875, 580.6464696855875, 580.6464696855875, 580.6464696855875, 580.6464696855875, 580.6464696855875, 580.6464696855875, 580.6464696855875, 580.6464696855875, 580.6464696855875, 580.6464696855875, 580.6464696855875, 580.6464696855875, 580.6464696855875, 580.6464696855875, 580.6464696855875, 580.6464696855875, 580.6464696855875, 580.6464696855875, 580.6464696855875, 580.6464696855875, 580.6464696855875, 580.6464696855875, 580.6464696855875, 580.6464696855875, 580.6464696855875, 580.6464696855875, 580.6464696855875, 580.6464696855875, 580.6464696855875, 580.6464696855875, 580.6464696855875, 580.6464696855875, 580.6464696855875, 580.6464696855875, 580.6464696855875, 580.6464696855875, 580.6464696855875, 580.6464696855875, 580.6464696855875, 580.6464696855875, 580.6464696855875, 580.6464696855875, 580.6464696855875, 580.6464696855875, 580.6464696855875, 580.6464696855875, 580.6464696855875, 580.6464696855875, 580.6464696855875, 580.6464696855875, 580.6464696855875, 580.6464696855875, 580.6464696855875, 580.6464696855875, 580.6464696855875, 580.6464696855875, 580.6464696855875, 580.6464696855875, 580.6464696855875, 580.6464696855875, 580.6464696855875, 580.6464696855875, 580.6464696855875, 580.6464696855875, 580.6464696855875, 580.6464696855875, 580.6464696855875, 580.6464696855875, 580.6464696855875, 580.6464696855875, 580.6464696855875, 580.6464696855875, 580.6464696855875, 580.6464696855875, 580.6464696855875, 580.6464696855875, 580.6464696855875, 580.6464696855875, 580.6464696855875, 580.6464696855875, 580.6464696855875, 580.6464696855875, 580.6464696855875, 580.6464696855875, 580.6464696855875, 580.6464696855875, 580.6464696855875, 580.6464696855875, 580.6464696855875, 580.6464696855875, 580.6464696855875, 580.6464696855875, 580.6464696855875, 580.6464696855875, 580.6464696855875, 580.6464696855875, 580.6464696855875, 580.6464696855875, 580.6464696855875, 580.6464696855875, 580.6464696855875, 580.6464696855875, 580.6464696855875, 580.6464696855875, 580.6464696855875, 580.6464696855875, 580.6464696855875, 580.6464696855875, 580.6464696855875, 580.6464696855875, 580.6464696855875, 580.6464696855875, 580.6464696855875, 580.6464696855875, 580.6464696855875, 580.6464696855875, 580.6464696855875, 580.6464696855875, 580.6464696855875, 580.6464696855875, 580.6464696855875, 580.6464696855875, 580.6464696855875, 580.6464696855875, 580.6464696855875, 580.6464696855875, 580.6464696855875, 580.6464696855875, 580.6464696855875, 580.6464696855875, 580.6464696855875, 580.6464696855875, 580.6464696855875, 580.6464696855875, 580.6464696855875, 580.6464696855875, 580.6464696855875, 580.6464696855875, 580.6464696855875, 580.6464696855875, 580.6464696855875, 580.6464696855875, 580.6464696855875, 580.6464696855875, 580.6464696855875, 580.6464696855875, 580.6464696855875, 580.6464696855875, 580.6464696855875, 580.6464696855875, 580.6464696855875, 580.6464696855875, 580.6464696855875, 580.6464696855875, 580.6464696855875, 580.6464696855875, 580.6464696855875, 580.6464696855875, 580.6464696855875, 580.6464696855875, 580.6464696855875, 580.6464696855875, 580.6464696855875, 580.6464696855875, 580.6464696855875, 580.6464696855875, 580.6464696855875, 580.6464696855875, 580.6464696855875, 580.6464696855875, 580.6464696855875, 580.6464696855875, 580.6464696855875, 580.6464696855875, 580.6464696855875, 580.6464696855875, 580.6464696855875, 580.6464696855875, 580.6464696855875, 580.6464696855875, 580.6464696855875, 580.6464696855875, 580.6464696855875, 580.6464696855875, 580.6464696855875, 580.6464696855875, 580.6464696855875, 580.6464696855875, 580.6464696855875, 580.6464696855875, 580.6464696855875, 580.6464696855875, 580.6464696855875, 580.6464696855875, 580.6464696855875, 580.6464696855875, 580.6464696855875, 580.6464696855875, 580.6464696855875, 580.6464696855875, 580.6464696855875, 580.6464696855875, 580.6464696855875, 580.6464696855875, 580.6464696855875, 580.6464696855875, 580.6464696855875, 580.6464696855875, 580.6464696855875, 580.6464696855875, 580.6464696855875, 580.6464696855875, 580.6464696855875, 580.6464696855875, 580.6464696855875, 580.6464696855875, 580.6464696855875, 580.6464696855875, 580.6464696855875, 580.6464696855875, 580.6464696855875, 580.6464696855875, 580.6464696855875, 580.6464696855875, 580.6464696855875, 580.6464696855875, 580.6464696855875, 580.6464696855875, 580.6464696855875, 580.6464696855875, 580.6464696855875, 580.6464696855875, 580.6464696855875, 580.6464696855875, 580.6464696855875, 580.6464696855875, 580.6464696855875, 580.6464696855875, 580.6464696855875, 580.6464696855875, 580.6464696855875, 580.6464696855875, 580.6464696855875, 580.6464696855875, 580.6464696855875, 580.6464696855875, 580.6464696855875, 580.6464696855875, 580.6464696855875, 580.6464696855875, 580.6464696855875, 580.6464696855875, 580.6464696855875, 580.6464696855875, 580.6464696855875, 580.6464696855875, 580.6464696855875, 580.6464696855875, 580.6464696855875, 580.6464696855875, 580.6464696855875, 580.6464696855875, 580.6464696855875, 580.6464696855875, 580.6464696855875, 580.6464696855875, 580.6464696855875, 580.6464696855875, 580.6464696855875, 580.6464696855875, 580.6464696855875, 580.6464696855875, 580.6464696855875, 580.6464696855875, 580.6464696855875, 580.6464696855875, 580.6464696855875, 580.6464696855875, 580.6464696855875, 580.6464696855875, 580.6464696855875, 580.6464696855875, 580.6464696855875, 580.6464696855875, 580.6464696855875, 580.6464696855875, 580.6464696855875, 580.6464696855875, 580.6464696855875, 580.6464696855875, 580.6464696855875, 580.6464696855875, 580.6464696855875, 580.6464696855875, 580.6464696855875, 580.6464696855875, 580.6464696855875, 580.6464696855875, 580.6464696855875, 580.6464696855875, 580.6464696855875, 580.6464696855875, 580.6464696855875, 580.6464696855875, 580.6464696855875, 580.6464696855875, 580.6464696855875, 580.6464696855875, 580.6464696855875, 580.6464696855875, 580.6464696855875, 580.6464696855875, 580.6464696855875, 580.6464696855875, 580.6464696855875, 580.6464696855875, 580.6464696855875, 580.6464696855875, 580.6464696855875, 580.6464696855875, 580.6464696855875, 580.6464696855875, 580.6464696855875, 580.6464696855875, 580.6464696855875, 580.6464696855875, 580.6464696855875, 580.6464696855875, 580.6464696855875, 580.6464696855875, 580.6464696855875, 580.6464696855875, 580.6464696855875, 580.6464696855875, 580.6464696855875, 580.6464696855875, 580.6464696855875, 580.6464696855875, 580.6464696855875, 580.6464696855875, 580.6464696855875, 580.6464696855875, 580.6464696855875, 580.6464696855875, 580.6464696855875, 580.6464696855875, 580.6464696855875, 580.6464696855875, 580.6464696855875, 580.6464696855875, 580.6464696855875, 580.6464696855875, 580.6464696855875, 580.6464696855875, 580.6464696855875, 580.6464696855875, 580.6464696855875, 580.6464696855875, 580.6464696855875, 580.6464696855875, 580.6464696855875, 580.6464696855875, 580.6464696855875, 580.6464696855875, 580.6464696855875, 580.6464696855875, 580.6464696855875, 580.6464696855875, 580.6464696855875, 580.6464696855875, 580.6464696855875, 580.6464696855875, 580.6464696855875, 580.6464696855875, 580.6464696855875, 580.6464696855875, 580.6464696855875, 580.6464696855875, 580.6464696855875, 580.6464696855875, 580.6464696855875, 580.6464696855875, 580.6464696855875, 580.6464696855875, 580.6464696855875, 580.6464696855875, 580.6464696855875, 580.6464696855875, 580.6464696855875, 580.6464696855875, 580.6464696855875, 580.6464696855875, 580.6464696855875, 580.6464696855875, 580.6464696855875, 580.6464696855875, 580.6464696855875, 580.6464696855875, 580.6464696855875, 580.6464696855875, 580.6464696855875, 580.6464696855875, 580.6464696855875, 580.6464696855875, 580.6464696855875, 580.6464696855875, 580.6464696855875, 580.6464696855875, 580.6464696855875, 580.6464696855875, 580.6464696855875, 580.6464696855875, 580.6464696855875, 580.6464696855875, 580.6464696855875, 580.6464696855875, 580.6464696855875, 580.6464696855875, 580.6464696855875, 580.6464696855875, 580.6464696855875, 580.6464696855875, 580.6464696855875, 580.6464696855875, 580.6464696855875, 580.6464696855875, 580.6464696855875, 580.6464696855875, 580.6464696855875, 580.6464696855875, 580.6464696855875, 580.6464696855875, 580.6464696855875, 580.6464696855875, 580.6464696855875, 580.6464696855875, 580.6464696855875, 580.6464696855875, 580.6464696855875, 580.6464696855875, 580.6464696855875, 580.6464696855875, 580.6464696855875, 580.6464696855875, 580.6464696855875, 580.6464696855875, 580.6464696855875, 580.6464696855875, 580.6464696855875, 580.6464696855875, 580.6464696855875, 580.6464696855875, 580.6464696855875, 580.6464696855875, 580.6464696855875, 580.6464696855875, 580.6464696855875, 580.6464696855875, 580.6464696855875, 580.6464696855875, 580.6464696855875, 580.6464696855875, 580.6464696855875, 580.6464696855875, 580.6464696855875, 580.6464696855875, 580.6464696855875, 580.6464696855875, 580.6464696855875, 580.6464696855875, 580.6464696855875, 580.6464696855875, 580.6464696855875, 580.6464696855875, 580.6464696855875, 580.6464696855875, 580.6464696855875, 580.6464696855875, 580.6464696855875, 580.6464696855875, 580.6464696855875, 580.6464696855875, 580.6464696855875, 580.6464696855875, 580.6464696855875, 580.6464696855875, 580.6464696855875, 580.6464696855875, 580.6464696855875, 580.6464696855875, 580.6464696855875, 580.6464696855875, 580.6464696855875, 580.6464696855875, 580.6464696855875, 580.6464696855875, 580.6464696855875, 580.6464696855875, 580.6464696855875, 580.6464696855875, 580.6464696855875, 580.6464696855875, 580.6464696855875, 580.6464696855875, 580.6464696855875, 580.6464696855875, 580.6464696855875, 580.6464696855875, 580.6464696855875, 580.6464696855875, 580.6464696855875, 580.6464696855875, 580.6464696855875, 580.6464696855875, 580.6464696855875, 580.6464696855875, 580.6464696855875, 580.6464696855875, 580.6464696855875, 580.6464696855875, 580.6464696855875, 580.6464696855875, 580.6464696855875, 580.6464696855875, 580.6464696855875, 580.6464696855875, 580.6464696855875, 580.6464696855875, 580.6464696855875, 580.6464696855875, 580.6464696855875, 580.6464696855875, 580.6464696855875, 580.6464696855875, 580.6464696855875, 580.6464696855875, 580.6464696855875, 580.6464696855875, 580.6464696855875, 580.6464696855875, 580.6464696855875, 580.6464696855875, 580.6464696855875, 580.6464696855875, 580.6464696855875, 580.6464696855875, 580.6464696855875, 580.6464696855875, 580.6464696855875, 580.6464696855875, 580.6464696855875, 580.6464696855875, 580.6464696855875, 580.6464696855875, 580.6464696855875, 580.6464696855875, 580.6464696855875, 580.6464696855875, 580.6464696855875, 580.6464696855875, 580.6464696855875, 580.6464696855875, 580.6464696855875, 580.6464696855875, 580.6464696855875, 580.6464696855875, 580.6464696855875, 580.6464696855875, 580.6464696855875, 580.6464696855875, 580.6464696855875, 580.6464696855875, 580.6464696855875, 580.6464696855875, 580.6464696855875, 580.6464696855875, 580.6464696855875, 580.6464696855875, 580.6464696855875, 580.6464696855875, 580.6464696855875, 580.6464696855875, 580.6464696855875, 580.6464696855875, 580.6464696855875, 580.6464696855875, 580.6464696855875, 580.6464696855875, 580.6464696855875, 580.6464696855875, 580.6464696855875, 580.6464696855875, 580.6464696855875, 580.6464696855875, 580.6464696855875, 580.6464696855875, 580.6464696855875, 580.6464696855875, 580.6464696855875, 580.6464696855875, 580.6464696855875, 580.6464696855875, 580.6464696855875, 580.6464696855875, 580.6464696855875, 580.6464696855875, 580.6464696855875, 580.6464696855875, 580.6464696855875, 580.6464696855875, 580.6464696855875, 580.6464696855875, 580.6464696855875, 580.6464696855875, 580.6464696855875, 580.6464696855875, 580.6464696855875, 580.6464696855875, 580.6464696855875, 580.6464696855875, 580.6464696855875, 580.6464696855875, 580.6464696855875, 580.6464696855875, 580.6464696855875, 580.6464696855875, 580.6464696855875, 580.6464696855875, 580.6464696855875, 580.6464696855875, 580.6464696855875, 580.6464696855875, 580.6464696855875, 580.6464696855875, 580.6464696855875, 580.6464696855875, 580.6464696855875, 580.6464696855875, 580.6464696855875, 580.6464696855875, 580.6464696855875, 580.6464696855875, 580.6464696855875, 580.6464696855875, 580.6464696855875, 580.6464696855875, 580.6464696855875, 580.6464696855875, 580.6464696855875, 580.6464696855875, 580.6464696855875, 580.6464696855875, 580.6464696855875, 580.6464696855875, 580.6464696855875, 580.6464696855875, 580.6464696855875, 580.6464696855875, 580.6464696855875, 580.6464696855875, 580.6464696855875, 580.6464696855875, 580.6464696855875, 580.6464696855875, 580.6464696855875, 580.6464696855875, 580.6464696855875, 580.6464696855875, 580.6464696855875, 580.6464696855875, 580.6464696855875, 580.6464696855875, 580.6464696855875, 580.6464696855875, 580.6464696855875, 580.6464696855875, 580.6464696855875, 580.6464696855875, 580.6464696855875, 580.6464696855875, 580.6464696855875, 580.6464696855875, 580.6464696855875, 580.6464696855875, 580.6464696855875, 580.6464696855875, 580.6464696855875, 580.6464696855875, 580.6464696855875, 580.6464696855875, 580.6464696855875, 580.6464696855875, 580.6464696855875, 580.6464696855875, 580.6464696855875, 580.6464696855875, 580.6464696855875, 580.6464696855875, 580.6464696855875, 580.6464696855875, 580.6464696855875, 580.6464696855875, 580.6464696855875, 580.6464696855875, 580.6464696855875, 580.6464696855875, 580.6464696855875, 580.6464696855875, 580.6464696855875, 580.6464696855875, 580.6464696855875, 580.6464696855875, 580.6464696855875, 580.6464696855875, 580.6464696855875, 580.6464696855875, 580.6464696855875, 580.6464696855875, 580.6464696855875, 580.6464696855875, 580.6464696855875, 580.6464696855875, 580.6464696855875, 580.6464696855875, 580.6464696855875, 580.6464696855875, 580.6464696855875, 580.6464696855875, 580.6464696855875, 580.6464696855875, 580.6464696855875, 580.6464696855875, 580.6464696855875, 580.6464696855875, 580.6464696855875, 580.6464696855875, 580.6464696855875, 580.6464696855875, 580.6464696855875, 580.6464696855875, 580.6464696855875, 580.6464696855875, 580.6464696855875, 580.6464696855875, 580.6464696855875, 580.6464696855875, 580.6464696855875, 580.6464696855875, 580.6464696855875, 580.6464696855875, 580.6464696855875, 580.6464696855875, 580.6464696855875, 580.6464696855875, 580.6464696855875, 580.6464696855875, 580.6464696855875, 580.6464696855875, 580.6464696855875, 580.6464696855875, 580.6464696855875, 580.6464696855875, 580.6464696855875, 580.6464696855875, 580.6464696855875, 580.6464696855875, 580.6464696855875, 580.6464696855875, 580.6464696855875, 580.6464696855875, 580.6464696855875, 580.6464696855875, 580.6464696855875, 580.6464696855875, 580.6464696855875, 580.6464696855875, 580.6464696855875, 580.6464696855875, 580.6464696855875, 580.6464696855875, 580.6464696855875, 580.6464696855875, 580.6464696855875, 580.6464696855875, 580.6464696855875, 580.6464696855875, 580.6464696855875, 580.6464696855875, 580.6464696855875, 580.6464696855875, 580.6464696855875, 580.6464696855875, 580.6464696855875, 580.6464696855875, 580.6464696855875, 580.6464696855875, 580.6464696855875, 580.6464696855875, 580.6464696855875, 580.6464696855875, 580.6464696855875, 580.6464696855875, 580.6464696855875, 580.6464696855875, 580.6464696855875, 580.6464696855875, 580.6464696855875, 580.6464696855875, 580.6464696855875, 580.6464696855875, 580.6464696855875, 580.6464696855875, 580.6464696855875, 580.6464696855875, 580.6464696855875, 580.6464696855875, 580.6464696855875, 580.6464696855875, 580.6464696855875, 580.6464696855875, 580.6464696855875, 580.6464696855875, 580.6464696855875, 580.6464696855875, 580.6464696855875, 580.6464696855875, 580.6464696855875, 580.6464696855875, 580.6464696855875, 580.6464696855875, 580.6464696855875, 580.6464696855875, 580.6464696855875, 580.6464696855875, 580.6464696855875, 580.6464696855875, 580.6464696855875, 580.6464696855875, 580.6464696855875, 580.6464696855875, 580.6464696855875, 580.6464696855875, 580.6464696855875, 580.6464696855875, 580.6464696855875, 580.6464696855875, 580.6464696855875, 580.6464696855875, 580.6464696855875, 580.6464696855875, 580.6464696855875, 580.6464696855875, 580.6464696855875, 580.6464696855875, 580.6464696855875, 580.6464696855875, 580.6464696855875, 580.6464696855875, 580.6464696855875, 580.6464696855875, 580.6464696855875, 580.6464696855875, 580.6464696855875, 580.6464696855875, 580.6464696855875, 580.6464696855875, 580.6464696855875, 580.6464696855875, 580.6464696855875, 580.6464696855875, 580.6464696855875, 580.6464696855875, 580.6464696855875, 580.6464696855875, 580.6464696855875, 580.6464696855875, 580.6464696855875, 580.6464696855875, 580.6464696855875, 580.6464696855875, 580.6464696855875, 580.6464696855875, 580.6464696855875, 580.6464696855875, 580.6464696855875, 580.6464696855875, 580.6464696855875, 580.6464696855875, 580.6464696855875, 580.6464696855875, 580.6464696855875, 580.6464696855875, 580.6464696855875, 580.6464696855875, 580.6464696855875, 580.6464696855875, 580.6464696855875, 580.6464696855875, 580.6464696855875, 580.6464696855875, 580.6464696855875, 580.6464696855875, 580.6464696855875, 580.6464696855875, 580.6464696855875, 580.6464696855875, 580.6464696855875, 580.6464696855875, 580.6464696855875, 580.6464696855875, 580.6464696855875, 580.6464696855875, 580.6464696855875, 580.6464696855875, 580.6464696855875, 580.6464696855875, 580.6464696855875, 580.6464696855875, 580.6464696855875, 580.6464696855875, 580.6464696855875, 580.6464696855875, 580.6464696855875, 580.6464696855875, 580.6464696855875, 580.6464696855875, 580.6464696855875, 580.6464696855875, 580.6464696855875, 580.6464696855875, 580.6464696855875, 580.6464696855875, 580.6464696855875, 580.6464696855875, 580.6464696855875, 580.6464696855875, 580.6464696855875, 580.6464696855875, 580.6464696855875, 580.6464696855875, 580.6464696855875, 580.6464696855875, 580.6464696855875, 580.6464696855875, 580.6464696855875, 580.6464696855875, 580.6464696855875, 580.6464696855875, 580.6464696855875, 580.6464696855875, 580.6464696855875, 580.6464696855875, 580.6464696855875, 580.6464696855875, 580.6464696855875, 580.6464696855875, 580.6464696855875, 580.6464696855875, 580.6464696855875, 580.6464696855875, 580.6464696855875, 580.6464696855875, 580.6464696855875, 580.6464696855875, 580.6464696855875, 580.6464696855875, 580.6464696855875, 580.6464696855875, 580.6464696855875, 580.6464696855875, 580.6464696855875, 580.6464696855875, 580.6464696855875, 580.6464696855875, 580.6464696855875, 580.6464696855875, 580.6464696855875, 580.6464696855875, 580.6464696855875, 580.6464696855875, 580.6464696855875, 580.6464696855875, 580.6464696855875, 580.6464696855875, 580.6464696855875, 580.6464696855875, 580.6464696855875, 580.6464696855875, 580.6464696855875, 580.6464696855875, 580.6464696855875, 580.6464696855875, 580.6464696855875, 580.6464696855875, 580.6464696855875, 580.6464696855875, 580.6464696855875, 580.6464696855875, 580.6464696855875, 580.6464696855875, 580.6464696855875, 580.6464696855875, 580.6464696855875, 580.6464696855875, 580.6464696855875, 580.6464696855875, 580.6464696855875, 580.6464696855875, 580.6464696855875, 580.6464696855875, 580.6464696855875, 580.6464696855875, 580.6464696855875, 580.6464696855875, 580.6464696855875, 580.6464696855875, 580.6464696855875, 580.6464696855875, 580.6464696855875, 580.6464696855875, 580.6464696855875, 580.6464696855875, 580.6464696855875, 580.6464696855875, 580.6464696855875, 580.6464696855875, 580.6464696855875, 580.6464696855875, 580.6464696855875, 580.6464696855875, 580.6464696855875, 580.6464696855875, 580.6464696855875, 580.6464696855875, 580.6464696855875, 580.6464696855875, 580.6464696855875, 580.6464696855875, 580.6464696855875, 580.6464696855875, 580.6464696855875, 580.6464696855875, 580.6464696855875, 580.6464696855875, 580.6464696855875, 580.6464696855875, 580.6464696855875, 580.6464696855875, 580.6464696855875, 580.6464696855875, 580.6464696855875, 580.6464696855875, 580.6464696855875, 580.6464696855875, 580.6464696855875, 580.6464696855875, 580.6464696855875, 580.6464696855875, 580.6464696855875, 580.6464696855875, 580.6464696855875, 580.6464696855875, 580.6464696855875, 580.6464696855875, 580.6464696855875, 580.6464696855875]
Computational time : 93.0520000458