Name : Ahmed ElMousel
Problem : X-n190-k8 
Whale Algorithm 
cost : 1118.51477615
Routes : 
1->19->36->44->32->24->1
1->15->18->17->48->42->1
1->13->6->2->7->45->1
1->23->39->26->20->38->37->33->1
1->41->46->10->25->5->14->31->22->30->29->1
1->28->16->9->40->27->21->4->8->1
1->3->11->34->47->12->43->35->1
best solutions : 
[1195.4648193787202, 1195.4648193787202, 1191.3683474558188, 1183.6087713131342, 1183.6087713131342, 1183.6087713131342, 1183.6087713131342, 1183.6087713131342, 1183.6087713131342, 1183.320470085471, 1183.320470085471, 1183.320470085471, 1183.320470085471, 1179.0400102194435, 1179.0400102194435, 1177.0920196807692, 1176.7718719885067, 1159.1949769951168, 1159.1949769951168, 1155.3767989632336, 1155.3767989632336, 1132.90975602657, 1130.7238160163145, 1130.7238160163145, 1130.7238160163145, 1130.7238160163145, 1130.7238160163145, 1130.7238160163145, 1130.7238160163145, 1130.7238160163145, 1130.7238160163145, 1130.7238160163145, 1130.7238160163145, 1130.7238160163145, 1130.7238160163145, 1130.7238160163145, 1130.7238160163145, 1130.7238160163145, 1130.7238160163145, 1130.7238160163145, 1130.7238160163145, 1130.7238160163145, 1130.7238160163145, 1130.7238160163145, 1130.7238160163145, 1130.7238160163145, 1130.7238160163145, 1130.51568035509, 1130.51568035509, 1130.51568035509, 1130.51568035509, 1130.51568035509, 1129.9534435771336, 1129.9534435771336, 1129.9534435771336, 1129.9534435771336, 1129.9534435771336, 1129.9534435771336, 1129.9534435771336, 1129.9534435771336, 1129.9534435771336, 1129.9534435771336, 1129.9534435771336, 1129.9534435771336, 1129.9534435771336, 1129.9534435771336, 1129.9534435771336, 1129.9534435771336, 1129.9534435771336, 1129.9534435771336, 1129.9534435771336, 1129.9534435771336, 1129.9534435771336, 1129.9534435771336, 1129.9534435771336, 1129.9534435771336, 1129.9534435771336, 1129.9534435771336, 1129.9534435771336, 1129.745307915909, 1129.745307915909, 1129.745307915909, 1129.745307915909, 1129.745307915909, 1129.745307915909, 1129.745307915909, 1129.745307915909, 1129.745307915909, 1129.745307915909, 1129.745307915909, 1129.745307915909, 1129.745307915909, 1129.745307915909, 1129.745307915909, 1129.745307915909, 1129.745307915909, 1129.745307915909, 1129.745307915909, 1129.745307915909, 1129.745307915909, 1129.745307915909, 1129.745307915909, 1129.745307915909, 1129.745307915909, 1129.745307915909, 1129.745307915909, 1129.745307915909, 1129.745307915909, 1129.745307915909, 1129.745307915909, 1129.745307915909, 1129.745307915909, 1129.745307915909, 1129.745307915909, 1129.745307915909, 1129.745307915909, 1129.745307915909, 1129.745307915909, 1129.745307915909, 1129.745307915909, 1129.745307915909, 1129.745307915909, 1129.745307915909, 1129.745307915909, 1129.745307915909, 1129.745307915909, 1129.745307915909, 1129.745307915909, 1129.745307915909, 1129.745307915909, 1129.745307915909, 1129.745307915909, 1129.745307915909, 1129.745307915909, 1129.745307915909, 1129.745307915909, 1129.745307915909, 1129.745307915909, 1129.745307915909, 1129.745307915909, 1129.745307915909, 1129.745307915909, 1129.745307915909, 1122.1264912973058, 1122.1264912973058, 1122.1264912973058, 1122.1264912973058, 1122.1264912973058, 1122.1264912973058, 1122.1264912973058, 1122.1264912973058, 1122.1264912973058, 1122.1264912973058, 1122.1264912973058, 1122.1264912973058, 1122.1264912973058, 1122.1264912973058, 1122.1264912973058, 1122.1264912973058, 1121.489225435933, 1121.489225435933, 1121.489225435933, 1121.489225435933, 1121.489225435933, 1121.489225435933, 1121.489225435933, 1121.489225435933, 1120.2237316344165, 1120.2237316344165, 1120.2237316344165, 1120.2237316344165, 1120.2237316344165, 1120.2237316344165, 1120.2237316344165, 1120.2237316344165, 1120.2237316344165, 1120.2237316344165, 1120.2237316344165, 1120.2237316344165, 1120.2237316344165, 1120.2237316344165, 1120.2237316344165, 1120.2237316344165, 1120.2237316344165, 1120.2237316344165, 1120.2237316344165, 1120.2237316344165, 1120.2237316344165, 1120.2237316344165, 1120.2237316344165, 1120.2237316344165, 1120.2237316344165, 1120.2237316344165, 1120.2237316344165, 1120.2237316344165, 1120.2237316344165, 1120.2237316344165, 1120.2237316344165, 1120.2237316344165, 1120.2237316344165, 1120.2237316344165, 1120.2237316344165, 1120.2237316344165, 1120.2237316344165, 1120.2237316344165, 1120.2237316344165, 1120.2237316344165, 1120.2237316344165, 1120.2237316344165, 1120.2237316344165, 1120.2237316344165, 1120.2237316344165, 1120.2237316344165, 1120.2237316344165, 1120.2237316344165, 1120.2237316344165, 1120.2237316344165, 1120.2237316344165, 1120.2237316344165, 1120.2237316344165, 1120.2237316344165, 1120.2237316344165, 1120.2237316344165, 1120.2237316344165, 1120.2237316344165, 1120.2237316344165, 1120.2237316344165, 1120.2237316344165, 1120.2237316344165, 1120.2237316344165, 1120.2237316344165, 1120.2237316344165, 1120.2237316344165, 1120.2237316344165, 1120.2237316344165, 1120.2237316344165, 1120.2237316344165, 1120.2237316344165, 1120.2237316344165, 1120.2237316344165, 1120.2237316344165, 1120.2237316344165, 1120.2237316344165, 1120.2237316344165, 1120.2237316344165, 1120.2237316344165, 1120.2237316344165, 1120.2237316344165, 1120.2237316344165, 1120.2237316344165, 1120.2237316344165, 1120.2237316344165, 1120.2237316344165, 1120.2237316344165, 1120.2237316344165, 1120.2237316344165, 1120.2237316344165, 1120.2237316344165, 1120.2237316344165, 1120.2237316344165, 1120.2237316344165, 1120.2237316344165, 1120.2237316344165, 1120.2237316344165, 1120.2237316344165, 1120.2237316344165, 1120.2237316344165, 1120.2237316344165, 1120.2237316344165, 1120.2237316344165, 1120.2237316344165, 1120.2237316344165, 1120.2237316344165, 1120.2237316344165, 1120.2237316344165, 1120.2237316344165, 1120.2237316344165, 1120.2237316344165, 1120.2237316344165, 1120.2237316344165, 1120.2237316344165, 1120.2237316344165, 1120.2237316344165, 1120.2237316344165, 1120.2237316344165, 1120.2237316344165, 1120.2237316344165, 1120.2237316344165, 1120.2237316344165, 1120.2237316344165, 1120.2237316344165, 1120.2237316344165, 1120.2237316344165, 1120.2237316344165, 1120.2237316344165, 1120.2237316344165, 1120.2237316344165, 1120.2237316344165, 1120.2237316344165, 1120.2237316344165, 1120.2237316344165, 1120.2237316344165, 1120.2237316344165, 1120.2237316344165, 1120.2237316344165, 1120.2237316344165, 1120.2237316344165, 1120.2237316344165, 1120.2237316344165, 1120.2237316344165, 1120.2237316344165, 1120.2237316344165, 1120.2237316344165, 1120.2237316344165, 1120.2237316344165, 1120.2237316344165, 1120.2237316344165, 1120.2237316344165, 1120.2237316344165, 1120.2237316344165, 1120.2237316344165, 1120.2237316344165, 1120.2237316344165, 1120.2237316344165, 1120.2237316344165, 1120.2237316344165, 1120.2237316344165, 1120.2237316344165, 1120.2237316344165, 1120.2237316344165, 1120.2237316344165, 1120.2237316344165, 1120.2237316344165, 1120.2237316344165, 1120.2237316344165, 1120.2237316344165, 1120.2237316344165, 1120.2237316344165, 1120.2237316344165, 1120.2237316344165, 1120.2237316344165, 1120.2237316344165, 1120.2237316344165, 1120.2237316344165, 1120.2237316344165, 1120.2237316344165, 1120.2237316344165, 1120.2237316344165, 1120.2237316344165, 1120.2237316344165, 1120.2237316344165, 1120.2237316344165, 1120.2237316344165, 1120.2237316344165, 1120.2237316344165, 1120.2237316344165, 1120.2237316344165, 1120.2237316344165, 1120.2237316344165, 1120.2237316344165, 1120.2237316344165, 1120.2237316344165, 1120.2237316344165, 1120.2237316344165, 1120.2237316344165, 1120.2237316344165, 1120.2237316344165, 1120.2237316344165, 1120.2237316344165, 1120.2237316344165, 1120.2237316344165, 1120.2237316344165, 1120.2237316344165, 1120.2237316344165, 1120.2237316344165, 1120.2237316344165, 1120.2237316344165, 1120.2237316344165, 1120.2237316344165, 1120.2237316344165, 1120.2237316344165, 1120.2237316344165, 1120.2237316344165, 1120.2237316344165, 1119.7802699484475, 1119.7802699484475, 1118.5147761469311, 1118.5147761469311, 1118.5147761469311, 1118.5147761469311, 1118.5147761469311, 1118.5147761469311, 1118.5147761469311, 1118.5147761469311, 1118.5147761469311, 1118.5147761469311, 1118.5147761469311, 1118.5147761469311, 1118.5147761469311, 1118.5147761469311, 1118.5147761469311, 1118.5147761469311, 1118.5147761469311, 1118.5147761469311, 1118.5147761469311, 1118.5147761469311, 1118.5147761469311, 1118.5147761469311, 1118.5147761469311, 1118.5147761469311, 1118.5147761469311, 1118.5147761469311, 1118.5147761469311, 1118.5147761469311, 1118.5147761469311, 1118.5147761469311, 1118.5147761469311, 1118.5147761469311, 1118.5147761469311, 1118.5147761469311, 1118.5147761469311, 1118.5147761469311, 1118.5147761469311, 1118.5147761469311, 1118.5147761469311, 1118.5147761469311, 1118.5147761469311, 1118.5147761469311, 1118.5147761469311, 1118.5147761469311, 1118.5147761469311, 1118.5147761469311, 1118.5147761469311, 1118.5147761469311, 1118.5147761469311, 1118.5147761469311, 1118.5147761469311, 1118.5147761469311, 1118.5147761469311, 1118.5147761469311, 1118.5147761469311, 1118.5147761469311, 1118.5147761469311, 1118.5147761469311, 1118.5147761469311, 1118.5147761469311, 1118.5147761469311, 1118.5147761469311, 1118.5147761469311, 1118.5147761469311, 1118.5147761469311, 1118.5147761469311, 1118.5147761469311, 1118.5147761469311, 1118.5147761469311, 1118.5147761469311, 1118.5147761469311, 1118.5147761469311, 1118.5147761469311, 1118.5147761469311, 1118.5147761469311, 1118.5147761469311, 1118.5147761469311, 1118.5147761469311, 1118.5147761469311, 1118.5147761469311, 1118.5147761469311, 1118.5147761469311, 1118.5147761469311, 1118.5147761469311, 1118.5147761469311, 1118.5147761469311, 1118.5147761469311, 1118.5147761469311, 1118.5147761469311, 1118.5147761469311, 1118.5147761469311, 1118.5147761469311, 1118.5147761469311, 1118.5147761469311, 1118.5147761469311, 1118.5147761469311, 1118.5147761469311, 1118.5147761469311, 1118.5147761469311, 1118.5147761469311, 1118.5147761469311, 1118.5147761469311, 1118.5147761469311, 1118.5147761469311, 1118.5147761469311, 1118.5147761469311, 1118.5147761469311, 1118.5147761469311, 1118.5147761469311, 1118.5147761469311, 1118.5147761469311, 1118.5147761469311, 1118.5147761469311, 1118.5147761469311, 1118.5147761469311, 1118.5147761469311, 1118.5147761469311, 1118.5147761469311, 1118.5147761469311, 1118.5147761469311, 1118.5147761469311, 1118.5147761469311, 1118.5147761469311, 1118.5147761469311, 1118.5147761469311, 1118.5147761469311, 1118.5147761469311, 1118.5147761469311, 1118.5147761469311, 1118.5147761469311, 1118.5147761469311, 1118.5147761469311, 1118.5147761469311, 1118.5147761469311, 1118.5147761469311, 1118.5147761469311, 1118.5147761469311, 1118.5147761469311, 1118.5147761469311, 1118.5147761469311, 1118.5147761469311, 1118.5147761469311, 1118.5147761469311, 1118.5147761469311, 1118.5147761469311, 1118.5147761469311, 1118.5147761469311, 1118.5147761469311, 1118.5147761469311, 1118.5147761469311, 1118.5147761469311, 1118.5147761469311, 1118.5147761469311, 1118.5147761469311, 1118.5147761469311, 1118.5147761469311, 1118.5147761469311, 1118.5147761469311, 1118.5147761469311, 1118.5147761469311, 1118.5147761469311, 1118.5147761469311, 1118.5147761469311, 1118.5147761469311, 1118.5147761469311, 1118.5147761469311, 1118.5147761469311, 1118.5147761469311, 1118.5147761469311, 1118.5147761469311, 1118.5147761469311, 1118.5147761469311, 1118.5147761469311, 1118.5147761469311, 1118.5147761469311, 1118.5147761469311, 1118.5147761469311, 1118.5147761469311, 1118.5147761469311, 1118.5147761469311, 1118.5147761469311, 1118.5147761469311, 1118.5147761469311, 1118.5147761469311, 1118.5147761469311, 1118.5147761469311, 1118.5147761469311, 1118.5147761469311, 1118.5147761469311, 1118.5147761469311, 1118.5147761469311, 1118.5147761469311, 1118.5147761469311, 1118.5147761469311, 1118.5147761469311, 1118.5147761469311, 1118.5147761469311, 1118.5147761469311, 1118.5147761469311, 1118.5147761469311, 1118.5147761469311, 1118.5147761469311, 1118.5147761469311, 1118.5147761469311, 1118.5147761469311, 1118.5147761469311, 1118.5147761469311, 1118.5147761469311, 1118.5147761469311, 1118.5147761469311, 1118.5147761469311, 1118.5147761469311, 1118.5147761469311, 1118.5147761469311, 1118.5147761469311, 1118.5147761469311, 1118.5147761469311, 1118.5147761469311, 1118.5147761469311, 1118.5147761469311, 1118.5147761469311, 1118.5147761469311, 1118.5147761469311, 1118.5147761469311, 1118.5147761469311, 1118.5147761469311, 1118.5147761469311, 1118.5147761469311, 1118.5147761469311, 1118.5147761469311, 1118.5147761469311, 1118.5147761469311, 1118.5147761469311, 1118.5147761469311, 1118.5147761469311, 1118.5147761469311, 1118.5147761469311, 1118.5147761469311, 1118.5147761469311, 1118.5147761469311, 1118.5147761469311, 1118.5147761469311, 1118.5147761469311, 1118.5147761469311, 1118.5147761469311, 1118.5147761469311, 1118.5147761469311, 1118.5147761469311, 1118.5147761469311, 1118.5147761469311, 1118.5147761469311, 1118.5147761469311, 1118.5147761469311, 1118.5147761469311, 1118.5147761469311, 1118.5147761469311, 1118.5147761469311, 1118.5147761469311, 1118.5147761469311, 1118.5147761469311, 1118.5147761469311, 1118.5147761469311, 1118.5147761469311, 1118.5147761469311, 1118.5147761469311, 1118.5147761469311, 1118.5147761469311, 1118.5147761469311, 1118.5147761469311, 1118.5147761469311, 1118.5147761469311, 1118.5147761469311, 1118.5147761469311, 1118.5147761469311, 1118.5147761469311, 1118.5147761469311, 1118.5147761469311, 1118.5147761469311, 1118.5147761469311, 1118.5147761469311, 1118.5147761469311, 1118.5147761469311, 1118.5147761469311, 1118.5147761469311, 1118.5147761469311, 1118.5147761469311, 1118.5147761469311, 1118.5147761469311, 1118.5147761469311, 1118.5147761469311, 1118.5147761469311, 1118.5147761469311, 1118.5147761469311, 1118.5147761469311, 1118.5147761469311, 1118.5147761469311, 1118.5147761469311, 1118.5147761469311, 1118.5147761469311, 1118.5147761469311, 1118.5147761469311, 1118.5147761469311, 1118.5147761469311, 1118.5147761469311, 1118.5147761469311, 1118.5147761469311, 1118.5147761469311, 1118.5147761469311, 1118.5147761469311, 1118.5147761469311, 1118.5147761469311, 1118.5147761469311, 1118.5147761469311, 1118.5147761469311, 1118.5147761469311, 1118.5147761469311, 1118.5147761469311, 1118.5147761469311, 1118.5147761469311, 1118.5147761469311, 1118.5147761469311, 1118.5147761469311, 1118.5147761469311, 1118.5147761469311, 1118.5147761469311, 1118.5147761469311, 1118.5147761469311, 1118.5147761469311, 1118.5147761469311, 1118.5147761469311, 1118.5147761469311, 1118.5147761469311, 1118.5147761469311, 1118.5147761469311, 1118.5147761469311, 1118.5147761469311, 1118.5147761469311, 1118.5147761469311, 1118.5147761469311, 1118.5147761469311, 1118.5147761469311, 1118.5147761469311, 1118.5147761469311, 1118.5147761469311, 1118.5147761469311, 1118.5147761469311, 1118.5147761469311, 1118.5147761469311, 1118.5147761469311, 1118.5147761469311, 1118.5147761469311, 1118.5147761469311, 1118.5147761469311, 1118.5147761469311, 1118.5147761469311, 1118.5147761469311, 1118.5147761469311, 1118.5147761469311, 1118.5147761469311, 1118.5147761469311, 1118.5147761469311, 1118.5147761469311, 1118.5147761469311, 1118.5147761469311, 1118.5147761469311, 1118.5147761469311, 1118.5147761469311, 1118.5147761469311, 1118.5147761469311, 1118.5147761469311, 1118.5147761469311, 1118.5147761469311, 1118.5147761469311, 1118.5147761469311, 1118.5147761469311, 1118.5147761469311, 1118.5147761469311, 1118.5147761469311, 1118.5147761469311, 1118.5147761469311, 1118.5147761469311, 1118.5147761469311, 1118.5147761469311, 1118.5147761469311, 1118.5147761469311, 1118.5147761469311, 1118.5147761469311, 1118.5147761469311, 1118.5147761469311, 1118.5147761469311, 1118.5147761469311, 1118.5147761469311, 1118.5147761469311, 1118.5147761469311, 1118.5147761469311, 1118.5147761469311, 1118.5147761469311, 1118.5147761469311, 1118.5147761469311, 1118.5147761469311, 1118.5147761469311, 1118.5147761469311, 1118.5147761469311, 1118.5147761469311, 1118.5147761469311, 1118.5147761469311, 1118.5147761469311, 1118.5147761469311, 1118.5147761469311, 1118.5147761469311, 1118.5147761469311, 1118.5147761469311, 1118.5147761469311, 1118.5147761469311, 1118.5147761469311, 1118.5147761469311, 1118.5147761469311, 1118.5147761469311, 1118.5147761469311, 1118.5147761469311, 1118.5147761469311, 1118.5147761469311, 1118.5147761469311, 1118.5147761469311, 1118.5147761469311, 1118.5147761469311, 1118.5147761469311, 1118.5147761469311, 1118.5147761469311, 1118.5147761469311, 1118.5147761469311, 1118.5147761469311, 1118.5147761469311, 1118.5147761469311, 1118.5147761469311, 1118.5147761469311, 1118.5147761469311, 1118.5147761469311, 1118.5147761469311, 1118.5147761469311, 1118.5147761469311, 1118.5147761469311, 1118.5147761469311, 1118.5147761469311, 1118.5147761469311, 1118.5147761469311, 1118.5147761469311, 1118.5147761469311, 1118.5147761469311, 1118.5147761469311, 1118.5147761469311, 1118.5147761469311, 1118.5147761469311, 1118.5147761469311, 1118.5147761469311, 1118.5147761469311, 1118.5147761469311, 1118.5147761469311, 1118.5147761469311, 1118.5147761469311, 1118.5147761469311, 1118.5147761469311, 1118.5147761469311, 1118.5147761469311, 1118.5147761469311, 1118.5147761469311, 1118.5147761469311, 1118.5147761469311, 1118.5147761469311, 1118.5147761469311, 1118.5147761469311, 1118.5147761469311, 1118.5147761469311, 1118.5147761469311, 1118.5147761469311, 1118.5147761469311, 1118.5147761469311, 1118.5147761469311, 1118.5147761469311, 1118.5147761469311, 1118.5147761469311, 1118.5147761469311, 1118.5147761469311, 1118.5147761469311, 1118.5147761469311, 1118.5147761469311, 1118.5147761469311, 1118.5147761469311, 1118.5147761469311, 1118.5147761469311, 1118.5147761469311, 1118.5147761469311, 1118.5147761469311, 1118.5147761469311, 1118.5147761469311, 1118.5147761469311, 1118.5147761469311, 1118.5147761469311, 1118.5147761469311, 1118.5147761469311, 1118.5147761469311, 1118.5147761469311, 1118.5147761469311, 1118.5147761469311, 1118.5147761469311, 1118.5147761469311, 1118.5147761469311, 1118.5147761469311, 1118.5147761469311, 1118.5147761469311, 1118.5147761469311, 1118.5147761469311, 1118.5147761469311, 1118.5147761469311, 1118.5147761469311, 1118.5147761469311, 1118.5147761469311, 1118.5147761469311, 1118.5147761469311, 1118.5147761469311, 1118.5147761469311, 1118.5147761469311, 1118.5147761469311, 1118.5147761469311, 1118.5147761469311, 1118.5147761469311, 1118.5147761469311, 1118.5147761469311, 1118.5147761469311, 1118.5147761469311, 1118.5147761469311, 1118.5147761469311, 1118.5147761469311, 1118.5147761469311, 1118.5147761469311, 1118.5147761469311, 1118.5147761469311, 1118.5147761469311, 1118.5147761469311, 1118.5147761469311, 1118.5147761469311, 1118.5147761469311, 1118.5147761469311, 1118.5147761469311, 1118.5147761469311, 1118.5147761469311, 1118.5147761469311, 1118.5147761469311, 1118.5147761469311, 1118.5147761469311, 1118.5147761469311, 1118.5147761469311, 1118.5147761469311, 1118.5147761469311, 1118.5147761469311, 1118.5147761469311, 1118.5147761469311, 1118.5147761469311, 1118.5147761469311, 1118.5147761469311, 1118.5147761469311, 1118.5147761469311, 1118.5147761469311, 1118.5147761469311, 1118.5147761469311, 1118.5147761469311, 1118.5147761469311, 1118.5147761469311, 1118.5147761469311, 1118.5147761469311, 1118.5147761469311, 1118.5147761469311, 1118.5147761469311, 1118.5147761469311, 1118.5147761469311, 1118.5147761469311, 1118.5147761469311, 1118.5147761469311, 1118.5147761469311, 1118.5147761469311, 1118.5147761469311, 1118.5147761469311, 1118.5147761469311, 1118.5147761469311, 1118.5147761469311, 1118.5147761469311, 1118.5147761469311, 1118.5147761469311, 1118.5147761469311, 1118.5147761469311, 1118.5147761469311, 1118.5147761469311, 1118.5147761469311, 1118.5147761469311, 1118.5147761469311, 1118.5147761469311, 1118.5147761469311, 1118.5147761469311, 1118.5147761469311, 1118.5147761469311, 1118.5147761469311, 1118.5147761469311, 1118.5147761469311, 1118.5147761469311, 1118.5147761469311, 1118.5147761469311, 1118.5147761469311, 1118.5147761469311, 1118.5147761469311, 1118.5147761469311, 1118.5147761469311, 1118.5147761469311, 1118.5147761469311, 1118.5147761469311, 1118.5147761469311, 1118.5147761469311, 1118.5147761469311, 1118.5147761469311, 1118.5147761469311, 1118.5147761469311, 1118.5147761469311, 1118.5147761469311, 1118.5147761469311, 1118.5147761469311, 1118.5147761469311, 1118.5147761469311, 1118.5147761469311, 1118.5147761469311, 1118.5147761469311, 1118.5147761469311, 1118.5147761469311, 1118.5147761469311, 1118.5147761469311, 1118.5147761469311, 1118.5147761469311, 1118.5147761469311, 1118.5147761469311, 1118.5147761469311, 1118.5147761469311, 1118.5147761469311, 1118.5147761469311, 1118.5147761469311, 1118.5147761469311, 1118.5147761469311, 1118.5147761469311, 1118.5147761469311, 1118.5147761469311, 1118.5147761469311, 1118.5147761469311, 1118.5147761469311, 1118.5147761469311, 1118.5147761469311, 1118.5147761469311, 1118.5147761469311, 1118.5147761469311, 1118.5147761469311, 1118.5147761469311, 1118.5147761469311, 1118.5147761469311, 1118.5147761469311, 1118.5147761469311, 1118.5147761469311, 1118.5147761469311, 1118.5147761469311, 1118.5147761469311, 1118.5147761469311, 1118.5147761469311, 1118.5147761469311, 1118.5147761469311, 1118.5147761469311, 1118.5147761469311, 1118.5147761469311, 1118.5147761469311, 1118.5147761469311, 1118.5147761469311, 1118.5147761469311, 1118.5147761469311, 1118.5147761469311, 1118.5147761469311, 1118.5147761469311, 1118.5147761469311, 1118.5147761469311, 1118.5147761469311, 1118.5147761469311, 1118.5147761469311, 1118.5147761469311, 1118.5147761469311, 1118.5147761469311, 1118.5147761469311, 1118.5147761469311, 1118.5147761469311, 1118.5147761469311, 1118.5147761469311, 1118.5147761469311, 1118.5147761469311, 1118.5147761469311, 1118.5147761469311, 1118.5147761469311, 1118.5147761469311, 1118.5147761469311, 1118.5147761469311, 1118.5147761469311, 1118.5147761469311, 1118.5147761469311, 1118.5147761469311, 1118.5147761469311, 1118.5147761469311, 1118.5147761469311, 1118.5147761469311, 1118.5147761469311, 1118.5147761469311, 1118.5147761469311, 1118.5147761469311, 1118.5147761469311, 1118.5147761469311, 1118.5147761469311, 1118.5147761469311, 1118.5147761469311, 1118.5147761469311, 1118.5147761469311, 1118.5147761469311, 1118.5147761469311, 1118.5147761469311, 1118.5147761469311, 1118.5147761469311, 1118.5147761469311, 1118.5147761469311, 1118.5147761469311, 1118.5147761469311, 1118.5147761469311, 1118.5147761469311, 1118.5147761469311, 1118.5147761469311, 1118.5147761469311, 1118.5147761469311, 1118.5147761469311, 1118.5147761469311, 1118.5147761469311, 1118.5147761469311, 1118.5147761469311, 1118.5147761469311, 1118.5147761469311, 1118.5147761469311, 1118.5147761469311, 1118.5147761469311, 1118.5147761469311, 1118.5147761469311, 1118.5147761469311, 1118.5147761469311, 1118.5147761469311, 1118.5147761469311, 1118.5147761469311, 1118.5147761469311, 1118.5147761469311, 1118.5147761469311, 1118.5147761469311, 1118.5147761469311, 1118.5147761469311, 1118.5147761469311, 1118.5147761469311, 1118.5147761469311, 1118.5147761469311, 1118.5147761469311, 1118.5147761469311, 1118.5147761469311, 1118.5147761469311, 1118.5147761469311, 1118.5147761469311, 1118.5147761469311, 1118.5147761469311, 1118.5147761469311, 1118.5147761469311, 1118.5147761469311, 1118.5147761469311, 1118.5147761469311, 1118.5147761469311, 1118.5147761469311, 1118.5147761469311, 1118.5147761469311, 1118.5147761469311, 1118.5147761469311, 1118.5147761469311, 1118.5147761469311, 1118.5147761469311, 1118.5147761469311, 1118.5147761469311, 1118.5147761469311, 1118.5147761469311, 1118.5147761469311, 1118.5147761469311, 1118.5147761469311, 1118.5147761469311, 1118.5147761469311, 1118.5147761469311, 1118.5147761469311, 1118.5147761469311, 1118.5147761469311, 1118.5147761469311, 1118.5147761469311, 1118.5147761469311, 1118.5147761469311, 1118.5147761469311, 1118.5147761469311, 1118.5147761469311, 1118.5147761469311, 1118.5147761469311, 1118.5147761469311, 1118.5147761469311, 1118.5147761469311, 1118.5147761469311, 1118.5147761469311, 1118.5147761469311, 1118.5147761469311, 1118.5147761469311, 1118.5147761469311, 1118.5147761469311, 1118.5147761469311, 1118.5147761469311, 1118.5147761469311, 1118.5147761469311, 1118.5147761469311, 1118.5147761469311, 1118.5147761469311, 1118.5147761469311, 1118.5147761469311, 1118.5147761469311, 1118.5147761469311, 1118.5147761469311, 1118.5147761469311, 1118.5147761469311, 1118.5147761469311, 1118.5147761469311, 1118.5147761469311, 1118.5147761469311, 1118.5147761469311, 1118.5147761469311, 1118.5147761469311, 1118.5147761469311, 1118.5147761469311, 1118.5147761469311, 1118.5147761469311, 1118.5147761469311, 1118.5147761469311, 1118.5147761469311, 1118.5147761469311, 1118.5147761469311, 1118.5147761469311, 1118.5147761469311, 1118.5147761469311, 1118.5147761469311, 1118.5147761469311, 1118.5147761469311, 1118.5147761469311, 1118.5147761469311, 1118.5147761469311, 1118.5147761469311, 1118.5147761469311, 1118.5147761469311, 1118.5147761469311, 1118.5147761469311, 1118.5147761469311, 1118.5147761469311, 1118.5147761469311, 1118.5147761469311, 1118.5147761469311, 1118.5147761469311, 1118.5147761469311, 1118.5147761469311, 1118.5147761469311, 1118.5147761469311, 1118.5147761469311, 1118.5147761469311, 1118.5147761469311, 1118.5147761469311, 1118.5147761469311, 1118.5147761469311, 1118.5147761469311, 1118.5147761469311, 1118.5147761469311, 1118.5147761469311, 1118.5147761469311, 1118.5147761469311, 1118.5147761469311, 1118.5147761469311, 1118.5147761469311, 1118.5147761469311, 1118.5147761469311, 1118.5147761469311, 1118.5147761469311, 1118.5147761469311, 1118.5147761469311, 1118.5147761469311, 1118.5147761469311, 1118.5147761469311, 1118.5147761469311, 1118.5147761469311, 1118.5147761469311, 1118.5147761469311, 1118.5147761469311, 1118.5147761469311, 1118.5147761469311, 1118.5147761469311, 1118.5147761469311, 1118.5147761469311, 1118.5147761469311, 1118.5147761469311, 1118.5147761469311, 1118.5147761469311, 1118.5147761469311, 1118.5147761469311, 1118.5147761469311, 1118.5147761469311, 1118.5147761469311, 1118.5147761469311, 1118.5147761469311, 1118.5147761469311, 1118.5147761469311, 1118.5147761469311, 1118.5147761469311, 1118.5147761469311, 1118.5147761469311, 1118.5147761469311, 1118.5147761469311, 1118.5147761469311, 1118.5147761469311, 1118.5147761469311, 1118.5147761469311, 1118.5147761469311, 1118.5147761469311, 1118.5147761469311, 1118.5147761469311, 1118.5147761469311, 1118.5147761469311, 1118.5147761469311, 1118.5147761469311, 1118.5147761469311, 1118.5147761469311, 1118.5147761469311, 1118.5147761469311, 1118.5147761469311, 1118.5147761469311, 1118.5147761469311, 1118.5147761469311, 1118.5147761469311, 1118.5147761469311, 1118.5147761469311, 1118.5147761469311, 1118.5147761469311, 1118.5147761469311, 1118.5147761469311, 1118.5147761469311, 1118.5147761469311, 1118.5147761469311, 1118.5147761469311, 1118.5147761469311, 1118.5147761469311, 1118.5147761469311, 1118.5147761469311, 1118.5147761469311, 1118.5147761469311, 1118.5147761469311, 1118.5147761469311, 1118.5147761469311, 1118.5147761469311, 1118.5147761469311, 1118.5147761469311, 1118.5147761469311, 1118.5147761469311, 1118.5147761469311, 1118.5147761469311, 1118.5147761469311, 1118.5147761469311, 1118.5147761469311, 1118.5147761469311, 1118.5147761469311, 1118.5147761469311, 1118.5147761469311, 1118.5147761469311, 1118.5147761469311, 1118.5147761469311, 1118.5147761469311, 1118.5147761469311, 1118.5147761469311, 1118.5147761469311, 1118.5147761469311, 1118.5147761469311, 1118.5147761469311, 1118.5147761469311, 1118.5147761469311, 1118.5147761469311, 1118.5147761469311, 1118.5147761469311, 1118.5147761469311, 1118.5147761469311, 1118.5147761469311, 1118.5147761469311, 1118.5147761469311, 1118.5147761469311, 1118.5147761469311, 1118.5147761469311, 1118.5147761469311, 1118.5147761469311, 1118.5147761469311, 1118.5147761469311, 1118.5147761469311, 1118.5147761469311, 1118.5147761469311, 1118.5147761469311, 1118.5147761469311, 1118.5147761469311, 1118.5147761469311, 1118.5147761469311, 1118.5147761469311, 1118.5147761469311, 1118.5147761469311, 1118.5147761469311, 1118.5147761469311, 1118.5147761469311, 1118.5147761469311, 1118.5147761469311, 1118.5147761469311, 1118.5147761469311, 1118.5147761469311, 1118.5147761469311, 1118.5147761469311, 1118.5147761469311, 1118.5147761469311, 1118.5147761469311, 1118.5147761469311, 1118.5147761469311, 1118.5147761469311, 1118.5147761469311, 1118.5147761469311, 1118.5147761469311, 1118.5147761469311, 1118.5147761469311, 1118.5147761469311, 1118.5147761469311, 1118.5147761469311, 1118.5147761469311, 1118.5147761469311, 1118.5147761469311, 1118.5147761469311, 1118.5147761469311, 1118.5147761469311, 1118.5147761469311, 1118.5147761469311, 1118.5147761469311, 1118.5147761469311, 1118.5147761469311, 1118.5147761469311, 1118.5147761469311, 1118.5147761469311, 1118.5147761469311, 1118.5147761469311, 1118.5147761469311, 1118.5147761469311, 1118.5147761469311, 1118.5147761469311, 1118.5147761469311, 1118.5147761469311, 1118.5147761469311, 1118.5147761469311, 1118.5147761469311, 1118.5147761469311, 1118.5147761469311, 1118.5147761469311, 1118.5147761469311, 1118.5147761469311, 1118.5147761469311, 1118.5147761469311, 1118.5147761469311, 1118.5147761469311, 1118.5147761469311, 1118.5147761469311, 1118.5147761469311, 1118.5147761469311, 1118.5147761469311, 1118.5147761469311, 1118.5147761469311, 1118.5147761469311, 1118.5147761469311, 1118.5147761469311, 1118.5147761469311, 1118.5147761469311, 1118.5147761469311, 1118.5147761469311, 1118.5147761469311, 1118.5147761469311, 1118.5147761469311, 1118.5147761469311, 1118.5147761469311, 1118.5147761469311, 1118.5147761469311, 1118.5147761469311, 1118.5147761469311, 1118.5147761469311, 1118.5147761469311, 1118.5147761469311, 1118.5147761469311, 1118.5147761469311, 1118.5147761469311, 1118.5147761469311, 1118.5147761469311, 1118.5147761469311, 1118.5147761469311, 1118.5147761469311, 1118.5147761469311, 1118.5147761469311, 1118.5147761469311, 1118.5147761469311, 1118.5147761469311, 1118.5147761469311, 1118.5147761469311, 1118.5147761469311, 1118.5147761469311, 1118.5147761469311, 1118.5147761469311, 1118.5147761469311, 1118.5147761469311, 1118.5147761469311, 1118.5147761469311, 1118.5147761469311, 1118.5147761469311, 1118.5147761469311, 1118.5147761469311, 1118.5147761469311, 1118.5147761469311, 1118.5147761469311, 1118.5147761469311, 1118.5147761469311, 1118.5147761469311, 1118.5147761469311, 1118.5147761469311, 1118.5147761469311, 1118.5147761469311, 1118.5147761469311, 1118.5147761469311, 1118.5147761469311, 1118.5147761469311, 1118.5147761469311, 1118.5147761469311, 1118.5147761469311, 1118.5147761469311, 1118.5147761469311, 1118.5147761469311, 1118.5147761469311, 1118.5147761469311, 1118.5147761469311, 1118.5147761469311, 1118.5147761469311, 1118.5147761469311, 1118.5147761469311, 1118.5147761469311, 1118.5147761469311, 1118.5147761469311, 1118.5147761469311, 1118.5147761469311, 1118.5147761469311, 1118.5147761469311, 1118.5147761469311, 1118.5147761469311, 1118.5147761469311, 1118.5147761469311, 1118.5147761469311, 1118.5147761469311, 1118.5147761469311, 1118.5147761469311, 1118.5147761469311, 1118.5147761469311, 1118.5147761469311, 1118.5147761469311, 1118.5147761469311, 1118.5147761469311, 1118.5147761469311, 1118.5147761469311, 1118.5147761469311, 1118.5147761469311, 1118.5147761469311, 1118.5147761469311, 1118.5147761469311, 1118.5147761469311, 1118.5147761469311, 1118.5147761469311, 1118.5147761469311, 1118.5147761469311, 1118.5147761469311, 1118.5147761469311, 1118.5147761469311, 1118.5147761469311, 1118.5147761469311, 1118.5147761469311, 1118.5147761469311, 1118.5147761469311, 1118.5147761469311, 1118.5147761469311, 1118.5147761469311, 1118.5147761469311, 1118.5147761469311, 1118.5147761469311, 1118.5147761469311, 1118.5147761469311, 1118.5147761469311, 1118.5147761469311, 1118.5147761469311, 1118.5147761469311, 1118.5147761469311, 1118.5147761469311, 1118.5147761469311, 1118.5147761469311, 1118.5147761469311, 1118.5147761469311, 1118.5147761469311, 1118.5147761469311, 1118.5147761469311, 1118.5147761469311, 1118.5147761469311, 1118.5147761469311, 1118.5147761469311, 1118.5147761469311, 1118.5147761469311, 1118.5147761469311, 1118.5147761469311, 1118.5147761469311, 1118.5147761469311, 1118.5147761469311, 1118.5147761469311, 1118.5147761469311, 1118.5147761469311, 1118.5147761469311, 1118.5147761469311, 1118.5147761469311, 1118.5147761469311, 1118.5147761469311, 1118.5147761469311, 1118.5147761469311, 1118.5147761469311, 1118.5147761469311, 1118.5147761469311, 1118.5147761469311, 1118.5147761469311, 1118.5147761469311, 1118.5147761469311, 1118.5147761469311, 1118.5147761469311, 1118.5147761469311, 1118.5147761469311, 1118.5147761469311, 1118.5147761469311, 1118.5147761469311, 1118.5147761469311, 1118.5147761469311, 1118.5147761469311, 1118.5147761469311, 1118.5147761469311, 1118.5147761469311, 1118.5147761469311, 1118.5147761469311, 1118.5147761469311, 1118.5147761469311, 1118.5147761469311, 1118.5147761469311, 1118.5147761469311, 1118.5147761469311, 1118.5147761469311, 1118.5147761469311, 1118.5147761469311, 1118.5147761469311, 1118.5147761469311, 1118.5147761469311, 1118.5147761469311, 1118.5147761469311, 1118.5147761469311, 1118.5147761469311, 1118.5147761469311, 1118.5147761469311, 1118.5147761469311, 1118.5147761469311, 1118.5147761469311, 1118.5147761469311, 1118.5147761469311, 1118.5147761469311, 1118.5147761469311, 1118.5147761469311, 1118.5147761469311, 1118.5147761469311, 1118.5147761469311, 1118.5147761469311, 1118.5147761469311, 1118.5147761469311, 1118.5147761469311, 1118.5147761469311, 1118.5147761469311, 1118.5147761469311, 1118.5147761469311, 1118.5147761469311, 1118.5147761469311, 1118.5147761469311, 1118.5147761469311, 1118.5147761469311, 1118.5147761469311, 1118.5147761469311, 1118.5147761469311, 1118.5147761469311, 1118.5147761469311, 1118.5147761469311, 1118.5147761469311, 1118.5147761469311, 1118.5147761469311, 1118.5147761469311, 1118.5147761469311, 1118.5147761469311, 1118.5147761469311, 1118.5147761469311, 1118.5147761469311, 1118.5147761469311, 1118.5147761469311, 1118.5147761469311, 1118.5147761469311, 1118.5147761469311, 1118.5147761469311, 1118.5147761469311, 1118.5147761469311, 1118.5147761469311, 1118.5147761469311, 1118.5147761469311, 1118.5147761469311, 1118.5147761469311, 1118.5147761469311, 1118.5147761469311, 1118.5147761469311, 1118.5147761469311, 1118.5147761469311, 1118.5147761469311, 1118.5147761469311, 1118.5147761469311, 1118.5147761469311, 1118.5147761469311, 1118.5147761469311, 1118.5147761469311, 1118.5147761469311, 1118.5147761469311, 1118.5147761469311, 1118.5147761469311, 1118.5147761469311, 1118.5147761469311, 1118.5147761469311, 1118.5147761469311, 1118.5147761469311, 1118.5147761469311, 1118.5147761469311, 1118.5147761469311, 1118.5147761469311, 1118.5147761469311, 1118.5147761469311, 1118.5147761469311, 1118.5147761469311, 1118.5147761469311, 1118.5147761469311, 1118.5147761469311, 1118.5147761469311, 1118.5147761469311, 1118.5147761469311, 1118.5147761469311, 1118.5147761469311, 1118.5147761469311, 1118.5147761469311, 1118.5147761469311, 1118.5147761469311, 1118.5147761469311, 1118.5147761469311, 1118.5147761469311, 1118.5147761469311, 1118.5147761469311, 1118.5147761469311, 1118.5147761469311, 1118.5147761469311, 1118.5147761469311, 1118.5147761469311, 1118.5147761469311, 1118.5147761469311, 1118.5147761469311, 1118.5147761469311, 1118.5147761469311, 1118.5147761469311, 1118.5147761469311, 1118.5147761469311, 1118.5147761469311, 1118.5147761469311, 1118.5147761469311, 1118.5147761469311, 1118.5147761469311, 1118.5147761469311, 1118.5147761469311, 1118.5147761469311, 1118.5147761469311, 1118.5147761469311, 1118.5147761469311, 1118.5147761469311, 1118.5147761469311, 1118.5147761469311, 1118.5147761469311, 1118.5147761469311, 1118.5147761469311, 1118.5147761469311, 1118.5147761469311, 1118.5147761469311, 1118.5147761469311, 1118.5147761469311, 1118.5147761469311, 1118.5147761469311, 1118.5147761469311, 1118.5147761469311, 1118.5147761469311, 1118.5147761469311, 1118.5147761469311, 1118.5147761469311, 1118.5147761469311, 1118.5147761469311, 1118.5147761469311, 1118.5147761469311, 1118.5147761469311, 1118.5147761469311, 1118.5147761469311, 1118.5147761469311, 1118.5147761469311, 1118.5147761469311, 1118.5147761469311, 1118.5147761469311, 1118.5147761469311, 1118.5147761469311, 1118.5147761469311, 1118.5147761469311, 1118.5147761469311, 1118.5147761469311, 1118.5147761469311, 1118.5147761469311, 1118.5147761469311, 1118.5147761469311, 1118.5147761469311, 1118.5147761469311, 1118.5147761469311, 1118.5147761469311, 1118.5147761469311, 1118.5147761469311, 1118.5147761469311, 1118.5147761469311, 1118.5147761469311, 1118.5147761469311, 1118.5147761469311, 1118.5147761469311, 1118.5147761469311, 1118.5147761469311, 1118.5147761469311, 1118.5147761469311, 1118.5147761469311, 1118.5147761469311, 1118.5147761469311, 1118.5147761469311, 1118.5147761469311, 1118.5147761469311, 1118.5147761469311, 1118.5147761469311, 1118.5147761469311, 1118.5147761469311, 1118.5147761469311, 1118.5147761469311, 1118.5147761469311, 1118.5147761469311, 1118.5147761469311, 1118.5147761469311, 1118.5147761469311, 1118.5147761469311, 1118.5147761469311, 1118.5147761469311, 1118.5147761469311, 1118.5147761469311, 1118.5147761469311, 1118.5147761469311, 1118.5147761469311, 1118.5147761469311, 1118.5147761469311, 1118.5147761469311, 1118.5147761469311, 1118.5147761469311, 1118.5147761469311, 1118.5147761469311, 1118.5147761469311, 1118.5147761469311, 1118.5147761469311, 1118.5147761469311, 1118.5147761469311, 1118.5147761469311, 1118.5147761469311, 1118.5147761469311, 1118.5147761469311, 1118.5147761469311, 1118.5147761469311, 1118.5147761469311, 1118.5147761469311, 1118.5147761469311, 1118.5147761469311, 1118.5147761469311, 1118.5147761469311, 1118.5147761469311, 1118.5147761469311, 1118.5147761469311, 1118.5147761469311, 1118.5147761469311, 1118.5147761469311, 1118.5147761469311, 1118.5147761469311, 1118.5147761469311, 1118.5147761469311, 1118.5147761469311, 1118.5147761469311, 1118.5147761469311, 1118.5147761469311, 1118.5147761469311, 1118.5147761469311, 1118.5147761469311, 1118.5147761469311, 1118.5147761469311, 1118.5147761469311, 1118.5147761469311, 1118.5147761469311, 1118.5147761469311, 1118.5147761469311, 1118.5147761469311, 1118.5147761469311, 1118.5147761469311, 1118.5147761469311, 1118.5147761469311, 1118.5147761469311, 1118.5147761469311, 1118.5147761469311, 1118.5147761469311, 1118.5147761469311, 1118.5147761469311, 1118.5147761469311, 1118.5147761469311, 1118.5147761469311, 1118.5147761469311, 1118.5147761469311, 1118.5147761469311, 1118.5147761469311, 1118.5147761469311, 1118.5147761469311, 1118.5147761469311, 1118.5147761469311, 1118.5147761469311, 1118.5147761469311, 1118.5147761469311, 1118.5147761469311, 1118.5147761469311, 1118.5147761469311, 1118.5147761469311, 1118.5147761469311, 1118.5147761469311, 1118.5147761469311, 1118.5147761469311, 1118.5147761469311, 1118.5147761469311, 1118.5147761469311, 1118.5147761469311, 1118.5147761469311, 1118.5147761469311, 1118.5147761469311, 1118.5147761469311, 1118.5147761469311, 1118.5147761469311, 1118.5147761469311, 1118.5147761469311, 1118.5147761469311, 1118.5147761469311, 1118.5147761469311, 1118.5147761469311, 1118.5147761469311, 1118.5147761469311, 1118.5147761469311, 1118.5147761469311, 1118.5147761469311, 1118.5147761469311, 1118.5147761469311, 1118.5147761469311, 1118.5147761469311, 1118.5147761469311, 1118.5147761469311, 1118.5147761469311, 1118.5147761469311, 1118.5147761469311, 1118.5147761469311, 1118.5147761469311, 1118.5147761469311, 1118.5147761469311, 1118.5147761469311, 1118.5147761469311, 1118.5147761469311, 1118.5147761469311, 1118.5147761469311, 1118.5147761469311, 1118.5147761469311, 1118.5147761469311, 1118.5147761469311, 1118.5147761469311, 1118.5147761469311, 1118.5147761469311, 1118.5147761469311, 1118.5147761469311, 1118.5147761469311, 1118.5147761469311, 1118.5147761469311, 1118.5147761469311, 1118.5147761469311, 1118.5147761469311, 1118.5147761469311, 1118.5147761469311, 1118.5147761469311, 1118.5147761469311, 1118.5147761469311, 1118.5147761469311, 1118.5147761469311, 1118.5147761469311, 1118.5147761469311, 1118.5147761469311, 1118.5147761469311, 1118.5147761469311, 1118.5147761469311, 1118.5147761469311, 1118.5147761469311, 1118.5147761469311, 1118.5147761469311, 1118.5147761469311, 1118.5147761469311, 1118.5147761469311, 1118.5147761469311, 1118.5147761469311, 1118.5147761469311, 1118.5147761469311, 1118.5147761469311, 1118.5147761469311, 1118.5147761469311, 1118.5147761469311, 1118.5147761469311, 1118.5147761469311, 1118.5147761469311, 1118.5147761469311, 1118.5147761469311, 1118.5147761469311, 1118.5147761469311, 1118.5147761469311, 1118.5147761469311, 1118.5147761469311, 1118.5147761469311, 1118.5147761469311, 1118.5147761469311, 1118.5147761469311, 1118.5147761469311, 1118.5147761469311, 1118.5147761469311, 1118.5147761469311, 1118.5147761469311, 1118.5147761469311, 1118.5147761469311, 1118.5147761469311, 1118.5147761469311, 1118.5147761469311, 1118.5147761469311, 1118.5147761469311, 1118.5147761469311, 1118.5147761469311, 1118.5147761469311, 1118.5147761469311, 1118.5147761469311, 1118.5147761469311, 1118.5147761469311, 1118.5147761469311, 1118.5147761469311, 1118.5147761469311, 1118.5147761469311, 1118.5147761469311, 1118.5147761469311, 1118.5147761469311, 1118.5147761469311, 1118.5147761469311, 1118.5147761469311, 1118.5147761469311, 1118.5147761469311, 1118.5147761469311, 1118.5147761469311, 1118.5147761469311, 1118.5147761469311, 1118.5147761469311, 1118.5147761469311, 1118.5147761469311, 1118.5147761469311, 1118.5147761469311, 1118.5147761469311, 1118.5147761469311, 1118.5147761469311, 1118.5147761469311, 1118.5147761469311, 1118.5147761469311, 1118.5147761469311, 1118.5147761469311, 1118.5147761469311, 1118.5147761469311, 1118.5147761469311, 1118.5147761469311, 1118.5147761469311, 1118.5147761469311, 1118.5147761469311, 1118.5147761469311, 1118.5147761469311, 1118.5147761469311, 1118.5147761469311, 1118.5147761469311, 1118.5147761469311, 1118.5147761469311, 1118.5147761469311, 1118.5147761469311, 1118.5147761469311, 1118.5147761469311, 1118.5147761469311, 1118.5147761469311, 1118.5147761469311, 1118.5147761469311, 1118.5147761469311, 1118.5147761469311, 1118.5147761469311, 1118.5147761469311, 1118.5147761469311, 1118.5147761469311, 1118.5147761469311, 1118.5147761469311, 1118.5147761469311, 1118.5147761469311, 1118.5147761469311, 1118.5147761469311, 1118.5147761469311, 1118.5147761469311, 1118.5147761469311, 1118.5147761469311, 1118.5147761469311, 1118.5147761469311, 1118.5147761469311, 1118.5147761469311, 1118.5147761469311, 1118.5147761469311, 1118.5147761469311, 1118.5147761469311, 1118.5147761469311, 1118.5147761469311, 1118.5147761469311, 1118.5147761469311, 1118.5147761469311, 1118.5147761469311, 1118.5147761469311, 1118.5147761469311, 1118.5147761469311, 1118.5147761469311, 1118.5147761469311, 1118.5147761469311, 1118.5147761469311, 1118.5147761469311, 1118.5147761469311, 1118.5147761469311, 1118.5147761469311, 1118.5147761469311, 1118.5147761469311, 1118.5147761469311, 1118.5147761469311, 1118.5147761469311, 1118.5147761469311, 1118.5147761469311, 1118.5147761469311, 1118.5147761469311, 1118.5147761469311, 1118.5147761469311, 1118.5147761469311, 1118.5147761469311, 1118.5147761469311, 1118.5147761469311, 1118.5147761469311, 1118.5147761469311, 1118.5147761469311, 1118.5147761469311, 1118.5147761469311, 1118.5147761469311, 1118.5147761469311, 1118.5147761469311, 1118.5147761469311, 1118.5147761469311, 1118.5147761469311, 1118.5147761469311, 1118.5147761469311, 1118.5147761469311, 1118.5147761469311, 1118.5147761469311, 1118.5147761469311, 1118.5147761469311, 1118.5147761469311, 1118.5147761469311, 1118.5147761469311, 1118.5147761469311, 1118.5147761469311, 1118.5147761469311, 1118.5147761469311, 1118.5147761469311, 1118.5147761469311, 1118.5147761469311, 1118.5147761469311, 1118.5147761469311, 1118.5147761469311, 1118.5147761469311, 1118.5147761469311, 1118.5147761469311, 1118.5147761469311, 1118.5147761469311, 1118.5147761469311, 1118.5147761469311, 1118.5147761469311, 1118.5147761469311, 1118.5147761469311, 1118.5147761469311, 1118.5147761469311, 1118.5147761469311, 1118.5147761469311, 1118.5147761469311, 1118.5147761469311, 1118.5147761469311, 1118.5147761469311, 1118.5147761469311, 1118.5147761469311, 1118.5147761469311, 1118.5147761469311, 1118.5147761469311, 1118.5147761469311, 1118.5147761469311, 1118.5147761469311, 1118.5147761469311, 1118.5147761469311, 1118.5147761469311, 1118.5147761469311, 1118.5147761469311, 1118.5147761469311, 1118.5147761469311, 1118.5147761469311, 1118.5147761469311, 1118.5147761469311, 1118.5147761469311, 1118.5147761469311, 1118.5147761469311, 1118.5147761469311, 1118.5147761469311, 1118.5147761469311, 1118.5147761469311, 1118.5147761469311, 1118.5147761469311, 1118.5147761469311, 1118.5147761469311, 1118.5147761469311, 1118.5147761469311, 1118.5147761469311, 1118.5147761469311, 1118.5147761469311, 1118.5147761469311, 1118.5147761469311, 1118.5147761469311, 1118.5147761469311, 1118.5147761469311, 1118.5147761469311, 1118.5147761469311, 1118.5147761469311, 1118.5147761469311, 1118.5147761469311, 1118.5147761469311, 1118.5147761469311, 1118.5147761469311, 1118.5147761469311, 1118.5147761469311, 1118.5147761469311, 1118.5147761469311, 1118.5147761469311, 1118.5147761469311, 1118.5147761469311, 1118.5147761469311, 1118.5147761469311, 1118.5147761469311, 1118.5147761469311, 1118.5147761469311, 1118.5147761469311, 1118.5147761469311, 1118.5147761469311, 1118.5147761469311, 1118.5147761469311, 1118.5147761469311, 1118.5147761469311, 1118.5147761469311, 1118.5147761469311, 1118.5147761469311, 1118.5147761469311, 1118.5147761469311, 1118.5147761469311, 1118.5147761469311, 1118.5147761469311, 1118.5147761469311, 1118.5147761469311, 1118.5147761469311, 1118.5147761469311, 1118.5147761469311, 1118.5147761469311, 1118.5147761469311, 1118.5147761469311, 1118.5147761469311, 1118.5147761469311, 1118.5147761469311, 1118.5147761469311, 1118.5147761469311, 1118.5147761469311, 1118.5147761469311, 1118.5147761469311, 1118.5147761469311, 1118.5147761469311, 1118.5147761469311, 1118.5147761469311, 1118.5147761469311, 1118.5147761469311, 1118.5147761469311, 1118.5147761469311, 1118.5147761469311, 1118.5147761469311, 1118.5147761469311, 1118.5147761469311, 1118.5147761469311, 1118.5147761469311, 1118.5147761469311, 1118.5147761469311, 1118.5147761469311, 1118.5147761469311, 1118.5147761469311, 1118.5147761469311, 1118.5147761469311, 1118.5147761469311, 1118.5147761469311, 1118.5147761469311, 1118.5147761469311, 1118.5147761469311, 1118.5147761469311, 1118.5147761469311, 1118.5147761469311, 1118.5147761469311, 1118.5147761469311, 1118.5147761469311, 1118.5147761469311, 1118.5147761469311, 1118.5147761469311, 1118.5147761469311, 1118.5147761469311, 1118.5147761469311, 1118.5147761469311, 1118.5147761469311, 1118.5147761469311, 1118.5147761469311, 1118.5147761469311, 1118.5147761469311, 1118.5147761469311, 1118.5147761469311, 1118.5147761469311, 1118.5147761469311, 1118.5147761469311, 1118.5147761469311, 1118.5147761469311, 1118.5147761469311, 1118.5147761469311, 1118.5147761469311, 1118.5147761469311, 1118.5147761469311, 1118.5147761469311, 1118.5147761469311, 1118.5147761469311, 1118.5147761469311, 1118.5147761469311, 1118.5147761469311, 1118.5147761469311, 1118.5147761469311, 1118.5147761469311, 1118.5147761469311, 1118.5147761469311, 1118.5147761469311, 1118.5147761469311, 1118.5147761469311, 1118.5147761469311, 1118.5147761469311, 1118.5147761469311, 1118.5147761469311, 1118.5147761469311, 1118.5147761469311, 1118.5147761469311, 1118.5147761469311, 1118.5147761469311, 1118.5147761469311, 1118.5147761469311, 1118.5147761469311, 1118.5147761469311, 1118.5147761469311, 1118.5147761469311, 1118.5147761469311, 1118.5147761469311, 1118.5147761469311, 1118.5147761469311, 1118.5147761469311, 1118.5147761469311, 1118.5147761469311, 1118.5147761469311, 1118.5147761469311, 1118.5147761469311, 1118.5147761469311, 1118.5147761469311, 1118.5147761469311, 1118.5147761469311, 1118.5147761469311, 1118.5147761469311, 1118.5147761469311, 1118.5147761469311, 1118.5147761469311, 1118.5147761469311, 1118.5147761469311, 1118.5147761469311, 1118.5147761469311, 1118.5147761469311, 1118.5147761469311, 1118.5147761469311, 1118.5147761469311, 1118.5147761469311, 1118.5147761469311, 1118.5147761469311, 1118.5147761469311, 1118.5147761469311, 1118.5147761469311, 1118.5147761469311, 1118.5147761469311, 1118.5147761469311, 1118.5147761469311, 1118.5147761469311, 1118.5147761469311, 1118.5147761469311, 1118.5147761469311, 1118.5147761469311, 1118.5147761469311, 1118.5147761469311, 1118.5147761469311, 1118.5147761469311, 1118.5147761469311, 1118.5147761469311, 1118.5147761469311, 1118.5147761469311, 1118.5147761469311, 1118.5147761469311, 1118.5147761469311, 1118.5147761469311, 1118.5147761469311, 1118.5147761469311, 1118.5147761469311, 1118.5147761469311, 1118.5147761469311, 1118.5147761469311, 1118.5147761469311, 1118.5147761469311, 1118.5147761469311, 1118.5147761469311, 1118.5147761469311, 1118.5147761469311, 1118.5147761469311, 1118.5147761469311, 1118.5147761469311, 1118.5147761469311, 1118.5147761469311, 1118.5147761469311, 1118.5147761469311, 1118.5147761469311, 1118.5147761469311, 1118.5147761469311, 1118.5147761469311, 1118.5147761469311, 1118.5147761469311, 1118.5147761469311, 1118.5147761469311, 1118.5147761469311, 1118.5147761469311, 1118.5147761469311, 1118.5147761469311, 1118.5147761469311, 1118.5147761469311, 1118.5147761469311, 1118.5147761469311, 1118.5147761469311, 1118.5147761469311, 1118.5147761469311, 1118.5147761469311, 1118.5147761469311, 1118.5147761469311, 1118.5147761469311, 1118.5147761469311, 1118.5147761469311, 1118.5147761469311, 1118.5147761469311, 1118.5147761469311, 1118.5147761469311, 1118.5147761469311, 1118.5147761469311, 1118.5147761469311, 1118.5147761469311, 1118.5147761469311, 1118.5147761469311, 1118.5147761469311, 1118.5147761469311, 1118.5147761469311, 1118.5147761469311, 1118.5147761469311, 1118.5147761469311, 1118.5147761469311, 1118.5147761469311, 1118.5147761469311, 1118.5147761469311, 1118.5147761469311, 1118.5147761469311, 1118.5147761469311, 1118.5147761469311, 1118.5147761469311, 1118.5147761469311, 1118.5147761469311, 1118.5147761469311, 1118.5147761469311, 1118.5147761469311, 1118.5147761469311, 1118.5147761469311, 1118.5147761469311, 1118.5147761469311, 1118.5147761469311, 1118.5147761469311, 1118.5147761469311, 1118.5147761469311, 1118.5147761469311, 1118.5147761469311, 1118.5147761469311, 1118.5147761469311, 1118.5147761469311, 1118.5147761469311, 1118.5147761469311, 1118.5147761469311, 1118.5147761469311, 1118.5147761469311, 1118.5147761469311, 1118.5147761469311, 1118.5147761469311, 1118.5147761469311, 1118.5147761469311, 1118.5147761469311, 1118.5147761469311, 1118.5147761469311, 1118.5147761469311, 1118.5147761469311, 1118.5147761469311, 1118.5147761469311, 1118.5147761469311, 1118.5147761469311, 1118.5147761469311, 1118.5147761469311, 1118.5147761469311, 1118.5147761469311, 1118.5147761469311, 1118.5147761469311, 1118.5147761469311, 1118.5147761469311, 1118.5147761469311, 1118.5147761469311, 1118.5147761469311, 1118.5147761469311, 1118.5147761469311, 1118.5147761469311, 1118.5147761469311, 1118.5147761469311, 1118.5147761469311, 1118.5147761469311, 1118.5147761469311, 1118.5147761469311, 1118.5147761469311, 1118.5147761469311, 1118.5147761469311, 1118.5147761469311, 1118.5147761469311, 1118.5147761469311, 1118.5147761469311, 1118.5147761469311, 1118.5147761469311, 1118.5147761469311, 1118.5147761469311, 1118.5147761469311, 1118.5147761469311, 1118.5147761469311, 1118.5147761469311, 1118.5147761469311, 1118.5147761469311, 1118.5147761469311, 1118.5147761469311, 1118.5147761469311, 1118.5147761469311, 1118.5147761469311, 1118.5147761469311, 1118.5147761469311, 1118.5147761469311, 1118.5147761469311, 1118.5147761469311, 1118.5147761469311, 1118.5147761469311, 1118.5147761469311, 1118.5147761469311, 1118.5147761469311, 1118.5147761469311, 1118.5147761469311, 1118.5147761469311, 1118.5147761469311, 1118.5147761469311, 1118.5147761469311, 1118.5147761469311, 1118.5147761469311, 1118.5147761469311, 1118.5147761469311, 1118.5147761469311, 1118.5147761469311, 1118.5147761469311, 1118.5147761469311, 1118.5147761469311, 1118.5147761469311, 1118.5147761469311, 1118.5147761469311, 1118.5147761469311, 1118.5147761469311, 1118.5147761469311, 1118.5147761469311, 1118.5147761469311, 1118.5147761469311, 1118.5147761469311, 1118.5147761469311, 1118.5147761469311, 1118.5147761469311, 1118.5147761469311, 1118.5147761469311, 1118.5147761469311, 1118.5147761469311, 1118.5147761469311, 1118.5147761469311, 1118.5147761469311, 1118.5147761469311, 1118.5147761469311, 1118.5147761469311, 1118.5147761469311, 1118.5147761469311, 1118.5147761469311, 1118.5147761469311, 1118.5147761469311, 1118.5147761469311, 1118.5147761469311, 1118.5147761469311, 1118.5147761469311, 1118.5147761469311, 1118.5147761469311, 1118.5147761469311, 1118.5147761469311, 1118.5147761469311, 1118.5147761469311, 1118.5147761469311, 1118.5147761469311, 1118.5147761469311, 1118.5147761469311, 1118.5147761469311, 1118.5147761469311, 1118.5147761469311, 1118.5147761469311, 1118.5147761469311, 1118.5147761469311, 1118.5147761469311, 1118.5147761469311, 1118.5147761469311, 1118.5147761469311, 1118.5147761469311, 1118.5147761469311, 1118.5147761469311, 1118.5147761469311, 1118.5147761469311, 1118.5147761469311, 1118.5147761469311, 1118.5147761469311, 1118.5147761469311, 1118.5147761469311, 1118.5147761469311, 1118.5147761469311, 1118.5147761469311, 1118.5147761469311, 1118.5147761469311, 1118.5147761469311, 1118.5147761469311, 1118.5147761469311, 1118.5147761469311, 1118.5147761469311, 1118.5147761469311, 1118.5147761469311, 1118.5147761469311, 1118.5147761469311, 1118.5147761469311, 1118.5147761469311, 1118.5147761469311, 1118.5147761469311, 1118.5147761469311, 1118.5147761469311, 1118.5147761469311, 1118.5147761469311, 1118.5147761469311, 1118.5147761469311, 1118.5147761469311, 1118.5147761469311, 1118.5147761469311, 1118.5147761469311, 1118.5147761469311, 1118.5147761469311, 1118.5147761469311, 1118.5147761469311, 1118.5147761469311, 1118.5147761469311, 1118.5147761469311, 1118.5147761469311, 1118.5147761469311, 1118.5147761469311, 1118.5147761469311, 1118.5147761469311, 1118.5147761469311, 1118.5147761469311, 1118.5147761469311, 1118.5147761469311, 1118.5147761469311, 1118.5147761469311, 1118.5147761469311, 1118.5147761469311, 1118.5147761469311, 1118.5147761469311, 1118.5147761469311, 1118.5147761469311, 1118.5147761469311, 1118.5147761469311, 1118.5147761469311, 1118.5147761469311, 1118.5147761469311, 1118.5147761469311, 1118.5147761469311, 1118.5147761469311, 1118.5147761469311, 1118.5147761469311, 1118.5147761469311, 1118.5147761469311, 1118.5147761469311, 1118.5147761469311, 1118.5147761469311, 1118.5147761469311, 1118.5147761469311, 1118.5147761469311, 1118.5147761469311, 1118.5147761469311, 1118.5147761469311, 1118.5147761469311, 1118.5147761469311, 1118.5147761469311, 1118.5147761469311, 1118.5147761469311, 1118.5147761469311, 1118.5147761469311, 1118.5147761469311, 1118.5147761469311, 1118.5147761469311, 1118.5147761469311, 1118.5147761469311, 1118.5147761469311, 1118.5147761469311, 1118.5147761469311, 1118.5147761469311, 1118.5147761469311, 1118.5147761469311, 1118.5147761469311, 1118.5147761469311, 1118.5147761469311, 1118.5147761469311, 1118.5147761469311, 1118.5147761469311, 1118.5147761469311, 1118.5147761469311, 1118.5147761469311, 1118.5147761469311, 1118.5147761469311, 1118.5147761469311, 1118.5147761469311, 1118.5147761469311, 1118.5147761469311, 1118.5147761469311, 1118.5147761469311, 1118.5147761469311, 1118.5147761469311, 1118.5147761469311, 1118.5147761469311, 1118.5147761469311, 1118.5147761469311, 1118.5147761469311, 1118.5147761469311, 1118.5147761469311, 1118.5147761469311, 1118.5147761469311, 1118.5147761469311, 1118.5147761469311, 1118.5147761469311, 1118.5147761469311, 1118.5147761469311, 1118.5147761469311, 1118.5147761469311, 1118.5147761469311, 1118.5147761469311, 1118.5147761469311, 1118.5147761469311, 1118.5147761469311, 1118.5147761469311, 1118.5147761469311, 1118.5147761469311, 1118.5147761469311, 1118.5147761469311, 1118.5147761469311, 1118.5147761469311, 1118.5147761469311, 1118.5147761469311, 1118.5147761469311, 1118.5147761469311, 1118.5147761469311, 1118.5147761469311, 1118.5147761469311, 1118.5147761469311, 1118.5147761469311, 1118.5147761469311, 1118.5147761469311, 1118.5147761469311, 1118.5147761469311, 1118.5147761469311, 1118.5147761469311, 1118.5147761469311, 1118.5147761469311, 1118.5147761469311, 1118.5147761469311, 1118.5147761469311, 1118.5147761469311, 1118.5147761469311, 1118.5147761469311, 1118.5147761469311, 1118.5147761469311, 1118.5147761469311, 1118.5147761469311, 1118.5147761469311, 1118.5147761469311, 1118.5147761469311, 1118.5147761469311, 1118.5147761469311, 1118.5147761469311, 1118.5147761469311, 1118.5147761469311, 1118.5147761469311, 1118.5147761469311, 1118.5147761469311, 1118.5147761469311, 1118.5147761469311, 1118.5147761469311, 1118.5147761469311, 1118.5147761469311, 1118.5147761469311, 1118.5147761469311, 1118.5147761469311, 1118.5147761469311, 1118.5147761469311, 1118.5147761469311, 1118.5147761469311, 1118.5147761469311, 1118.5147761469311, 1118.5147761469311, 1118.5147761469311, 1118.5147761469311, 1118.5147761469311, 1118.5147761469311, 1118.5147761469311, 1118.5147761469311, 1118.5147761469311, 1118.5147761469311, 1118.5147761469311, 1118.5147761469311, 1118.5147761469311, 1118.5147761469311, 1118.5147761469311, 1118.5147761469311, 1118.5147761469311, 1118.5147761469311, 1118.5147761469311, 1118.5147761469311, 1118.5147761469311, 1118.5147761469311, 1118.5147761469311, 1118.5147761469311, 1118.5147761469311, 1118.5147761469311, 1118.5147761469311, 1118.5147761469311, 1118.5147761469311, 1118.5147761469311, 1118.5147761469311, 1118.5147761469311, 1118.5147761469311, 1118.5147761469311, 1118.5147761469311, 1118.5147761469311, 1118.5147761469311, 1118.5147761469311, 1118.5147761469311, 1118.5147761469311, 1118.5147761469311, 1118.5147761469311, 1118.5147761469311, 1118.5147761469311, 1118.5147761469311, 1118.5147761469311, 1118.5147761469311, 1118.5147761469311, 1118.5147761469311, 1118.5147761469311, 1118.5147761469311, 1118.5147761469311, 1118.5147761469311, 1118.5147761469311, 1118.5147761469311, 1118.5147761469311, 1118.5147761469311, 1118.5147761469311, 1118.5147761469311, 1118.5147761469311, 1118.5147761469311, 1118.5147761469311, 1118.5147761469311, 1118.5147761469311, 1118.5147761469311, 1118.5147761469311, 1118.5147761469311, 1118.5147761469311, 1118.5147761469311, 1118.5147761469311, 1118.5147761469311, 1118.5147761469311, 1118.5147761469311, 1118.5147761469311, 1118.5147761469311, 1118.5147761469311, 1118.5147761469311, 1118.5147761469311, 1118.5147761469311, 1118.5147761469311, 1118.5147761469311, 1118.5147761469311, 1118.5147761469311, 1118.5147761469311, 1118.5147761469311, 1118.5147761469311, 1118.5147761469311, 1118.5147761469311, 1118.5147761469311, 1118.5147761469311, 1118.5147761469311, 1118.5147761469311, 1118.5147761469311, 1118.5147761469311, 1118.5147761469311, 1118.5147761469311, 1118.5147761469311, 1118.5147761469311, 1118.5147761469311, 1118.5147761469311, 1118.5147761469311, 1118.5147761469311, 1118.5147761469311, 1118.5147761469311, 1118.5147761469311, 1118.5147761469311, 1118.5147761469311, 1118.5147761469311, 1118.5147761469311, 1118.5147761469311, 1118.5147761469311, 1118.5147761469311, 1118.5147761469311, 1118.5147761469311, 1118.5147761469311, 1118.5147761469311, 1118.5147761469311, 1118.5147761469311, 1118.5147761469311, 1118.5147761469311, 1118.5147761469311, 1118.5147761469311, 1118.5147761469311, 1118.5147761469311, 1118.5147761469311, 1118.5147761469311, 1118.5147761469311, 1118.5147761469311, 1118.5147761469311, 1118.5147761469311, 1118.5147761469311, 1118.5147761469311, 1118.5147761469311, 1118.5147761469311, 1118.5147761469311, 1118.5147761469311, 1118.5147761469311, 1118.5147761469311, 1118.5147761469311, 1118.5147761469311, 1118.5147761469311, 1118.5147761469311, 1118.5147761469311, 1118.5147761469311, 1118.5147761469311, 1118.5147761469311, 1118.5147761469311, 1118.5147761469311, 1118.5147761469311, 1118.5147761469311, 1118.5147761469311, 1118.5147761469311, 1118.5147761469311, 1118.5147761469311, 1118.5147761469311, 1118.5147761469311, 1118.5147761469311, 1118.5147761469311, 1118.5147761469311, 1118.5147761469311, 1118.5147761469311, 1118.5147761469311, 1118.5147761469311, 1118.5147761469311, 1118.5147761469311, 1118.5147761469311, 1118.5147761469311, 1118.5147761469311, 1118.5147761469311, 1118.5147761469311, 1118.5147761469311, 1118.5147761469311, 1118.5147761469311, 1118.5147761469311, 1118.5147761469311, 1118.5147761469311, 1118.5147761469311, 1118.5147761469311, 1118.5147761469311, 1118.5147761469311, 1118.5147761469311, 1118.5147761469311, 1118.5147761469311, 1118.5147761469311, 1118.5147761469311, 1118.5147761469311, 1118.5147761469311, 1118.5147761469311, 1118.5147761469311, 1118.5147761469311, 1118.5147761469311, 1118.5147761469311, 1118.5147761469311, 1118.5147761469311, 1118.5147761469311, 1118.5147761469311, 1118.5147761469311, 1118.5147761469311, 1118.5147761469311, 1118.5147761469311, 1118.5147761469311, 1118.5147761469311, 1118.5147761469311, 1118.5147761469311, 1118.5147761469311, 1118.5147761469311, 1118.5147761469311, 1118.5147761469311, 1118.5147761469311, 1118.5147761469311, 1118.5147761469311, 1118.5147761469311, 1118.5147761469311, 1118.5147761469311, 1118.5147761469311, 1118.5147761469311, 1118.5147761469311, 1118.5147761469311, 1118.5147761469311, 1118.5147761469311, 1118.5147761469311, 1118.5147761469311, 1118.5147761469311, 1118.5147761469311, 1118.5147761469311, 1118.5147761469311, 1118.5147761469311, 1118.5147761469311, 1118.5147761469311, 1118.5147761469311, 1118.5147761469311, 1118.5147761469311, 1118.5147761469311, 1118.5147761469311]
Computational time : 73.8599998951