Name : Ahmed ElMousel
Problem : X-n115-k10 
Whale Algorithm 
cost : 833.974644157
Routes : 
1->4->3->13->12->33->9->10->8->1
1->5->6->7->26->25->24->23->21->22->20->19->11->1
1->32->2->14->15->16->18->27->28->17->29->30->1
1->31->1
best solutions : 
[833.9746441574808, 833.9746441574808, 833.9746441574808, 833.9746441574808, 833.9746441574808, 833.9746441574808, 833.9746441574808, 833.9746441574808, 833.9746441574808, 833.9746441574808, 833.9746441574808, 833.9746441574808, 833.9746441574808, 833.9746441574808, 833.9746441574808, 833.9746441574808, 833.9746441574808, 833.9746441574808, 833.9746441574808, 833.9746441574808, 833.9746441574808, 833.9746441574808, 833.9746441574808, 833.9746441574808, 833.9746441574808, 833.9746441574808, 833.9746441574808, 833.9746441574808, 833.9746441574808, 833.9746441574808, 833.9746441574808, 833.9746441574808, 833.9746441574808, 833.9746441574808, 833.9746441574808, 833.9746441574808, 833.9746441574808, 833.9746441574808, 833.9746441574808, 833.9746441574808, 833.9746441574808, 833.9746441574808, 833.9746441574808, 833.9746441574808, 833.9746441574808, 833.9746441574808, 833.9746441574808, 833.9746441574808, 833.9746441574808, 833.9746441574808, 833.9746441574808, 833.9746441574808, 833.9746441574808, 833.9746441574808, 833.9746441574808, 833.9746441574808, 833.9746441574808, 833.9746441574808, 833.9746441574808, 833.9746441574808, 833.9746441574808, 833.9746441574808, 833.9746441574808, 833.9746441574808, 833.9746441574808, 833.9746441574808, 833.9746441574808, 833.9746441574808, 833.9746441574808, 833.9746441574808, 833.9746441574808, 833.9746441574808, 833.9746441574808, 833.9746441574808, 833.9746441574808, 833.9746441574808, 833.9746441574808, 833.9746441574808, 833.9746441574808, 833.9746441574808, 833.9746441574808]
Computational time : -0.761000156403