Name : Ahmed ElMousel
Problem : X-n190-k8 
Whale Algorithm 
cost : 15612.3316303
Routes : 
1->92->6->39->109->4->15->1
1->53->51->55->69->42->13->59->20->50->1
1->110->70->31->94->44->3->81->72->1
1->85->25->5->102->34->10->103->104->26->19->1
1->63->101->11->87->74->36->48->41->9->1
1->2->80->106->46->35->68->90->47->7->1
1->52->86->12->99->16->54->27->88->78->1
1->40->29->32->18->28->66->37->100->1
1->65->105->61->62->23->84->77->56->57->1
1->8->38->95->82->45->71->17->91->1
1->30->24->14->58->108->83->49->1
1->64->73->22->76->89->97->96->60->1
1->67->43->107->98->93->21->75->79->33->1
best solutions : 
[16174.932277473628, 16174.932277473628, 16174.932277473628, 16174.932277473628, 16174.932277473628, 16174.932277473628, 16174.932277473628, 16092.780263630315, 16078.878053723913, 16078.878053723913, 16078.878053723913, 15971.272235645009, 15971.272235645009, 15971.272235645009, 15971.272235645009, 15971.272235645009, 15971.272235645009, 15971.272235645009, 15971.272235645009, 15971.272235645009, 15971.272235645009, 15971.272235645009, 15971.272235645009, 15971.272235645009, 15897.416011948711, 15897.416011948711, 15897.416011948711, 15897.416011948711, 15897.416011948711, 15897.416011948711, 15897.416011948711, 15897.416011948711, 15897.416011948711, 15897.416011948711, 15897.416011948711, 15897.416011948711, 15897.416011948711, 15897.416011948711, 15897.416011948711, 15897.416011948711, 15897.416011948711, 15897.416011948711, 15897.416011948711, 15807.998842117284, 15807.998842117284, 15807.998842117284, 15807.998842117284, 15807.998842117284, 15807.998842117284, 15807.998842117284, 15807.998842117284, 15807.998842117284, 15807.998842117284, 15807.998842117284, 15807.998842117284, 15807.998842117284, 15776.612492826285, 15776.612492826285, 15776.612492826285, 15776.612492826285, 15776.612492826285, 15776.612492826285, 15764.399810854382, 15764.399810854382, 15762.87737397535, 15762.87737397535, 15762.87737397535, 15762.87737397535, 15721.925334003678, 15721.925334003678, 15721.925334003678, 15721.925334003678, 15721.925334003678, 15721.925334003678, 15721.925334003678, 15721.925334003678, 15721.925334003678, 15721.925334003678, 15721.925334003678, 15721.925334003678, 15721.925334003678, 15721.925334003678, 15721.925334003678, 15721.925334003678, 15721.925334003678, 15721.925334003678, 15721.925334003678, 15721.925334003678, 15721.925334003678, 15721.925334003678, 15721.925334003678, 15721.925334003678, 15721.925334003678, 15721.925334003678, 15721.925334003678, 15721.925334003678, 15721.925334003678, 15721.925334003678, 15721.925334003678, 15721.925334003678, 15721.925334003678, 15721.925334003678, 15721.925334003678, 15721.925334003678, 15721.925334003678, 15721.925334003678, 15721.925334003678, 15721.925334003678, 15721.925334003678, 15721.925334003678, 15721.925334003678, 15721.925334003678, 15721.925334003678, 15721.925334003678, 15721.925334003678, 15721.925334003678, 15721.925334003678, 15721.925334003678, 15721.925334003678, 15721.925334003678, 15721.925334003678, 15721.925334003678, 15721.925334003678, 15721.925334003678, 15721.925334003678, 15721.925334003678, 15721.925334003678, 15721.925334003678, 15707.793192847996, 15707.793192847996, 15707.793192847996, 15707.793192847996, 15642.996896666027, 15642.996896666027, 15642.996896666027, 15642.996896666027, 15642.996896666027, 15642.996896666027, 15642.996896666027, 15642.996896666027, 15642.996896666027, 15642.996896666027, 15642.996896666027, 15642.996896666027, 15642.996896666027, 15642.996896666027, 15642.996896666027, 15642.996896666027, 15642.996896666027, 15642.996896666027, 15642.996896666027, 15642.996896666027, 15642.996896666027, 15642.996896666027, 15642.996896666027, 15642.996896666027, 15642.996896666027, 15642.996896666027, 15642.996896666027, 15642.996896666027, 15642.996896666027, 15642.996896666027, 15642.996896666027, 15642.996896666027, 15642.996896666027, 15642.996896666027, 15642.996896666027, 15642.996896666027, 15642.996896666027, 15642.996896666027, 15642.996896666027, 15642.996896666027, 15642.996896666027, 15642.996896666027, 15642.996896666027, 15642.996896666027, 15642.996896666027, 15642.996896666027, 15642.996896666027, 15642.996896666027, 15642.996896666027, 15642.996896666027, 15642.996896666027, 15642.996896666027, 15642.996896666027, 15642.996896666027, 15642.996896666027, 15642.996896666027, 15642.996896666027, 15642.996896666027, 15642.996896666027, 15642.996896666027, 15642.996896666027, 15642.996896666027, 15642.996896666027, 15642.996896666027, 15642.996896666027, 15642.996896666027, 15642.996896666027, 15642.996896666027, 15642.996896666027, 15642.996896666027, 15642.996896666027, 15642.996896666027, 15642.996896666027, 15642.996896666027, 15642.996896666027, 15642.996896666027, 15642.996896666027, 15642.996896666027, 15642.996896666027, 15642.996896666027, 15642.996896666027, 15642.996896666027, 15642.996896666027, 15642.996896666027, 15642.996896666027, 15642.996896666027, 15642.996896666027, 15642.996896666027, 15642.996896666027, 15642.996896666027, 15642.996896666027, 15642.996896666027, 15642.996896666027, 15642.996896666027, 15642.996896666027, 15642.996896666027, 15642.996896666027, 15642.996896666027, 15642.996896666027, 15642.996896666027, 15642.996896666027, 15642.996896666027, 15642.996896666027, 15642.996896666027, 15642.996896666027, 15642.996896666027, 15642.996896666027, 15642.996896666027, 15642.996896666027, 15642.996896666027, 15642.996896666027, 15642.996896666027, 15642.996896666027, 15642.996896666027, 15642.996896666027, 15642.996896666027, 15642.996896666027, 15642.996896666027, 15642.996896666027, 15642.996896666027, 15642.996896666027, 15642.996896666027, 15642.996896666027, 15642.996896666027, 15642.996896666027, 15642.996896666027, 15642.996896666027, 15642.996896666027, 15618.11691996693, 15618.11691996693, 15618.11691996693, 15618.11691996693, 15618.11691996693, 15618.11691996693, 15618.11691996693, 15618.11691996693, 15618.11691996693, 15618.11691996693, 15618.11691996693, 15618.11691996693, 15618.11691996693, 15618.11691996693, 15618.11691996693, 15618.11691996693, 15618.11691996693, 15618.11691996693, 15618.11691996693, 15618.11691996693, 15618.11691996693, 15618.11691996693, 15618.11691996693, 15618.11691996693, 15618.11691996693, 15618.11691996693, 15618.11691996693, 15618.11691996693, 15618.11691996693, 15618.11691996693, 15618.11691996693, 15618.116919966928, 15618.116919966928, 15618.116919966928, 15618.116919966928, 15618.116919966928, 15618.116919966928, 15618.116919966928, 15618.116919966928, 15618.116919966928, 15618.116919966928, 15618.116919966928, 15618.116919966928, 15618.116919966928, 15618.116919966928, 15618.116919966928, 15618.116919966928, 15618.116919966928, 15618.116919966928, 15618.116919966928, 15618.116919966928, 15618.116919966928, 15618.116919966928, 15618.116919966928, 15618.116919966928, 15618.116919966928, 15618.116919966928, 15618.116919966928, 15618.116919966928, 15618.116919966928, 15618.116919966928, 15618.116919966928, 15618.116919966928, 15618.116919966928, 15618.116919966928, 15618.116919966928, 15618.116919966928, 15618.116919966928, 15618.116919966928, 15618.116919966928, 15618.116919966928, 15618.116919966928, 15618.116919966928, 15618.116919966928, 15618.116919966928, 15618.116919966928, 15618.116919966928, 15618.116919966928, 15618.116919966928, 15618.116919966928, 15618.116919966928, 15618.116919966928, 15618.116919966928, 15618.116919966928, 15618.116919966928, 15618.116919966928, 15618.116919966928, 15618.116919966928, 15618.116919966928, 15618.116919966928, 15618.116919966928, 15618.116919966928, 15618.116919966928, 15618.116919966928, 15618.116919966928, 15618.116919966928, 15618.116919966928, 15618.116919966928, 15618.116919966928, 15618.116919966928, 15618.116919966928, 15618.116919966928, 15618.116919966928, 15618.116919966928, 15618.116919966928, 15618.116919966928, 15618.116919966928, 15618.116919966928, 15618.116919966928, 15618.116919966928, 15618.116919966928, 15618.116919966928, 15618.116919966928, 15618.116919966928, 15618.116919966928, 15618.116919966928, 15618.116919966928, 15618.116919966928, 15618.116919966928, 15618.116919966928, 15618.116919966928, 15618.116919966928, 15618.116919966928, 15618.116919966928, 15618.116919966928, 15618.116919966928, 15618.116919966928, 15618.116919966928, 15618.116919966928, 15618.116919966928, 15618.116919966928, 15618.116919966928, 15618.116919966928, 15618.116919966928, 15618.116919966928, 15618.116919966928, 15618.116919966928, 15618.116919966928, 15618.116919966928, 15618.116919966928, 15618.116919966928, 15618.116919966928, 15618.116919966928, 15618.116919966928, 15618.116919966928, 15618.116919966928, 15618.116919966928, 15618.116919966928, 15618.116919966928, 15618.116919966928, 15618.116919966928, 15618.116919966928, 15618.116919966928, 15618.116919966928, 15618.116919966928, 15618.116919966928, 15618.116919966928, 15618.116919966928, 15618.116919966928, 15618.116919966928, 15618.116919966928, 15618.116919966928, 15618.116919966928, 15618.116919966928, 15618.116919966928, 15618.116919966928, 15618.116919966928, 15618.116919966928, 15618.116919966928, 15618.116919966928, 15618.116919966928, 15618.116919966928, 15618.116919966928, 15618.116919966928, 15618.116919966928, 15618.116919966928, 15618.116919966928, 15618.116919966928, 15618.116919966928, 15618.116919966928, 15618.116919966928, 15618.116919966928, 15618.116919966928, 15618.116919966928, 15618.116919966928, 15618.116919966928, 15618.116919966928, 15618.116919966928, 15618.116919966928, 15618.116919966928, 15618.116919966928, 15618.116919966928, 15618.116919966928, 15618.116919966928, 15618.116919966928, 15618.116919966928, 15618.116919966928, 15618.116919966928, 15618.116919966928, 15618.116919966928, 15618.116919966928, 15618.116919966928, 15618.116919966928, 15618.116919966928, 15618.116919966928, 15618.116919966928, 15618.116919966928, 15618.116919966928, 15618.116919966928, 15618.116919966928, 15618.116919966928, 15618.116919966928, 15618.116919966928, 15618.116919966928, 15618.116919966928, 15618.116919966928, 15618.116919966928, 15618.116919966928, 15618.116919966928, 15618.116919966928, 15618.116919966928, 15618.116919966928, 15618.116919966928, 15618.116919966928, 15618.116919966928, 15618.116919966928, 15618.116919966928, 15618.116919966928, 15618.116919966928, 15618.116919966928, 15618.116919966928, 15618.116919966928, 15618.116919966928, 15618.116919966928, 15618.116919966928, 15618.116919966928, 15618.116919966928, 15618.116919966928, 15618.116919966928, 15618.116919966928, 15618.116919966928, 15618.116919966928, 15618.116919966928, 15618.116919966928, 15618.116919966928, 15618.116919966928, 15618.116919966928, 15618.116919966928, 15618.116919966928, 15618.116919966928, 15618.116919966928, 15618.116919966928, 15618.116919966928, 15618.116919966928, 15618.116919966928, 15618.116919966928, 15618.116919966928, 15618.116919966928, 15618.116919966928, 15618.116919966928, 15618.116919966928, 15618.116919966928, 15618.116919966928, 15618.116919966928, 15618.116919966928, 15618.116919966928, 15618.116919966928, 15618.116919966928, 15618.116919966928, 15618.116919966928, 15618.116919966928, 15618.116919966928, 15618.116919966928, 15618.116919966928, 15618.116919966928, 15618.116919966928, 15618.116919966928, 15618.116919966928, 15618.116919966928, 15618.116919966928, 15618.116919966928, 15618.116919966928, 15618.116919966928, 15618.116919966928, 15618.116919966928, 15618.116919966928, 15618.116919966928, 15618.116919966928, 15618.116919966928, 15618.116919966928, 15618.116919966928, 15618.116919966928, 15618.116919966928, 15618.116919966928, 15618.116919966928, 15618.116919966928, 15618.116919966928, 15618.116919966928, 15618.116919966928, 15618.116919966928, 15618.116919966928, 15618.116919966928, 15618.116919966928, 15618.116919966928, 15618.116919966928, 15618.116919966928, 15618.116919966928, 15618.116919966928, 15618.116919966928, 15618.116919966928, 15618.116919966928, 15618.116919966928, 15618.116919966928, 15618.116919966928, 15618.116919966928, 15618.116919966928, 15618.116919966928, 15618.116919966928, 15618.116919966928, 15618.116919966928, 15618.116919966928, 15618.116919966928, 15618.116919966928, 15618.116919966928, 15618.116919966928, 15618.116919966928, 15618.116919966928, 15618.116919966928, 15618.116919966928, 15618.116919966928, 15618.116919966928, 15618.116919966928, 15618.116919966928, 15618.116919966928, 15618.116919966928, 15618.116919966928, 15618.116919966928, 15618.116919966928, 15618.116919966928, 15618.116919966928, 15618.116919966928, 15618.116919966928, 15618.116919966928, 15618.116919966928, 15618.116919966928, 15618.116919966928, 15618.116919966928, 15618.116919966928, 15618.116919966928, 15618.116919966928, 15618.116919966928, 15618.116919966928, 15618.116919966928, 15618.116919966928, 15618.116919966928, 15618.116919966928, 15618.116919966928, 15618.116919966928, 15618.116919966928, 15618.116919966928, 15618.116919966928, 15618.116919966928, 15618.116919966928, 15618.116919966928, 15618.116919966928, 15618.116919966928, 15618.116919966928, 15618.116919966928, 15618.116919966928, 15618.116919966928, 15618.116919966928, 15618.116919966928, 15618.116919966928, 15618.116919966928, 15618.116919966928, 15618.116919966928, 15618.116919966928, 15618.116919966928, 15618.116919966928, 15618.116919966928, 15618.116919966928, 15618.116919966928, 15618.116919966928, 15618.116919966928, 15618.116919966928, 15618.116919966928, 15618.116919966928, 15618.116919966928, 15618.116919966928, 15618.116919966928, 15618.116919966928, 15618.116919966928, 15618.116919966928, 15618.116919966928, 15618.116919966928, 15618.116919966928, 15618.116919966928, 15618.116919966928, 15618.116919966928, 15618.116919966928, 15618.116919966928, 15618.116919966928, 15618.116919966928, 15618.116919966928, 15618.116919966928, 15618.116919966928, 15618.116919966928, 15618.116919966928, 15618.116919966928, 15618.116919966928, 15618.116919966928, 15618.116919966928, 15618.116919966928, 15618.116919966928, 15618.116919966928, 15618.116919966928, 15618.116919966928, 15618.116919966928, 15618.116919966928, 15618.116919966928, 15618.116919966928, 15618.116919966928, 15618.116919966928, 15618.116919966928, 15618.116919966928, 15618.116919966928, 15618.116919966928, 15618.116919966928, 15618.116919966928, 15618.116919966928, 15618.116919966928, 15618.116919966928, 15618.116919966928, 15618.116919966928, 15618.116919966928, 15618.116919966928, 15618.116919966928, 15618.116919966928, 15618.116919966928, 15618.116919966928, 15618.116919966928, 15618.116919966928, 15618.116919966928, 15618.116919966928, 15618.116919966928, 15618.116919966928, 15618.116919966928, 15618.116919966928, 15618.116919966928, 15618.116919966928, 15618.116919966928, 15618.116919966928, 15618.116919966928, 15618.116919966928, 15618.116919966928, 15618.116919966928, 15618.116919966928, 15618.116919966928, 15618.116919966928, 15618.116919966928, 15618.116919966928, 15618.116919966928, 15618.116919966928, 15618.116919966928, 15618.116919966928, 15618.116919966928, 15618.116919966928, 15618.116919966928, 15618.116919966928, 15618.116919966928, 15618.116919966928, 15618.116919966928, 15618.116919966928, 15618.116919966928, 15618.116919966928, 15618.116919966928, 15618.116919966928, 15618.116919966928, 15618.116919966928, 15618.116919966928, 15618.116919966928, 15618.116919966928, 15618.116919966928, 15618.116919966928, 15618.116919966928, 15618.116919966928, 15618.116919966928, 15618.116919966928, 15618.116919966928, 15618.116919966928, 15618.116919966928, 15618.116919966928, 15618.116919966928, 15618.116919966928, 15618.116919966928, 15618.116919966928, 15618.116919966928, 15618.116919966928, 15618.116919966928, 15618.116919966928, 15618.116919966928, 15618.116919966928, 15618.116919966928, 15618.116919966928, 15618.116919966928, 15618.116919966928, 15618.116919966928, 15618.116919966928, 15618.116919966928, 15618.116919966928, 15618.116919966928, 15618.116919966928, 15618.116919966928, 15618.116919966928, 15618.116919966928, 15618.116919966928, 15618.116919966928, 15618.116919966928, 15618.116919966928, 15618.116919966928, 15618.116919966928, 15618.116919966928, 15618.116919966928, 15618.116919966928, 15618.116919966928, 15618.116919966928, 15618.116919966928, 15618.116919966928, 15618.116919966928, 15618.116919966928, 15618.116919966928, 15618.116919966928, 15618.116919966928, 15618.116919966928, 15618.116919966928, 15618.116919966928, 15618.116919966928, 15618.116919966928, 15618.116919966928, 15618.116919966928, 15618.116919966928, 15618.116919966928, 15618.116919966928, 15618.116919966928, 15618.116919966928, 15618.116919966928, 15618.116919966928, 15618.116919966928, 15618.116919966928, 15618.116919966928, 15618.116919966928, 15618.116919966928, 15618.116919966928, 15618.116919966928, 15618.116919966928, 15618.116919966928, 15618.116919966928, 15618.116919966928, 15618.116919966928, 15618.116919966928, 15618.116919966928, 15618.116919966928, 15618.116919966928, 15618.116919966928, 15618.116919966928, 15618.116919966928, 15618.116919966928, 15618.116919966928, 15618.116919966928, 15618.116919966928, 15618.116919966928, 15618.116919966928, 15618.116919966928, 15618.116919966928, 15618.116919966928, 15618.116919966928, 15618.116919966928, 15618.116919966928, 15618.116919966928, 15618.116919966928, 15618.116919966928, 15618.116919966928, 15618.116919966928, 15618.116919966928, 15618.116919966928, 15618.116919966928, 15618.116919966928, 15618.116919966928, 15618.116919966928, 15618.116919966928, 15618.116919966928, 15618.116919966928, 15618.116919966928, 15618.116919966928, 15618.116919966928, 15618.116919966928, 15618.116919966928, 15618.116919966928, 15618.116919966928, 15618.116919966928, 15618.116919966928, 15618.116919966928, 15618.116919966928, 15618.116919966928, 15618.116919966928, 15618.116919966928, 15618.116919966928, 15618.116919966928, 15618.116919966928, 15618.116919966928, 15618.116919966928, 15618.116919966928, 15618.116919966928, 15618.116919966928, 15618.116919966928, 15618.116919966928, 15618.116919966928, 15618.116919966928, 15618.116919966928, 15618.116919966928, 15618.116919966928, 15618.116919966928, 15618.116919966928, 15618.116919966928, 15618.116919966928, 15618.116919966928, 15618.116919966928, 15618.116919966928, 15618.116919966928, 15618.116919966928, 15618.116919966928, 15618.116919966928, 15618.116919966928, 15618.116919966928, 15618.116919966928, 15612.331630290264, 15612.331630290264, 15612.331630290264, 15612.331630290264, 15612.331630290264, 15612.331630290264, 15612.331630290264, 15612.331630290264, 15612.331630290264, 15612.331630290264, 15612.331630290264, 15612.331630290264, 15612.331630290264, 15612.331630290264, 15612.331630290264, 15612.331630290264, 15612.331630290264, 15612.331630290264, 15612.331630290264, 15612.331630290264, 15612.331630290264, 15612.331630290264, 15612.331630290264, 15612.331630290264, 15612.331630290264, 15612.331630290264, 15612.331630290264, 15612.331630290264, 15612.331630290264, 15612.331630290264, 15612.331630290264, 15612.331630290264, 15612.331630290264, 15612.331630290264, 15612.331630290264, 15612.331630290264, 15612.331630290264, 15612.331630290264, 15612.331630290264, 15612.331630290264, 15612.331630290264, 15612.331630290264, 15612.331630290264, 15612.331630290264, 15612.331630290264, 15612.331630290264, 15612.331630290264, 15612.331630290264, 15612.331630290264, 15612.331630290264, 15612.331630290264, 15612.331630290264, 15612.331630290264, 15612.331630290264, 15612.331630290264, 15612.331630290264, 15612.331630290264, 15612.331630290264, 15612.331630290264, 15612.331630290264, 15612.331630290264, 15612.331630290264, 15612.331630290264, 15612.331630290264, 15612.331630290264, 15612.331630290264, 15612.331630290264, 15612.331630290264, 15612.331630290264, 15612.331630290264, 15612.331630290264, 15612.331630290264, 15612.331630290264, 15612.331630290264, 15612.331630290264, 15612.331630290264, 15612.331630290264, 15612.331630290264, 15612.331630290264, 15612.331630290264, 15612.331630290264, 15612.331630290264, 15612.331630290264, 15612.331630290264, 15612.331630290264, 15612.331630290264, 15612.331630290264, 15612.331630290264, 15612.331630290264, 15612.331630290264, 15612.331630290264, 15612.331630290264, 15612.331630290264, 15612.331630290264, 15612.331630290264, 15612.331630290264, 15612.331630290264, 15612.331630290264, 15612.331630290264, 15612.331630290264, 15612.331630290264, 15612.331630290264, 15612.331630290264, 15612.331630290264, 15612.331630290264, 15612.331630290264, 15612.331630290264, 15612.331630290264, 15612.331630290264, 15612.331630290264, 15612.331630290264, 15612.331630290264, 15612.331630290264, 15612.331630290264, 15612.331630290264, 15612.331630290264, 15612.331630290264, 15612.331630290264, 15612.331630290264, 15612.331630290264, 15612.331630290264, 15612.331630290264, 15612.331630290264, 15612.331630290264, 15612.331630290264, 15612.331630290264, 15612.331630290264, 15612.331630290264, 15612.331630290264, 15612.331630290264, 15612.331630290264, 15612.331630290264, 15612.331630290264, 15612.331630290264, 15612.331630290264, 15612.331630290264, 15612.331630290264, 15612.331630290264, 15612.331630290264, 15612.331630290264, 15612.331630290264, 15612.331630290264, 15612.331630290264, 15612.331630290264, 15612.331630290264, 15612.331630290264, 15612.331630290264, 15612.331630290264, 15612.331630290264, 15612.331630290264, 15612.331630290264, 15612.331630290264, 15612.331630290264, 15612.331630290264, 15612.331630290264, 15612.331630290264, 15612.331630290264, 15612.331630290264, 15612.331630290264, 15612.331630290264, 15612.331630290264, 15612.331630290264, 15612.331630290264, 15612.331630290264, 15612.331630290264, 15612.331630290264, 15612.331630290264, 15612.331630290264, 15612.331630290264, 15612.331630290264, 15612.331630290264, 15612.331630290264, 15612.331630290264, 15612.331630290264, 15612.331630290264, 15612.331630290264, 15612.331630290264, 15612.331630290264, 15612.331630290264, 15612.331630290264, 15612.331630290264, 15612.331630290264, 15612.331630290264, 15612.331630290264, 15612.331630290264, 15612.331630290264, 15612.331630290264, 15612.331630290264, 15612.331630290264, 15612.331630290264, 15612.331630290264, 15612.331630290264, 15612.331630290264, 15612.331630290264, 15612.331630290264, 15612.331630290264, 15612.331630290264, 15612.331630290264, 15612.331630290264, 15612.331630290264, 15612.331630290264, 15612.331630290264, 15612.331630290264, 15612.331630290264, 15612.331630290264, 15612.331630290264, 15612.331630290264, 15612.331630290264, 15612.331630290264, 15612.331630290264, 15612.331630290264, 15612.331630290264, 15612.331630290264, 15612.331630290264, 15612.331630290264, 15612.331630290264, 15612.331630290264, 15612.331630290264, 15612.331630290264, 15612.331630290264, 15612.331630290264, 15612.331630290264, 15612.331630290264, 15612.331630290264, 15612.331630290264, 15612.331630290264, 15612.331630290264, 15612.331630290264, 15612.331630290264, 15612.331630290264, 15612.331630290264, 15612.331630290264, 15612.331630290264, 15612.331630290264, 15612.331630290264, 15612.331630290264, 15612.331630290264, 15612.331630290264, 15612.331630290264, 15612.331630290264, 15612.331630290264, 15612.331630290264, 15612.331630290264, 15612.331630290264, 15612.331630290264, 15612.331630290264, 15612.331630290264, 15612.331630290264, 15612.331630290264, 15612.331630290264, 15612.331630290264, 15612.331630290264, 15612.331630290264, 15612.331630290264, 15612.331630290264, 15612.331630290264, 15612.331630290264, 15612.331630290264, 15612.331630290264, 15612.331630290264, 15612.331630290264, 15612.331630290264, 15612.331630290264, 15612.331630290264, 15612.331630290264, 15612.331630290264, 15612.331630290264, 15612.331630290264, 15612.331630290264, 15612.331630290264, 15612.331630290264, 15612.331630290264, 15612.331630290264, 15612.331630290264, 15612.331630290264, 15612.331630290264, 15612.331630290264, 15612.331630290264, 15612.331630290264, 15612.331630290264, 15612.331630290264, 15612.331630290264, 15612.331630290264, 15612.331630290264, 15612.331630290264, 15612.331630290264, 15612.331630290264, 15612.331630290264, 15612.331630290264, 15612.331630290264, 15612.331630290264, 15612.331630290264, 15612.331630290264, 15612.331630290264, 15612.331630290264, 15612.331630290264, 15612.331630290264, 15612.331630290264, 15612.331630290264, 15612.331630290264, 15612.331630290264, 15612.331630290264, 15612.331630290264, 15612.331630290264, 15612.331630290264, 15612.331630290264, 15612.331630290264, 15612.331630290264, 15612.331630290264, 15612.331630290264, 15612.331630290264, 15612.331630290264, 15612.331630290264, 15612.331630290264, 15612.331630290264, 15612.331630290264, 15612.331630290264, 15612.331630290264, 15612.331630290264, 15612.331630290264, 15612.331630290264, 15612.331630290264, 15612.331630290264, 15612.331630290264, 15612.331630290264, 15612.331630290264, 15612.331630290264, 15612.331630290264, 15612.331630290264, 15612.331630290264, 15612.331630290264, 15612.331630290264, 15612.331630290264, 15612.331630290264, 15612.331630290264, 15612.331630290264, 15612.331630290264, 15612.331630290264, 15612.331630290264, 15612.331630290264, 15612.331630290264, 15612.331630290264, 15612.331630290264, 15612.331630290264, 15612.331630290264, 15612.331630290264, 15612.331630290264, 15612.331630290264, 15612.331630290264, 15612.331630290264, 15612.331630290264, 15612.331630290264, 15612.331630290264, 15612.331630290264, 15612.331630290264, 15612.331630290264, 15612.331630290264, 15612.331630290264, 15612.331630290264, 15612.331630290264, 15612.331630290264, 15612.331630290264, 15612.331630290264, 15612.331630290264, 15612.331630290264, 15612.331630290264, 15612.331630290264, 15612.331630290264, 15612.331630290264, 15612.331630290264, 15612.331630290264, 15612.331630290264, 15612.331630290264, 15612.331630290264, 15612.331630290264, 15612.331630290264, 15612.331630290264, 15612.331630290264, 15612.331630290264, 15612.331630290264, 15612.331630290264, 15612.331630290264, 15612.331630290264, 15612.331630290264, 15612.331630290264, 15612.331630290264, 15612.331630290264, 15612.331630290264, 15612.331630290264, 15612.331630290264, 15612.331630290264, 15612.331630290264, 15612.331630290264, 15612.331630290264, 15612.331630290264, 15612.331630290264, 15612.331630290264, 15612.331630290264, 15612.331630290264, 15612.331630290264, 15612.331630290264, 15612.331630290264, 15612.331630290264, 15612.331630290264, 15612.331630290264, 15612.331630290264, 15612.331630290264, 15612.331630290264, 15612.331630290264, 15612.331630290264, 15612.331630290264, 15612.331630290264, 15612.331630290264, 15612.331630290264, 15612.331630290264, 15612.331630290264, 15612.331630290264, 15612.331630290264, 15612.331630290264, 15612.331630290264, 15612.331630290264, 15612.331630290264, 15612.331630290264, 15612.331630290264, 15612.331630290264, 15612.331630290264, 15612.331630290264, 15612.331630290264, 15612.331630290264, 15612.331630290264, 15612.331630290264, 15612.331630290264, 15612.331630290264, 15612.331630290264, 15612.331630290264, 15612.331630290264, 15612.331630290264, 15612.331630290264, 15612.331630290264, 15612.331630290264, 15612.331630290264, 15612.331630290264, 15612.331630290264, 15612.331630290264, 15612.331630290264, 15612.331630290264, 15612.331630290264, 15612.331630290264, 15612.331630290264, 15612.331630290264, 15612.331630290264, 15612.331630290264, 15612.331630290264, 15612.331630290264, 15612.331630290264, 15612.331630290264, 15612.331630290264, 15612.331630290264, 15612.331630290264, 15612.331630290264, 15612.331630290264, 15612.331630290264, 15612.331630290264, 15612.331630290264, 15612.331630290264, 15612.331630290264, 15612.331630290264, 15612.331630290264, 15612.331630290264, 15612.331630290264, 15612.331630290264, 15612.331630290264, 15612.331630290264, 15612.331630290264, 15612.331630290264, 15612.331630290264, 15612.331630290264, 15612.331630290264, 15612.331630290264, 15612.331630290264, 15612.331630290264, 15612.331630290264, 15612.331630290264, 15612.331630290264, 15612.331630290264, 15612.331630290264, 15612.331630290264, 15612.331630290264, 15612.331630290264, 15612.331630290264, 15612.331630290264, 15612.331630290264, 15612.331630290264, 15612.331630290264, 15612.331630290264, 15612.331630290264, 15612.331630290264, 15612.331630290264, 15612.331630290264, 15612.331630290264, 15612.331630290264, 15612.331630290264, 15612.331630290264, 15612.331630290264, 15612.331630290264, 15612.331630290264, 15612.331630290264, 15612.331630290264, 15612.331630290264, 15612.331630290264, 15612.331630290264, 15612.331630290264, 15612.331630290264, 15612.331630290264, 15612.331630290264, 15612.331630290264, 15612.331630290264, 15612.331630290264, 15612.331630290264, 15612.331630290264, 15612.331630290264, 15612.331630290264, 15612.331630290264, 15612.331630290264, 15612.331630290264, 15612.331630290264, 15612.331630290264, 15612.331630290264, 15612.331630290264, 15612.331630290264, 15612.331630290264, 15612.331630290264, 15612.331630290264, 15612.331630290264, 15612.331630290264, 15612.331630290264, 15612.331630290264, 15612.331630290264, 15612.331630290264, 15612.331630290264, 15612.331630290264, 15612.331630290264, 15612.331630290264, 15612.331630290264, 15612.331630290264, 15612.331630290264, 15612.331630290264, 15612.331630290264, 15612.331630290264, 15612.331630290264, 15612.331630290264, 15612.331630290264, 15612.331630290264, 15612.331630290264, 15612.331630290264, 15612.331630290264, 15612.331630290264, 15612.331630290264, 15612.331630290264, 15612.331630290264, 15612.331630290264, 15612.331630290264, 15612.331630290264, 15612.331630290264, 15612.331630290264, 15612.331630290264, 15612.331630290264, 15612.331630290264, 15612.331630290264, 15612.331630290264, 15612.331630290264, 15612.331630290264, 15612.331630290264, 15612.331630290264, 15612.331630290264, 15612.331630290264, 15612.331630290264, 15612.331630290264, 15612.331630290264, 15612.331630290264, 15612.331630290264, 15612.331630290264, 15612.331630290264, 15612.331630290264, 15612.331630290264, 15612.331630290264, 15612.331630290264, 15612.331630290264, 15612.331630290264, 15612.331630290264, 15612.331630290264, 15612.331630290264, 15612.331630290264, 15612.331630290264, 15612.331630290264, 15612.331630290264, 15612.331630290264, 15612.331630290264, 15612.331630290264, 15612.331630290264, 15612.331630290264, 15612.331630290264, 15612.331630290264, 15612.331630290264, 15612.331630290264, 15612.331630290264, 15612.331630290264, 15612.331630290264, 15612.331630290264, 15612.331630290264, 15612.331630290264, 15612.331630290264, 15612.331630290264, 15612.331630290264, 15612.331630290264, 15612.331630290264, 15612.331630290264, 15612.331630290264, 15612.331630290264, 15612.331630290264, 15612.331630290264, 15612.331630290264, 15612.331630290264, 15612.331630290264, 15612.331630290264, 15612.331630290264, 15612.331630290264, 15612.331630290264, 15612.331630290264, 15612.331630290264, 15612.331630290264, 15612.331630290264, 15612.331630290264, 15612.331630290264, 15612.331630290264, 15612.331630290264, 15612.331630290264, 15612.331630290264, 15612.331630290264, 15612.331630290264, 15612.331630290264, 15612.331630290264, 15612.331630290264, 15612.331630290264, 15612.331630290264, 15612.331630290264, 15612.331630290264, 15612.331630290264, 15612.331630290264, 15612.331630290264, 15612.331630290264, 15612.331630290264, 15612.331630290264, 15612.331630290264, 15612.331630290264, 15612.331630290264, 15612.331630290264, 15612.331630290264, 15612.331630290264, 15612.331630290264, 15612.331630290264, 15612.331630290264, 15612.331630290264, 15612.331630290264, 15612.331630290264, 15612.331630290264, 15612.331630290264, 15612.331630290264, 15612.331630290264, 15612.331630290264, 15612.331630290264, 15612.331630290264, 15612.331630290264, 15612.331630290264, 15612.331630290264, 15612.331630290264, 15612.331630290264, 15612.331630290264, 15612.331630290264, 15612.331630290264, 15612.331630290264, 15612.331630290264, 15612.331630290264, 15612.331630290264, 15612.331630290264, 15612.331630290264, 15612.331630290264, 15612.331630290264, 15612.331630290264, 15612.331630290264, 15612.331630290264, 15612.331630290264, 15612.331630290264, 15612.331630290264, 15612.331630290264, 15612.331630290264, 15612.331630290264, 15612.331630290264, 15612.331630290264, 15612.331630290264, 15612.331630290264, 15612.331630290264, 15612.331630290264, 15612.331630290264, 15612.331630290264, 15612.331630290264, 15612.331630290264, 15612.331630290264, 15612.331630290264, 15612.331630290264, 15612.331630290264, 15612.331630290264, 15612.331630290264, 15612.331630290264, 15612.331630290264, 15612.331630290264, 15612.331630290264, 15612.331630290264, 15612.331630290264, 15612.331630290264, 15612.331630290264, 15612.331630290264, 15612.331630290264, 15612.331630290264, 15612.331630290264, 15612.331630290264, 15612.331630290264, 15612.331630290264, 15612.331630290264, 15612.331630290264, 15612.331630290264, 15612.331630290264, 15612.331630290264, 15612.331630290264, 15612.331630290264, 15612.331630290264, 15612.331630290264, 15612.331630290264, 15612.331630290264, 15612.331630290264, 15612.331630290264, 15612.331630290264, 15612.331630290264, 15612.331630290264, 15612.331630290264, 15612.331630290264, 15612.331630290264, 15612.331630290264, 15612.331630290264, 15612.331630290264, 15612.331630290264, 15612.331630290264, 15612.331630290264, 15612.331630290264, 15612.331630290264, 15612.331630290264, 15612.331630290264, 15612.331630290264, 15612.331630290264, 15612.331630290264, 15612.331630290264, 15612.331630290264, 15612.331630290264, 15612.331630290264, 15612.331630290264, 15612.331630290264, 15612.331630290264, 15612.331630290264, 15612.331630290264, 15612.331630290264, 15612.331630290264, 15612.331630290264, 15612.331630290264, 15612.331630290264, 15612.331630290264, 15612.331630290264, 15612.331630290264, 15612.331630290264, 15612.331630290264, 15612.331630290264, 15612.331630290264, 15612.331630290264, 15612.331630290264, 15612.331630290264, 15612.331630290264, 15612.331630290264, 15612.331630290264, 15612.331630290264, 15612.331630290264, 15612.331630290264, 15612.331630290264, 15612.331630290264, 15612.331630290264, 15612.331630290264, 15612.331630290264, 15612.331630290264, 15612.331630290264, 15612.331630290264, 15612.331630290264, 15612.331630290264, 15612.331630290264, 15612.331630290264, 15612.331630290264, 15612.331630290264, 15612.331630290264, 15612.331630290264, 15612.331630290264, 15612.331630290264, 15612.331630290264, 15612.331630290264, 15612.331630290264, 15612.331630290264, 15612.331630290264, 15612.331630290264, 15612.331630290264, 15612.331630290264, 15612.331630290264, 15612.331630290264, 15612.331630290264, 15612.331630290264, 15612.331630290264, 15612.331630290264, 15612.331630290264, 15612.331630290264, 15612.331630290264, 15612.331630290264, 15612.331630290264, 15612.331630290264, 15612.331630290264, 15612.331630290264, 15612.331630290264, 15612.331630290264, 15612.331630290264, 15612.331630290264, 15612.331630290264, 15612.331630290264, 15612.331630290264, 15612.331630290264, 15612.331630290264, 15612.331630290264, 15612.331630290264, 15612.331630290264, 15612.331630290264, 15612.331630290264, 15612.331630290264, 15612.331630290264, 15612.331630290264, 15612.331630290264, 15612.331630290264, 15612.331630290264, 15612.331630290264, 15612.331630290264, 15612.331630290264, 15612.331630290264, 15612.331630290264, 15612.331630290264, 15612.331630290264, 15612.331630290264, 15612.331630290264, 15612.331630290264, 15612.331630290264, 15612.331630290264, 15612.331630290264, 15612.331630290264, 15612.331630290264, 15612.331630290264, 15612.331630290264, 15612.331630290264, 15612.331630290264, 15612.331630290264, 15612.331630290264, 15612.331630290264, 15612.331630290264, 15612.331630290264, 15612.331630290264, 15612.331630290264, 15612.331630290264, 15612.331630290264, 15612.331630290264, 15612.331630290264, 15612.331630290264, 15612.331630290264, 15612.331630290264, 15612.331630290264, 15612.331630290264, 15612.331630290264, 15612.331630290264, 15612.331630290264, 15612.331630290264, 15612.331630290264, 15612.331630290264, 15612.331630290264, 15612.331630290264, 15612.331630290264, 15612.331630290264, 15612.331630290264, 15612.331630290264, 15612.331630290264, 15612.331630290264, 15612.331630290264, 15612.331630290264, 15612.331630290264, 15612.331630290264, 15612.331630290264, 15612.331630290264, 15612.331630290264, 15612.331630290264, 15612.331630290264, 15612.331630290264, 15612.331630290264, 15612.331630290264, 15612.331630290264, 15612.331630290264, 15612.331630290264, 15612.331630290264, 15612.331630290264, 15612.331630290264, 15612.331630290264, 15612.331630290264, 15612.331630290264, 15612.331630290264, 15612.331630290264, 15612.331630290264, 15612.331630290264, 15612.331630290264, 15612.331630290264, 15612.331630290264, 15612.331630290264, 15612.331630290264, 15612.331630290264, 15612.331630290264, 15612.331630290264, 15612.331630290264, 15612.331630290264, 15612.331630290264, 15612.331630290264, 15612.331630290264, 15612.331630290264, 15612.331630290264, 15612.331630290264, 15612.331630290264, 15612.331630290264, 15612.331630290264, 15612.331630290264, 15612.331630290264, 15612.331630290264, 15612.331630290264, 15612.331630290264, 15612.331630290264, 15612.331630290264, 15612.331630290264, 15612.331630290264, 15612.331630290264, 15612.331630290264, 15612.331630290264, 15612.331630290264, 15612.331630290264, 15612.331630290264, 15612.331630290264, 15612.331630290264, 15612.331630290264, 15612.331630290264, 15612.331630290264, 15612.331630290264, 15612.331630290264, 15612.331630290264, 15612.331630290264, 15612.331630290264, 15612.331630290264, 15612.331630290264, 15612.331630290264, 15612.331630290264, 15612.331630290264, 15612.331630290264, 15612.331630290264, 15612.331630290264, 15612.331630290264, 15612.331630290264, 15612.331630290264, 15612.331630290264, 15612.331630290264, 15612.331630290264, 15612.331630290264, 15612.331630290264, 15612.331630290264, 15612.331630290264, 15612.331630290264, 15612.331630290264, 15612.331630290264, 15612.331630290264, 15612.331630290264, 15612.331630290264, 15612.331630290264, 15612.331630290264, 15612.331630290264, 15612.331630290264, 15612.331630290264, 15612.331630290264, 15612.331630290264, 15612.331630290264, 15612.331630290264, 15612.331630290264, 15612.331630290264, 15612.331630290264, 15612.331630290264, 15612.331630290264, 15612.331630290264, 15612.331630290264, 15612.331630290264, 15612.331630290264, 15612.331630290264, 15612.331630290264, 15612.331630290264, 15612.331630290264, 15612.331630290264, 15612.331630290264, 15612.331630290264, 15612.331630290264, 15612.331630290264, 15612.331630290264, 15612.331630290264, 15612.331630290264, 15612.331630290264, 15612.331630290264, 15612.331630290264, 15612.331630290264, 15612.331630290264, 15612.331630290264, 15612.331630290264, 15612.331630290264, 15612.331630290264, 15612.331630290264, 15612.331630290264, 15612.331630290264, 15612.331630290264, 15612.331630290264, 15612.331630290264, 15612.331630290264, 15612.331630290264, 15612.331630290264, 15612.331630290264, 15612.331630290264, 15612.331630290264, 15612.331630290264, 15612.331630290264, 15612.331630290264, 15612.331630290264, 15612.331630290264, 15612.331630290264, 15612.331630290264, 15612.331630290264, 15612.331630290264, 15612.331630290264, 15612.331630290264, 15612.331630290264, 15612.331630290264, 15612.331630290264, 15612.331630290264, 15612.331630290264, 15612.331630290264, 15612.331630290264, 15612.331630290264, 15612.331630290264, 15612.331630290264, 15612.331630290264, 15612.331630290264, 15612.331630290264, 15612.331630290264, 15612.331630290264, 15612.331630290264, 15612.331630290264, 15612.331630290264, 15612.331630290264, 15612.331630290264, 15612.331630290264, 15612.331630290264, 15612.331630290264, 15612.331630290264, 15612.331630290264, 15612.331630290264, 15612.331630290264, 15612.331630290264, 15612.331630290264, 15612.331630290264, 15612.331630290264, 15612.331630290264, 15612.331630290264, 15612.331630290264, 15612.331630290264, 15612.331630290264, 15612.331630290264, 15612.331630290264, 15612.331630290264, 15612.331630290264, 15612.331630290264, 15612.331630290264, 15612.331630290264, 15612.331630290264, 15612.331630290264, 15612.331630290264, 15612.331630290264, 15612.331630290264, 15612.331630290264, 15612.331630290264, 15612.331630290264, 15612.331630290264, 15612.331630290264, 15612.331630290264, 15612.331630290264, 15612.331630290264, 15612.331630290264, 15612.331630290264, 15612.331630290264, 15612.331630290264, 15612.331630290264, 15612.331630290264, 15612.331630290264, 15612.331630290264, 15612.331630290264, 15612.331630290264, 15612.331630290264, 15612.331630290264, 15612.331630290264, 15612.331630290264, 15612.331630290264, 15612.331630290264, 15612.331630290264, 15612.331630290264, 15612.331630290264, 15612.331630290264, 15612.331630290264, 15612.331630290264, 15612.331630290264, 15612.331630290264, 15612.331630290264, 15612.331630290264, 15612.331630290264, 15612.331630290264, 15612.331630290264, 15612.331630290264, 15612.331630290264, 15612.331630290264, 15612.331630290264, 15612.331630290264, 15612.331630290264, 15612.331630290264, 15612.331630290264, 15612.331630290264, 15612.331630290264, 15612.331630290264, 15612.331630290264, 15612.331630290264, 15612.331630290264, 15612.331630290264, 15612.331630290264, 15612.331630290264, 15612.331630290264, 15612.331630290264, 15612.331630290264, 15612.331630290264, 15612.331630290264, 15612.331630290264, 15612.331630290264, 15612.331630290264, 15612.331630290264, 15612.331630290264, 15612.331630290264, 15612.331630290264, 15612.331630290264, 15612.331630290264, 15612.331630290264, 15612.331630290264, 15612.331630290264, 15612.331630290264, 15612.331630290264, 15612.331630290264, 15612.331630290264, 15612.331630290264, 15612.331630290264, 15612.331630290264, 15612.331630290264, 15612.331630290264, 15612.331630290264, 15612.331630290264, 15612.331630290264, 15612.331630290264, 15612.331630290264, 15612.331630290264, 15612.331630290264, 15612.331630290264, 15612.331630290264, 15612.331630290264, 15612.331630290264, 15612.331630290264, 15612.331630290264, 15612.331630290264, 15612.331630290264, 15612.331630290264, 15612.331630290264, 15612.331630290264, 15612.331630290264, 15612.331630290264, 15612.331630290264, 15612.331630290264, 15612.331630290264, 15612.331630290264, 15612.331630290264, 15612.331630290264, 15612.331630290264, 15612.331630290264, 15612.331630290264, 15612.331630290264, 15612.331630290264, 15612.331630290264, 15612.331630290264, 15612.331630290264, 15612.331630290264, 15612.331630290264, 15612.331630290264, 15612.331630290264, 15612.331630290264, 15612.331630290264, 15612.331630290264, 15612.331630290264, 15612.331630290264, 15612.331630290264, 15612.331630290264, 15612.331630290264, 15612.331630290264, 15612.331630290264, 15612.331630290264, 15612.331630290264, 15612.331630290264, 15612.331630290264, 15612.331630290264, 15612.331630290264, 15612.331630290264, 15612.331630290264, 15612.331630290264, 15612.331630290264, 15612.331630290264, 15612.331630290264, 15612.331630290264, 15612.331630290264, 15612.331630290264, 15612.331630290264, 15612.331630290264, 15612.331630290264, 15612.331630290264, 15612.331630290264, 15612.331630290264, 15612.331630290264, 15612.331630290264, 15612.331630290264, 15612.331630290264, 15612.331630290264, 15612.331630290264, 15612.331630290264, 15612.331630290264, 15612.331630290264, 15612.331630290264, 15612.331630290264, 15612.331630290264, 15612.331630290264, 15612.331630290264, 15612.331630290264, 15612.331630290264, 15612.331630290264, 15612.331630290264, 15612.331630290264, 15612.331630290264, 15612.331630290264, 15612.331630290264, 15612.331630290264, 15612.331630290264, 15612.331630290264, 15612.331630290264, 15612.331630290264, 15612.331630290264, 15612.331630290264, 15612.331630290264, 15612.331630290264, 15612.331630290264, 15612.331630290264, 15612.331630290264, 15612.331630290264, 15612.331630290264, 15612.331630290264, 15612.331630290264, 15612.331630290264, 15612.331630290264, 15612.331630290264, 15612.331630290264, 15612.331630290264, 15612.331630290264, 15612.331630290264, 15612.331630290264, 15612.331630290264, 15612.331630290264, 15612.331630290264, 15612.331630290264, 15612.331630290264, 15612.331630290264, 15612.331630290264, 15612.331630290264, 15612.331630290264, 15612.331630290264, 15612.331630290264, 15612.331630290264, 15612.331630290264, 15612.331630290264, 15612.331630290264, 15612.331630290264, 15612.331630290264, 15612.331630290264, 15612.331630290264, 15612.331630290264, 15612.331630290264, 15612.331630290264, 15612.331630290264, 15612.331630290264, 15612.331630290264, 15612.331630290264, 15612.331630290264, 15612.331630290264, 15612.331630290264, 15612.331630290264, 15612.331630290264, 15612.331630290264, 15612.331630290264, 15612.331630290264, 15612.331630290264, 15612.331630290264, 15612.331630290264, 15612.331630290264, 15612.331630290264, 15612.331630290264, 15612.331630290264, 15612.331630290264, 15612.331630290264, 15612.331630290264, 15612.331630290264, 15612.331630290264, 15612.331630290264, 15612.331630290264, 15612.331630290264, 15612.331630290264, 15612.331630290264, 15612.331630290264, 15612.331630290264, 15612.331630290264, 15612.331630290264, 15612.331630290264, 15612.331630290264, 15612.331630290264, 15612.331630290264, 15612.331630290264, 15612.331630290264, 15612.331630290264, 15612.331630290264, 15612.331630290264, 15612.331630290264, 15612.331630290264, 15612.331630290264, 15612.331630290264, 15612.331630290264, 15612.331630290264, 15612.331630290264, 15612.331630290264, 15612.331630290264, 15612.331630290264, 15612.331630290264, 15612.331630290264, 15612.331630290264, 15612.331630290264, 15612.331630290264, 15612.331630290264, 15612.331630290264, 15612.331630290264, 15612.331630290264, 15612.331630290264, 15612.331630290264, 15612.331630290264, 15612.331630290264, 15612.331630290264, 15612.331630290264, 15612.331630290264, 15612.331630290264, 15612.331630290264, 15612.331630290264, 15612.331630290264, 15612.331630290264, 15612.331630290264, 15612.331630290264, 15612.331630290264, 15612.331630290264, 15612.331630290264, 15612.331630290264, 15612.331630290264, 15612.331630290264, 15612.331630290264, 15612.331630290264, 15612.331630290264, 15612.331630290264, 15612.331630290264, 15612.331630290264, 15612.331630290264, 15612.331630290264, 15612.331630290264, 15612.331630290264, 15612.331630290264, 15612.331630290264, 15612.331630290264, 15612.331630290264, 15612.331630290264, 15612.331630290264, 15612.331630290264, 15612.331630290264, 15612.331630290264, 15612.331630290264, 15612.331630290264, 15612.331630290264, 15612.331630290264, 15612.331630290264, 15612.331630290264, 15612.331630290264, 15612.331630290264, 15612.331630290264, 15612.331630290264, 15612.331630290264, 15612.331630290264, 15612.331630290264, 15612.331630290264, 15612.331630290264, 15612.331630290264, 15612.331630290264, 15612.331630290264, 15612.331630290264, 15612.331630290264, 15612.331630290264, 15612.331630290264, 15612.331630290264, 15612.331630290264, 15612.331630290264, 15612.331630290264, 15612.331630290264, 15612.331630290264, 15612.331630290264, 15612.331630290264, 15612.331630290264, 15612.331630290264, 15612.331630290264, 15612.331630290264, 15612.331630290264, 15612.331630290264, 15612.331630290264, 15612.331630290264, 15612.331630290264, 15612.331630290264, 15612.331630290264, 15612.331630290264, 15612.331630290264, 15612.331630290264, 15612.331630290264, 15612.331630290264, 15612.331630290264, 15612.331630290264, 15612.331630290264, 15612.331630290264, 15612.331630290264, 15612.331630290264, 15612.331630290264, 15612.331630290264, 15612.331630290264, 15612.331630290264, 15612.331630290264, 15612.331630290264, 15612.331630290264, 15612.331630290264, 15612.331630290264, 15612.331630290264, 15612.331630290264, 15612.331630290264, 15612.331630290264, 15612.331630290264, 15612.331630290264, 15612.331630290264, 15612.331630290264, 15612.331630290264, 15612.331630290264, 15612.331630290264, 15612.331630290264, 15612.331630290264, 15612.331630290264, 15612.331630290264, 15612.331630290264, 15612.331630290264, 15612.331630290264, 15612.331630290264, 15612.331630290264, 15612.331630290264, 15612.331630290264, 15612.331630290264, 15612.331630290264, 15612.331630290264, 15612.331630290264, 15612.331630290264, 15612.331630290264, 15612.331630290264, 15612.331630290264, 15612.331630290264, 15612.331630290264, 15612.331630290264, 15612.331630290264, 15612.331630290264, 15612.331630290264, 15612.331630290264, 15612.331630290264, 15612.331630290264, 15612.331630290264, 15612.331630290264, 15612.331630290264, 15612.331630290264, 15612.331630290264, 15612.331630290264, 15612.331630290264, 15612.331630290264, 15612.331630290264, 15612.331630290264, 15612.331630290264, 15612.331630290264, 15612.331630290264, 15612.331630290264, 15612.331630290264, 15612.331630290264, 15612.331630290264, 15612.331630290264, 15612.331630290264, 15612.331630290264, 15612.331630290264, 15612.331630290264, 15612.331630290264, 15612.331630290264, 15612.331630290264, 15612.331630290264, 15612.331630290264, 15612.331630290264, 15612.331630290264, 15612.331630290264, 15612.331630290264, 15612.331630290264, 15612.331630290264, 15612.331630290264, 15612.331630290264, 15612.331630290264, 15612.331630290264, 15612.331630290264, 15612.331630290264, 15612.331630290264, 15612.331630290264, 15612.331630290264, 15612.331630290264, 15612.331630290264, 15612.331630290264, 15612.331630290264, 15612.331630290264, 15612.331630290264, 15612.331630290264, 15612.331630290264, 15612.331630290264, 15612.331630290264, 15612.331630290264, 15612.331630290264, 15612.331630290264, 15612.331630290264, 15612.331630290264, 15612.331630290264, 15612.331630290264, 15612.331630290264, 15612.331630290264, 15612.331630290264, 15612.331630290264, 15612.331630290264, 15612.331630290264, 15612.331630290264, 15612.331630290264, 15612.331630290264, 15612.331630290264, 15612.331630290264, 15612.331630290264, 15612.331630290264, 15612.331630290264, 15612.331630290264, 15612.331630290264, 15612.331630290264, 15612.331630290264, 15612.331630290264, 15612.331630290264, 15612.331630290264, 15612.331630290264, 15612.331630290264, 15612.331630290264, 15612.331630290264, 15612.331630290264, 15612.331630290264, 15612.331630290264, 15612.331630290264, 15612.331630290264, 15612.331630290264, 15612.331630290264, 15612.331630290264, 15612.331630290264, 15612.331630290264, 15612.331630290264, 15612.331630290264, 15612.331630290264, 15612.331630290264, 15612.331630290264, 15612.331630290264, 15612.331630290264, 15612.331630290264, 15612.331630290264, 15612.331630290264, 15612.331630290264, 15612.331630290264, 15612.331630290264, 15612.331630290264, 15612.331630290264, 15612.331630290264, 15612.331630290264, 15612.331630290264, 15612.331630290264, 15612.331630290264, 15612.331630290264, 15612.331630290264, 15612.331630290264, 15612.331630290264, 15612.331630290264, 15612.331630290264, 15612.331630290264, 15612.331630290264, 15612.331630290264, 15612.331630290264, 15612.331630290264, 15612.331630290264, 15612.331630290264, 15612.331630290264, 15612.331630290264]
Computational time : 622.431999922