Name : Ahmed ElMousel
Problem : X-n190-k8 
Whale Algorithm 
cost : 15640.5021933
Routes : 
1->92->39->109->4->15->1
1->72->81->3->44->94->31->70->110->7->1
1->32->29->55->69->42->13->59->20->50->1
1->53->51->28->18->60->66->37->100->1
1->19->26->104->103->10->34->102->5->25->85->1
1->63->101->11->87->74->49->48->41->9->1
1->47->12->86->52->68->35->46->90->1
1->106->107->98->93->21->75->33->80->2->1
1->43->99->67->16->54->27->88->78->6->1
1->65->105->61->62->23->84->77->56->57->1
1->8->38->95->82->45->71->17->91->1
1->64->73->22->76->89->97->96->40->1
1->79->30->24->14->58->83->108->36->1
best solutions : 
[16215.049595768058, 16215.049595768058, 16215.049595768058, 16215.049595768058, 16215.049595768058, 16215.049595768058, 16215.049595768058, 16215.049595768058, 16215.049595768058, 16215.049595768058, 16215.049595768058, 16215.049595768058, 16215.049595768058, 16215.049595768058, 16215.049595768058, 16215.049595768058, 16215.049595768058, 16215.049595768058, 16215.049595768058, 16215.049595768058, 16215.049595768058, 16215.049595768058, 16215.049595768058, 16215.049595768058, 16215.049595768058, 16215.049595768058, 16215.049595768058, 16215.049595768058, 16215.049595768058, 16215.049595768058, 16215.049595768058, 16215.049595768058, 16215.049595768058, 16215.049595768058, 16215.049595768058, 16215.049595768058, 16215.049595768058, 16215.049595768058, 16215.049595768058, 16215.049595768058, 16215.049595768058, 16215.049595768058, 16215.049595768058, 16215.049595768058, 16215.049595768058, 16215.049595768058, 16215.049595768058, 16215.049595768058, 16215.049595768058, 16215.049595768058, 16215.049595768058, 16215.049595768058, 16215.049595768058, 16215.049595768058, 16215.049595768058, 16215.049595768058, 16215.049595768058, 16215.049595768058, 16215.049595768058, 16215.049595768058, 16215.049595768058, 16215.049595768058, 16215.049595768058, 16215.049595768058, 16117.999756251698, 16117.999756251698, 16117.999756251698, 16117.999756251698, 16117.999756251698, 16117.999756251698, 16117.999756251698, 16117.999756251698, 16117.999756251698, 16117.999756251698, 16117.999756251698, 16117.999756251698, 16117.999756251698, 16117.999756251698, 16117.999756251698, 16117.999756251698, 16045.23127210865, 16045.23127210865, 16045.23127210865, 16045.23127210865, 16045.23127210865, 16045.23127210865, 16045.23127210865, 16045.23127210865, 16045.23127210865, 16045.23127210865, 16045.23127210865, 16045.23127210865, 16045.23127210865, 16045.23127210865, 16045.23127210865, 16045.23127210865, 16045.23127210865, 16045.23127210865, 16045.23127210865, 16045.23127210865, 16045.23127210865, 16045.23127210865, 16045.23127210865, 16045.23127210865, 16045.23127210865, 16045.23127210865, 16045.23127210865, 16045.23127210865, 16045.23127210865, 16045.23127210865, 16045.23127210865, 16045.23127210865, 16045.23127210865, 16045.23127210865, 16045.23127210865, 16045.23127210865, 16045.23127210865, 16045.23127210865, 16045.23127210865, 16045.23127210865, 16045.23127210865, 16045.23127210865, 16045.23127210865, 16030.036582295299, 16030.036582295299, 16030.036582295299, 16030.036582295299, 16030.036582295299, 16030.036582295299, 15981.464725666858, 15981.464725666858, 15981.464725666858, 15981.464725666858, 15981.464725666858, 15981.464725666858, 15981.464725666858, 15981.464725666858, 15981.464725666858, 15981.464725666858, 15981.464725666858, 15981.464725666858, 15981.464725666858, 15981.464725666858, 15981.464725666858, 15981.464725666858, 15981.464725666858, 15969.53526821021, 15969.53526821021, 15969.53526821021, 15969.53526821021, 15969.53526821021, 15969.53526821021, 15969.53526821021, 15969.53526821021, 15969.53526821021, 15969.53526821021, 15969.53526821021, 15969.53526821021, 15969.53526821021, 15969.53526821021, 15969.53526821021, 15969.53526821021, 15858.827529377882, 15858.827529377882, 15858.827529377882, 15858.827529377882, 15858.827529377882, 15858.827529377882, 15858.827529377882, 15858.827529377882, 15783.703446368374, 15783.703446368374, 15783.703446368374, 15783.703446368374, 15783.703446368374, 15783.703446368374, 15783.703446368374, 15783.703446368374, 15783.703446368374, 15783.703446368374, 15783.703446368374, 15783.703446368374, 15783.703446368374, 15783.703446368374, 15781.232802527604, 15781.232802527604, 15781.232802527604, 15781.232802527604, 15781.232802527604, 15781.232802527604, 15781.232802527604, 15781.232802527604, 15781.232802527604, 15781.232802527604, 15777.928918618862, 15777.928918618862, 15777.928918618862, 15777.928918618862, 15777.928918618862, 15758.034783813913, 15758.034783813913, 15758.034783813913, 15758.034783813913, 15758.034783813913, 15758.034783813913, 15758.034783813913, 15758.034783813913, 15758.034783813913, 15758.034783813913, 15758.034783813913, 15758.034783813913, 15758.034783813913, 15758.034783813913, 15758.034783813913, 15758.034783813913, 15758.034783813913, 15758.034783813913, 15758.034783813913, 15758.034783813913, 15758.034783813913, 15758.034783813913, 15704.80042271235, 15704.80042271235, 15704.80042271235, 15704.80042271235, 15704.80042271235, 15704.80042271235, 15704.80042271235, 15704.80042271235, 15704.80042271235, 15704.80042271235, 15704.80042271235, 15704.80042271235, 15704.80042271235, 15704.80042271235, 15704.80042271235, 15695.551315029406, 15695.551315029406, 15695.551315029406, 15695.551315029406, 15695.551315029406, 15695.551315029406, 15695.551315029406, 15695.551315029406, 15695.551315029406, 15695.551315029406, 15695.551315029406, 15695.551315029406, 15695.551315029406, 15695.551315029406, 15695.551315029406, 15695.551315029406, 15695.551315029406, 15695.551315029406, 15695.551315029406, 15695.551315029406, 15695.551315029406, 15695.551315029406, 15695.551315029406, 15695.551315029406, 15695.551315029406, 15695.551315029406, 15695.551315029406, 15695.551315029406, 15695.551315029406, 15695.551315029406, 15695.551315029406, 15695.551315029406, 15695.551315029406, 15695.551315029406, 15695.551315029406, 15695.551315029406, 15695.551315029406, 15693.087546459668, 15693.087546459668, 15693.087546459668, 15693.087546459668, 15693.087546459668, 15693.087546459668, 15693.087546459668, 15693.087546459668, 15693.087546459668, 15693.087546459668, 15693.087546459668, 15693.087546459668, 15693.087546459668, 15693.087546459668, 15693.087546459668, 15693.087546459668, 15693.087546459668, 15693.087546459668, 15693.087546459668, 15693.087546459668, 15693.087546459668, 15693.087546459668, 15693.087546459668, 15693.087546459668, 15693.087546459668, 15693.087546459668, 15693.087546459668, 15693.087546459668, 15693.087546459668, 15693.087546459668, 15693.087546459668, 15693.087546459668, 15693.087546459668, 15693.087546459668, 15693.087546459668, 15693.087546459668, 15693.087546459668, 15693.087546459668, 15693.087546459668, 15693.087546459668, 15693.087546459668, 15693.087546459668, 15693.087546459668, 15693.087546459668, 15693.087546459668, 15693.087546459668, 15693.087546459668, 15693.087546459668, 15693.087546459668, 15693.087546459668, 15693.087546459668, 15693.087546459668, 15693.087546459668, 15685.739054621463, 15685.739054621463, 15685.739054621463, 15685.739054621463, 15685.739054621463, 15685.739054621463, 15685.739054621463, 15685.739054621463, 15685.739054621463, 15685.739054621463, 15685.739054621463, 15685.739054621463, 15685.739054621463, 15685.739054621463, 15685.739054621463, 15685.739054621463, 15685.739054621463, 15685.739054621463, 15685.739054621463, 15685.739054621463, 15685.739054621463, 15685.739054621463, 15685.739054621463, 15685.739054621463, 15685.739054621463, 15685.739054621463, 15685.739054621463, 15685.739054621463, 15685.739054621463, 15685.739054621463, 15685.739054621463, 15685.739054621463, 15685.739054621463, 15685.739054621463, 15685.739054621463, 15685.739054621463, 15685.739054621463, 15685.739054621463, 15685.739054621463, 15685.739054621463, 15685.739054621463, 15685.739054621463, 15685.739054621463, 15685.739054621463, 15685.739054621463, 15685.739054621463, 15685.739054621463, 15685.739054621463, 15685.739054621463, 15685.739054621463, 15685.739054621463, 15685.739054621463, 15685.739054621463, 15685.739054621463, 15685.739054621463, 15685.739054621463, 15685.739054621463, 15685.739054621463, 15685.739054621463, 15685.739054621463, 15685.739054621463, 15685.739054621463, 15685.739054621463, 15685.739054621463, 15685.739054621463, 15685.739054621463, 15685.739054621463, 15685.739054621463, 15685.739054621463, 15685.739054621463, 15685.739054621463, 15685.739054621463, 15685.739054621463, 15685.739054621463, 15685.739054621463, 15685.739054621463, 15685.739054621463, 15685.739054621463, 15685.739054621463, 15685.739054621463, 15685.739054621463, 15685.739054621463, 15685.739054621463, 15685.739054621463, 15685.739054621463, 15685.739054621463, 15685.739054621463, 15685.739054621463, 15685.739054621463, 15685.739054621463, 15685.739054621463, 15685.739054621463, 15685.739054621463, 15685.739054621463, 15685.739054621463, 15685.739054621463, 15685.739054621463, 15685.739054621463, 15685.739054621463, 15685.739054621463, 15685.739054621463, 15685.739054621463, 15685.739054621463, 15685.739054621463, 15685.739054621463, 15685.739054621463, 15685.739054621463, 15685.739054621463, 15685.739054621463, 15685.739054621463, 15685.739054621463, 15685.739054621463, 15685.739054621463, 15685.739054621463, 15685.739054621463, 15685.739054621463, 15685.739054621463, 15685.739054621463, 15685.739054621463, 15685.739054621463, 15685.739054621463, 15685.739054621463, 15685.739054621463, 15685.739054621463, 15685.739054621463, 15685.739054621463, 15685.739054621463, 15685.739054621463, 15685.739054621463, 15685.739054621463, 15685.739054621463, 15685.739054621463, 15685.739054621463, 15685.739054621463, 15685.739054621463, 15685.739054621463, 15685.739054621463, 15685.739054621463, 15685.739054621463, 15685.739054621463, 15685.739054621463, 15685.739054621463, 15685.739054621463, 15685.739054621463, 15685.739054621463, 15685.739054621463, 15685.739054621463, 15685.739054621463, 15685.739054621463, 15685.739054621463, 15685.739054621463, 15685.739054621463, 15685.739054621463, 15685.739054621463, 15685.739054621463, 15685.739054621463, 15685.739054621463, 15685.739054621463, 15685.739054621463, 15685.739054621463, 15685.739054621463, 15685.739054621463, 15685.739054621463, 15685.739054621463, 15685.739054621463, 15685.739054621463, 15685.739054621463, 15685.739054621463, 15685.739054621463, 15685.739054621463, 15685.739054621463, 15685.739054621463, 15685.739054621463, 15685.739054621463, 15685.739054621463, 15685.739054621463, 15685.739054621463, 15685.739054621463, 15683.275286051725, 15683.275286051725, 15683.275286051725, 15683.275286051725, 15683.275286051725, 15683.275286051725, 15683.275286051725, 15683.275286051725, 15683.275286051725, 15683.275286051725, 15683.275286051725, 15683.275286051725, 15683.275286051725, 15683.275286051725, 15683.275286051725, 15683.275286051725, 15683.275286051725, 15683.275286051725, 15683.275286051725, 15683.275286051725, 15683.275286051725, 15683.275286051725, 15683.275286051725, 15683.275286051725, 15683.275286051725, 15683.275286051725, 15683.275286051725, 15683.275286051725, 15683.275286051725, 15683.275286051725, 15683.275286051725, 15683.275286051725, 15683.275286051725, 15683.275286051725, 15683.275286051725, 15683.275286051725, 15683.275286051725, 15683.275286051725, 15683.275286051725, 15683.275286051725, 15683.275286051725, 15683.275286051725, 15683.275286051725, 15683.275286051725, 15683.275286051725, 15683.275286051725, 15683.275286051725, 15683.275286051725, 15683.275286051725, 15683.275286051725, 15683.275286051725, 15683.275286051725, 15683.275286051725, 15683.275286051725, 15683.275286051725, 15683.275286051725, 15683.275286051725, 15683.275286051725, 15683.275286051725, 15683.275286051725, 15683.275286051725, 15683.275286051725, 15683.275286051725, 15683.275286051725, 15683.275286051725, 15683.275286051725, 15683.275286051725, 15683.275286051725, 15683.275286051725, 15683.275286051725, 15683.275286051725, 15683.275286051725, 15683.275286051725, 15683.275286051725, 15683.275286051725, 15683.275286051725, 15683.275286051725, 15683.275286051725, 15683.275286051725, 15683.275286051725, 15683.275286051725, 15683.275286051725, 15683.275286051725, 15683.275286051725, 15683.275286051725, 15683.275286051725, 15683.275286051725, 15683.275286051725, 15683.275286051725, 15683.275286051725, 15683.275286051725, 15683.275286051725, 15683.275286051725, 15683.275286051725, 15683.275286051725, 15683.275286051725, 15683.275286051725, 15683.275286051725, 15683.275286051725, 15683.275286051725, 15683.275286051725, 15683.275286051725, 15683.275286051725, 15683.275286051725, 15683.275286051725, 15683.275286051725, 15683.275286051725, 15683.275286051725, 15683.275286051725, 15683.275286051725, 15683.275286051725, 15683.275286051725, 15683.275286051725, 15683.275286051725, 15683.275286051725, 15683.275286051725, 15683.275286051725, 15683.275286051725, 15683.275286051725, 15683.275286051725, 15683.275286051725, 15683.275286051725, 15683.275286051725, 15683.275286051725, 15683.275286051725, 15683.275286051725, 15683.275286051725, 15683.275286051725, 15683.275286051725, 15683.275286051725, 15683.275286051725, 15683.275286051725, 15683.275286051725, 15683.275286051725, 15683.275286051725, 15683.275286051725, 15683.275286051725, 15683.275286051725, 15683.275286051725, 15683.275286051725, 15683.275286051725, 15683.275286051725, 15683.275286051725, 15683.275286051725, 15683.275286051725, 15683.275286051725, 15683.275286051725, 15683.275286051725, 15683.275286051725, 15683.275286051725, 15683.275286051725, 15683.275286051725, 15683.275286051725, 15683.275286051725, 15683.275286051725, 15683.275286051725, 15683.275286051725, 15683.275286051725, 15683.275286051725, 15683.275286051725, 15683.275286051725, 15683.275286051725, 15683.275286051725, 15683.275286051725, 15683.275286051725, 15683.275286051725, 15683.275286051725, 15683.275286051725, 15683.275286051725, 15683.275286051725, 15683.275286051725, 15683.275286051725, 15683.275286051725, 15683.275286051725, 15683.275286051725, 15683.275286051725, 15683.275286051725, 15683.275286051725, 15683.275286051725, 15683.275286051725, 15683.275286051725, 15683.275286051725, 15683.275286051725, 15683.275286051725, 15683.275286051725, 15683.275286051725, 15683.275286051725, 15683.275286051725, 15683.275286051725, 15683.275286051725, 15683.275286051725, 15683.275286051725, 15683.275286051725, 15683.275286051725, 15683.275286051725, 15683.275286051725, 15683.275286051725, 15683.275286051725, 15683.275286051725, 15683.275286051725, 15683.275286051725, 15683.275286051725, 15683.275286051725, 15683.275286051725, 15683.275286051725, 15683.275286051725, 15683.275286051725, 15683.275286051725, 15683.275286051725, 15683.275286051725, 15683.275286051725, 15683.275286051725, 15683.275286051725, 15683.275286051725, 15683.275286051725, 15683.275286051725, 15683.275286051725, 15683.275286051725, 15683.275286051725, 15683.275286051725, 15683.275286051725, 15683.275286051725, 15683.275286051725, 15683.275286051725, 15683.275286051725, 15683.275286051725, 15683.275286051725, 15683.275286051725, 15683.275286051725, 15683.275286051725, 15683.275286051725, 15683.275286051725, 15683.275286051725, 15640.502193344328, 15640.502193344328, 15640.502193344328, 15640.502193344328, 15640.502193344328, 15640.502193344328, 15640.502193344328, 15640.502193344328, 15640.502193344328, 15640.502193344328, 15640.502193344328, 15640.502193344328, 15640.502193344328, 15640.502193344328, 15640.502193344328, 15640.502193344328, 15640.502193344328, 15640.502193344328, 15640.502193344328, 15640.502193344328, 15640.502193344328, 15640.502193344328, 15640.502193344328, 15640.502193344328, 15640.502193344328, 15640.502193344328, 15640.502193344328, 15640.502193344328, 15640.502193344328, 15640.502193344328, 15640.502193344328, 15640.502193344328, 15640.502193344328, 15640.502193344328, 15640.502193344328, 15640.502193344328, 15640.502193344328, 15640.502193344328, 15640.502193344328, 15640.502193344328, 15640.502193344328, 15640.502193344328, 15640.502193344328, 15640.502193344328, 15640.502193344328, 15640.502193344328, 15640.502193344328, 15640.502193344328, 15640.502193344328, 15640.502193344328, 15640.502193344328, 15640.502193344328, 15640.502193344328, 15640.502193344328, 15640.502193344328, 15640.502193344328, 15640.502193344328, 15640.502193344328, 15640.502193344328, 15640.502193344328, 15640.502193344328, 15640.502193344328, 15640.502193344328, 15640.502193344328, 15640.502193344328, 15640.502193344328, 15640.502193344328, 15640.502193344328, 15640.502193344328, 15640.502193344328, 15640.502193344328, 15640.502193344328, 15640.502193344328, 15640.502193344328, 15640.502193344328, 15640.502193344328, 15640.502193344328, 15640.502193344328, 15640.502193344328, 15640.502193344328, 15640.502193344328, 15640.502193344328, 15640.502193344328, 15640.502193344328, 15640.502193344328, 15640.502193344328, 15640.502193344328, 15640.502193344328, 15640.502193344328, 15640.502193344328, 15640.502193344328, 15640.502193344328, 15640.502193344328, 15640.502193344328, 15640.502193344328, 15640.502193344328, 15640.502193344328, 15640.502193344328, 15640.502193344328, 15640.502193344328, 15640.502193344328, 15640.502193344328, 15640.502193344328, 15640.502193344328, 15640.502193344328, 15640.502193344328, 15640.502193344328, 15640.502193344328, 15640.502193344328, 15640.502193344328, 15640.502193344328, 15640.502193344328, 15640.502193344328, 15640.502193344328, 15640.502193344328, 15640.502193344328, 15640.502193344328, 15640.502193344328, 15640.502193344328, 15640.502193344328, 15640.502193344328, 15640.502193344328, 15640.502193344328, 15640.502193344328, 15640.502193344328, 15640.502193344328, 15640.502193344328, 15640.502193344328, 15640.502193344328, 15640.502193344328, 15640.502193344328, 15640.502193344328, 15640.502193344328, 15640.502193344328, 15640.502193344328, 15640.502193344328, 15640.502193344328, 15640.502193344328, 15640.502193344328, 15640.502193344328, 15640.502193344328, 15640.502193344328, 15640.502193344328, 15640.502193344328, 15640.502193344328, 15640.502193344328, 15640.502193344328, 15640.502193344328, 15640.502193344328, 15640.502193344328, 15640.502193344328, 15640.502193344328, 15640.502193344328, 15640.502193344328, 15640.502193344328, 15640.502193344328, 15640.502193344328, 15640.502193344328, 15640.502193344328, 15640.502193344328, 15640.502193344328, 15640.502193344328, 15640.502193344328, 15640.502193344328, 15640.502193344328, 15640.502193344328, 15640.502193344328, 15640.502193344328, 15640.502193344328, 15640.502193344328, 15640.502193344328, 15640.502193344328, 15640.502193344328, 15640.502193344328, 15640.502193344328, 15640.502193344328, 15640.502193344328, 15640.502193344328, 15640.502193344328, 15640.502193344328, 15640.502193344328, 15640.502193344328, 15640.502193344328, 15640.502193344328, 15640.502193344328, 15640.502193344328, 15640.502193344328, 15640.502193344328, 15640.502193344328, 15640.502193344328, 15640.502193344328, 15640.502193344328, 15640.502193344328, 15640.502193344328, 15640.502193344328, 15640.502193344328, 15640.502193344328, 15640.502193344328, 15640.502193344328, 15640.502193344328, 15640.502193344328, 15640.502193344328, 15640.502193344328, 15640.502193344328, 15640.502193344328, 15640.502193344328, 15640.502193344328, 15640.502193344328, 15640.502193344328, 15640.502193344328, 15640.502193344328, 15640.502193344328, 15640.502193344328, 15640.502193344328, 15640.502193344328, 15640.502193344328, 15640.502193344328, 15640.502193344328, 15640.502193344328, 15640.502193344328, 15640.502193344328, 15640.502193344328, 15640.502193344328, 15640.502193344328, 15640.502193344328, 15640.502193344328, 15640.502193344328, 15640.502193344328, 15640.502193344328, 15640.502193344328, 15640.502193344328, 15640.502193344328, 15640.502193344328, 15640.502193344328, 15640.502193344328, 15640.502193344328, 15640.502193344328, 15640.502193344328, 15640.502193344328, 15640.502193344328, 15640.502193344328, 15640.502193344328, 15640.502193344328, 15640.502193344328, 15640.502193344328, 15640.502193344328, 15640.502193344328, 15640.502193344328, 15640.502193344328, 15640.502193344328, 15640.502193344328, 15640.502193344328, 15640.502193344328, 15640.502193344328, 15640.502193344328, 15640.502193344328, 15640.502193344328, 15640.502193344328, 15640.502193344328, 15640.502193344328, 15640.502193344328, 15640.502193344328, 15640.502193344328, 15640.502193344328, 15640.502193344328, 15640.502193344328, 15640.502193344328, 15640.502193344328, 15640.502193344328, 15640.502193344328, 15640.502193344328, 15640.502193344328, 15640.502193344328, 15640.502193344328, 15640.502193344328, 15640.502193344328, 15640.502193344328, 15640.502193344328, 15640.502193344328, 15640.502193344328, 15640.502193344328, 15640.502193344328, 15640.502193344328, 15640.502193344328, 15640.502193344328, 15640.502193344328, 15640.502193344328, 15640.502193344328, 15640.502193344328, 15640.502193344328, 15640.502193344328, 15640.502193344328, 15640.502193344328, 15640.502193344328, 15640.502193344328, 15640.502193344328, 15640.502193344328, 15640.502193344328, 15640.502193344328, 15640.502193344328, 15640.502193344328, 15640.502193344328, 15640.502193344328, 15640.502193344328, 15640.502193344328, 15640.502193344328, 15640.502193344328, 15640.502193344328, 15640.502193344328, 15640.502193344328, 15640.502193344328, 15640.502193344328, 15640.502193344328, 15640.502193344328, 15640.502193344328, 15640.502193344328, 15640.502193344328, 15640.502193344328, 15640.502193344328, 15640.502193344328, 15640.502193344328, 15640.502193344328, 15640.502193344328, 15640.502193344328, 15640.502193344328, 15640.502193344328, 15640.502193344328, 15640.502193344328, 15640.502193344328, 15640.502193344328, 15640.502193344328, 15640.502193344328, 15640.502193344328, 15640.502193344328, 15640.502193344328, 15640.502193344328, 15640.502193344328, 15640.502193344328, 15640.502193344328, 15640.502193344328, 15640.502193344328, 15640.502193344328, 15640.502193344328, 15640.502193344328, 15640.502193344328, 15640.502193344328, 15640.502193344328, 15640.502193344328, 15640.502193344328, 15640.502193344328, 15640.502193344328, 15640.502193344328, 15640.502193344328, 15640.502193344328, 15640.502193344328, 15640.502193344328, 15640.502193344328, 15640.502193344328, 15640.502193344328, 15640.502193344328, 15640.502193344328, 15640.502193344328, 15640.502193344328, 15640.502193344328, 15640.502193344328, 15640.502193344328, 15640.502193344328, 15640.502193344328, 15640.502193344328, 15640.502193344328, 15640.502193344328, 15640.502193344328, 15640.502193344328, 15640.502193344328, 15640.502193344328, 15640.502193344328, 15640.502193344328, 15640.502193344328, 15640.502193344328, 15640.502193344328, 15640.502193344328, 15640.502193344328, 15640.502193344328, 15640.502193344328, 15640.502193344328, 15640.502193344328, 15640.502193344328, 15640.502193344328, 15640.502193344328, 15640.502193344328, 15640.502193344328, 15640.502193344328, 15640.502193344328, 15640.502193344328, 15640.502193344328, 15640.502193344328, 15640.502193344328, 15640.502193344328, 15640.502193344328, 15640.502193344328, 15640.502193344328, 15640.502193344328, 15640.502193344328, 15640.502193344328, 15640.502193344328, 15640.502193344328, 15640.502193344328, 15640.502193344328, 15640.502193344328, 15640.502193344328, 15640.502193344328, 15640.502193344328, 15640.502193344328, 15640.502193344328, 15640.502193344328, 15640.502193344328, 15640.502193344328, 15640.502193344328, 15640.502193344328, 15640.502193344328, 15640.502193344328, 15640.502193344328, 15640.502193344328, 15640.502193344328, 15640.502193344328, 15640.502193344328, 15640.502193344328, 15640.502193344328, 15640.502193344328, 15640.502193344328, 15640.502193344328, 15640.502193344328, 15640.502193344328, 15640.502193344328, 15640.502193344328, 15640.502193344328, 15640.502193344328, 15640.502193344328, 15640.502193344328, 15640.502193344328, 15640.502193344328, 15640.502193344328, 15640.502193344328, 15640.502193344328, 15640.502193344328, 15640.502193344328, 15640.502193344328, 15640.502193344328, 15640.502193344328, 15640.502193344328, 15640.502193344328, 15640.502193344328, 15640.502193344328, 15640.502193344328, 15640.502193344328, 15640.502193344328, 15640.502193344328, 15640.502193344328, 15640.502193344328, 15640.502193344328, 15640.502193344328, 15640.502193344328, 15640.502193344328, 15640.502193344328, 15640.502193344328, 15640.502193344328, 15640.502193344328, 15640.502193344328, 15640.502193344328, 15640.502193344328, 15640.502193344328, 15640.502193344328, 15640.502193344328, 15640.502193344328, 15640.502193344328, 15640.502193344328, 15640.502193344328, 15640.502193344328, 15640.502193344328, 15640.502193344328, 15640.502193344328, 15640.502193344328, 15640.502193344328, 15640.502193344328, 15640.502193344328, 15640.502193344328, 15640.502193344328, 15640.502193344328, 15640.502193344328, 15640.502193344328, 15640.502193344328, 15640.502193344328, 15640.502193344328, 15640.502193344328, 15640.502193344328, 15640.502193344328, 15640.502193344328, 15640.502193344328, 15640.502193344328, 15640.502193344328, 15640.502193344328, 15640.502193344328, 15640.502193344328, 15640.502193344328, 15640.502193344328, 15640.502193344328, 15640.502193344328, 15640.502193344328, 15640.502193344328, 15640.502193344328, 15640.502193344328, 15640.502193344328, 15640.502193344328, 15640.502193344328, 15640.502193344328, 15640.502193344328, 15640.502193344328, 15640.502193344328, 15640.502193344328, 15640.502193344328, 15640.502193344328, 15640.502193344328, 15640.502193344328, 15640.502193344328, 15640.502193344328, 15640.502193344328, 15640.502193344328, 15640.502193344328, 15640.502193344328, 15640.502193344328, 15640.502193344328, 15640.502193344328, 15640.502193344328, 15640.502193344328, 15640.502193344328, 15640.502193344328, 15640.502193344328, 15640.502193344328, 15640.502193344328, 15640.502193344328, 15640.502193344328, 15640.502193344328, 15640.502193344328, 15640.502193344328, 15640.502193344328, 15640.502193344328, 15640.502193344328, 15640.502193344328, 15640.502193344328, 15640.502193344328, 15640.502193344328, 15640.502193344328, 15640.502193344328, 15640.502193344328, 15640.502193344328, 15640.502193344328, 15640.502193344328, 15640.502193344328, 15640.502193344328, 15640.502193344328, 15640.502193344328, 15640.502193344328, 15640.502193344328, 15640.502193344328, 15640.502193344328, 15640.502193344328, 15640.502193344328, 15640.502193344328, 15640.502193344328, 15640.502193344328, 15640.502193344328, 15640.502193344328, 15640.502193344328, 15640.502193344328, 15640.502193344328, 15640.502193344328, 15640.502193344328, 15640.502193344328, 15640.502193344328, 15640.502193344328, 15640.502193344328, 15640.502193344328, 15640.502193344328, 15640.502193344328, 15640.502193344328, 15640.502193344328, 15640.502193344328, 15640.502193344328, 15640.502193344328, 15640.502193344328, 15640.502193344328, 15640.502193344328, 15640.502193344328, 15640.502193344328, 15640.502193344328, 15640.502193344328, 15640.502193344328, 15640.502193344328, 15640.502193344328, 15640.502193344328, 15640.502193344328, 15640.502193344328, 15640.502193344328, 15640.502193344328, 15640.502193344328, 15640.502193344328, 15640.502193344328, 15640.502193344328, 15640.502193344328, 15640.502193344328, 15640.502193344328, 15640.502193344328, 15640.502193344328, 15640.502193344328, 15640.502193344328, 15640.502193344328, 15640.502193344328, 15640.502193344328, 15640.502193344328, 15640.502193344328, 15640.502193344328, 15640.502193344328, 15640.502193344328, 15640.502193344328, 15640.502193344328, 15640.502193344328, 15640.502193344328, 15640.502193344328, 15640.502193344328, 15640.502193344328, 15640.502193344328, 15640.502193344328, 15640.502193344328, 15640.502193344328, 15640.502193344328, 15640.502193344328, 15640.502193344328, 15640.502193344328, 15640.502193344328, 15640.502193344328, 15640.502193344328, 15640.502193344328, 15640.502193344328, 15640.502193344328, 15640.502193344328, 15640.502193344328, 15640.502193344328, 15640.502193344328, 15640.502193344328, 15640.502193344328, 15640.502193344328, 15640.502193344328, 15640.502193344328, 15640.502193344328, 15640.502193344328, 15640.502193344328, 15640.502193344328, 15640.502193344328, 15640.502193344328, 15640.502193344328, 15640.502193344328, 15640.502193344328, 15640.502193344328, 15640.502193344328, 15640.502193344328, 15640.502193344328, 15640.502193344328, 15640.502193344328, 15640.502193344328, 15640.502193344328, 15640.502193344328, 15640.502193344328, 15640.502193344328, 15640.502193344328, 15640.502193344328, 15640.502193344328, 15640.502193344328, 15640.502193344328, 15640.502193344328, 15640.502193344328, 15640.502193344328, 15640.502193344328, 15640.502193344328, 15640.502193344328, 15640.502193344328, 15640.502193344328, 15640.502193344328, 15640.502193344328, 15640.502193344328, 15640.502193344328, 15640.502193344328, 15640.502193344328, 15640.502193344328, 15640.502193344328, 15640.502193344328, 15640.502193344328, 15640.502193344328, 15640.502193344328, 15640.502193344328, 15640.502193344328, 15640.502193344328, 15640.502193344328, 15640.502193344328, 15640.502193344328, 15640.502193344328, 15640.502193344328, 15640.502193344328, 15640.502193344328, 15640.502193344328, 15640.502193344328, 15640.502193344328, 15640.502193344328, 15640.502193344328, 15640.502193344328, 15640.502193344328, 15640.502193344328, 15640.502193344328, 15640.502193344328, 15640.502193344328, 15640.502193344328, 15640.502193344328, 15640.502193344328, 15640.502193344328, 15640.502193344328, 15640.502193344328, 15640.502193344328, 15640.502193344328, 15640.502193344328, 15640.502193344328, 15640.502193344328, 15640.502193344328, 15640.502193344328, 15640.502193344328, 15640.502193344328, 15640.502193344328, 15640.502193344328, 15640.502193344328, 15640.502193344328, 15640.502193344328, 15640.502193344328, 15640.502193344328, 15640.502193344328, 15640.502193344328, 15640.502193344328, 15640.502193344328, 15640.502193344328, 15640.502193344328, 15640.502193344328, 15640.502193344328, 15640.502193344328, 15640.502193344328, 15640.502193344328, 15640.502193344328, 15640.502193344328, 15640.502193344328, 15640.502193344328, 15640.502193344328, 15640.502193344328, 15640.502193344328, 15640.502193344328, 15640.502193344328, 15640.502193344328, 15640.502193344328, 15640.502193344328, 15640.502193344328, 15640.502193344328, 15640.502193344328, 15640.502193344328, 15640.502193344328, 15640.502193344328, 15640.502193344328, 15640.502193344328, 15640.502193344328, 15640.502193344328, 15640.502193344328, 15640.502193344328, 15640.502193344328, 15640.502193344328, 15640.502193344328, 15640.502193344328, 15640.502193344328, 15640.502193344328, 15640.502193344328, 15640.502193344328, 15640.502193344328, 15640.502193344328, 15640.502193344328, 15640.502193344328, 15640.502193344328, 15640.502193344328, 15640.502193344328, 15640.502193344328, 15640.502193344328, 15640.502193344328, 15640.502193344328, 15640.502193344328, 15640.502193344328, 15640.502193344328, 15640.502193344328, 15640.502193344328, 15640.502193344328, 15640.502193344328, 15640.502193344328, 15640.502193344328, 15640.502193344328, 15640.502193344328, 15640.502193344328, 15640.502193344328, 15640.502193344328, 15640.502193344328, 15640.502193344328, 15640.502193344328, 15640.502193344328, 15640.502193344328, 15640.502193344328, 15640.502193344328, 15640.502193344328, 15640.502193344328, 15640.502193344328, 15640.502193344328, 15640.502193344328, 15640.502193344328, 15640.502193344328, 15640.502193344328, 15640.502193344328, 15640.502193344328, 15640.502193344328, 15640.502193344328, 15640.502193344328, 15640.502193344328, 15640.502193344328, 15640.502193344328, 15640.502193344328, 15640.502193344328, 15640.502193344328, 15640.502193344328, 15640.502193344328, 15640.502193344328, 15640.502193344328, 15640.502193344328, 15640.502193344328, 15640.502193344328, 15640.502193344328, 15640.502193344328, 15640.502193344328, 15640.502193344328, 15640.502193344328, 15640.502193344328, 15640.502193344328, 15640.502193344328, 15640.502193344328, 15640.502193344328, 15640.502193344328, 15640.502193344328, 15640.502193344328, 15640.502193344328, 15640.502193344328, 15640.502193344328, 15640.502193344328, 15640.502193344328, 15640.502193344328, 15640.502193344328, 15640.502193344328, 15640.502193344328, 15640.502193344328, 15640.502193344328, 15640.502193344328, 15640.502193344328, 15640.502193344328, 15640.502193344328, 15640.502193344328, 15640.502193344328, 15640.502193344328, 15640.502193344328, 15640.502193344328, 15640.502193344328, 15640.502193344328, 15640.502193344328, 15640.502193344328, 15640.502193344328, 15640.502193344328, 15640.502193344328, 15640.502193344328, 15640.502193344328, 15640.502193344328, 15640.502193344328, 15640.502193344328, 15640.502193344328, 15640.502193344328, 15640.502193344328, 15640.502193344328, 15640.502193344328, 15640.502193344328, 15640.502193344328, 15640.502193344328, 15640.502193344328, 15640.502193344328, 15640.502193344328, 15640.502193344328, 15640.502193344328, 15640.502193344328, 15640.502193344328, 15640.502193344328, 15640.502193344328, 15640.502193344328, 15640.502193344328, 15640.502193344328, 15640.502193344328, 15640.502193344328, 15640.502193344328, 15640.502193344328, 15640.502193344328, 15640.502193344328, 15640.502193344328, 15640.502193344328, 15640.502193344328, 15640.502193344328, 15640.502193344328, 15640.502193344328, 15640.502193344328, 15640.502193344328, 15640.502193344328, 15640.502193344328, 15640.502193344328, 15640.502193344328, 15640.502193344328, 15640.502193344328, 15640.502193344328, 15640.502193344328, 15640.502193344328, 15640.502193344328, 15640.502193344328, 15640.502193344328, 15640.502193344328, 15640.502193344328, 15640.502193344328, 15640.502193344328, 15640.502193344328, 15640.502193344328, 15640.502193344328, 15640.502193344328, 15640.502193344328, 15640.502193344328, 15640.502193344328, 15640.502193344328, 15640.502193344328, 15640.502193344328, 15640.502193344328, 15640.502193344328, 15640.502193344328, 15640.502193344328, 15640.502193344328, 15640.502193344328, 15640.502193344328, 15640.502193344328, 15640.502193344328, 15640.502193344328, 15640.502193344328, 15640.502193344328, 15640.502193344328, 15640.502193344328, 15640.502193344328, 15640.502193344328, 15640.502193344328, 15640.502193344328, 15640.502193344328, 15640.502193344328, 15640.502193344328, 15640.502193344328, 15640.502193344328, 15640.502193344328, 15640.502193344328, 15640.502193344328, 15640.502193344328, 15640.502193344328, 15640.502193344328, 15640.502193344328, 15640.502193344328, 15640.502193344328, 15640.502193344328, 15640.502193344328, 15640.502193344328, 15640.502193344328, 15640.502193344328, 15640.502193344328, 15640.502193344328, 15640.502193344328, 15640.502193344328, 15640.502193344328, 15640.502193344328, 15640.502193344328, 15640.502193344328, 15640.502193344328, 15640.502193344328, 15640.502193344328, 15640.502193344328, 15640.502193344328, 15640.502193344328, 15640.502193344328, 15640.502193344328, 15640.502193344328, 15640.502193344328, 15640.502193344328, 15640.502193344328, 15640.502193344328, 15640.502193344328, 15640.502193344328, 15640.502193344328, 15640.502193344328, 15640.502193344328, 15640.502193344328, 15640.502193344328, 15640.502193344328, 15640.502193344328, 15640.502193344328, 15640.502193344328, 15640.502193344328, 15640.502193344328, 15640.502193344328, 15640.502193344328, 15640.502193344328, 15640.502193344328, 15640.502193344328, 15640.502193344328, 15640.502193344328, 15640.502193344328, 15640.502193344328, 15640.502193344328, 15640.502193344328, 15640.502193344328, 15640.502193344328, 15640.502193344328, 15640.502193344328, 15640.502193344328, 15640.502193344328, 15640.502193344328, 15640.502193344328, 15640.502193344328, 15640.502193344328, 15640.502193344328, 15640.502193344328, 15640.502193344328, 15640.502193344328, 15640.502193344328, 15640.502193344328, 15640.502193344328, 15640.502193344328, 15640.502193344328, 15640.502193344328, 15640.502193344328, 15640.502193344328, 15640.502193344328, 15640.502193344328, 15640.502193344328, 15640.502193344328, 15640.502193344328, 15640.502193344328, 15640.502193344328, 15640.502193344328, 15640.502193344328, 15640.502193344328, 15640.502193344328, 15640.502193344328, 15640.502193344328, 15640.502193344328, 15640.502193344328, 15640.502193344328, 15640.502193344328, 15640.502193344328, 15640.502193344328, 15640.502193344328, 15640.502193344328, 15640.502193344328, 15640.502193344328, 15640.502193344328, 15640.502193344328, 15640.502193344328, 15640.502193344328, 15640.502193344328, 15640.502193344328, 15640.502193344328, 15640.502193344328, 15640.502193344328, 15640.502193344328, 15640.502193344328, 15640.502193344328, 15640.502193344328, 15640.502193344328, 15640.502193344328, 15640.502193344328, 15640.502193344328, 15640.502193344328, 15640.502193344328, 15640.502193344328, 15640.502193344328, 15640.502193344328, 15640.502193344328, 15640.502193344328, 15640.502193344328, 15640.502193344328, 15640.502193344328, 15640.502193344328, 15640.502193344328, 15640.502193344328, 15640.502193344328, 15640.502193344328, 15640.502193344328, 15640.502193344328, 15640.502193344328, 15640.502193344328, 15640.502193344328, 15640.502193344328, 15640.502193344328, 15640.502193344328, 15640.502193344328, 15640.502193344328, 15640.502193344328, 15640.502193344328, 15640.502193344328, 15640.502193344328, 15640.502193344328, 15640.502193344328, 15640.502193344328, 15640.502193344328, 15640.502193344328, 15640.502193344328, 15640.502193344328, 15640.502193344328, 15640.502193344328, 15640.502193344328, 15640.502193344328, 15640.502193344328, 15640.502193344328, 15640.502193344328, 15640.502193344328, 15640.502193344328, 15640.502193344328, 15640.502193344328, 15640.502193344328, 15640.502193344328, 15640.502193344328, 15640.502193344328, 15640.502193344328, 15640.502193344328, 15640.502193344328, 15640.502193344328, 15640.502193344328, 15640.502193344328, 15640.502193344328, 15640.502193344328, 15640.502193344328, 15640.502193344328, 15640.502193344328, 15640.502193344328, 15640.502193344328, 15640.502193344328, 15640.502193344328, 15640.502193344328, 15640.502193344328, 15640.502193344328, 15640.502193344328, 15640.502193344328, 15640.502193344328, 15640.502193344328, 15640.502193344328, 15640.502193344328, 15640.502193344328, 15640.502193344328, 15640.502193344328, 15640.502193344328, 15640.502193344328, 15640.502193344328, 15640.502193344328, 15640.502193344328, 15640.502193344328, 15640.502193344328, 15640.502193344328, 15640.502193344328, 15640.502193344328, 15640.502193344328, 15640.502193344328, 15640.502193344328, 15640.502193344328, 15640.502193344328, 15640.502193344328, 15640.502193344328, 15640.502193344328, 15640.502193344328, 15640.502193344328, 15640.502193344328, 15640.502193344328, 15640.502193344328, 15640.502193344328, 15640.502193344328, 15640.502193344328, 15640.502193344328, 15640.502193344328, 15640.502193344328, 15640.502193344328, 15640.502193344328, 15640.502193344328, 15640.502193344328, 15640.502193344328, 15640.502193344328, 15640.502193344328, 15640.502193344328, 15640.502193344328, 15640.502193344328, 15640.502193344328, 15640.502193344328, 15640.502193344328, 15640.502193344328, 15640.502193344328, 15640.502193344328, 15640.502193344328, 15640.502193344328, 15640.502193344328, 15640.502193344328, 15640.502193344328, 15640.502193344328, 15640.502193344328, 15640.502193344328, 15640.502193344328, 15640.502193344328, 15640.502193344328, 15640.502193344328, 15640.502193344328, 15640.502193344328, 15640.502193344328, 15640.502193344328, 15640.502193344328, 15640.502193344328, 15640.502193344328, 15640.502193344328, 15640.502193344328, 15640.502193344328, 15640.502193344328, 15640.502193344328, 15640.502193344328, 15640.502193344328, 15640.502193344328, 15640.502193344328, 15640.502193344328, 15640.502193344328, 15640.502193344328, 15640.502193344328, 15640.502193344328, 15640.502193344328, 15640.502193344328, 15640.502193344328, 15640.502193344328, 15640.502193344328, 15640.502193344328, 15640.502193344328, 15640.502193344328, 15640.502193344328, 15640.502193344328, 15640.502193344328, 15640.502193344328, 15640.502193344328, 15640.502193344328, 15640.502193344328, 15640.502193344328, 15640.502193344328, 15640.502193344328, 15640.502193344328, 15640.502193344328, 15640.502193344328, 15640.502193344328, 15640.502193344328, 15640.502193344328, 15640.502193344328, 15640.502193344328, 15640.502193344328, 15640.502193344328, 15640.502193344328, 15640.502193344328, 15640.502193344328, 15640.502193344328, 15640.502193344328, 15640.502193344328, 15640.502193344328, 15640.502193344328, 15640.502193344328, 15640.502193344328, 15640.502193344328, 15640.502193344328, 15640.502193344328, 15640.502193344328, 15640.502193344328, 15640.502193344328, 15640.502193344328, 15640.502193344328, 15640.502193344328, 15640.502193344328, 15640.502193344328, 15640.502193344328, 15640.502193344328, 15640.502193344328, 15640.502193344328, 15640.502193344328, 15640.502193344328, 15640.502193344328, 15640.502193344328, 15640.502193344328, 15640.502193344328, 15640.502193344328, 15640.502193344328, 15640.502193344328, 15640.502193344328, 15640.502193344328, 15640.502193344328, 15640.502193344328, 15640.502193344328, 15640.502193344328, 15640.502193344328, 15640.502193344328, 15640.502193344328, 15640.502193344328, 15640.502193344328, 15640.502193344328, 15640.502193344328, 15640.502193344328, 15640.502193344328, 15640.502193344328, 15640.502193344328, 15640.502193344328, 15640.502193344328, 15640.502193344328, 15640.502193344328, 15640.502193344328, 15640.502193344328, 15640.502193344328, 15640.502193344328, 15640.502193344328, 15640.502193344328, 15640.502193344328, 15640.502193344328, 15640.502193344328, 15640.502193344328, 15640.502193344328, 15640.502193344328, 15640.502193344328, 15640.502193344328, 15640.502193344328, 15640.502193344328, 15640.502193344328, 15640.502193344328, 15640.502193344328, 15640.502193344328, 15640.502193344328, 15640.502193344328, 15640.502193344328, 15640.502193344328, 15640.502193344328, 15640.502193344328, 15640.502193344328, 15640.502193344328, 15640.502193344328, 15640.502193344328, 15640.502193344328, 15640.502193344328, 15640.502193344328, 15640.502193344328, 15640.502193344328, 15640.502193344328, 15640.502193344328, 15640.502193344328, 15640.502193344328, 15640.502193344328, 15640.502193344328, 15640.502193344328, 15640.502193344328, 15640.502193344328, 15640.502193344328, 15640.502193344328, 15640.502193344328, 15640.502193344328, 15640.502193344328, 15640.502193344328, 15640.502193344328, 15640.502193344328, 15640.502193344328, 15640.502193344328, 15640.502193344328, 15640.502193344328, 15640.502193344328, 15640.502193344328, 15640.502193344328, 15640.502193344328, 15640.502193344328, 15640.502193344328, 15640.502193344328, 15640.502193344328, 15640.502193344328, 15640.502193344328, 15640.502193344328, 15640.502193344328, 15640.502193344328, 15640.502193344328, 15640.502193344328, 15640.502193344328, 15640.502193344328, 15640.502193344328, 15640.502193344328, 15640.502193344328, 15640.502193344328, 15640.502193344328, 15640.502193344328, 15640.502193344328, 15640.502193344328, 15640.502193344328, 15640.502193344328, 15640.502193344328, 15640.502193344328, 15640.502193344328, 15640.502193344328, 15640.502193344328, 15640.502193344328, 15640.502193344328, 15640.502193344328, 15640.502193344328, 15640.502193344328, 15640.502193344328, 15640.502193344328, 15640.502193344328, 15640.502193344328, 15640.502193344328, 15640.502193344328, 15640.502193344328, 15640.502193344328, 15640.502193344328, 15640.502193344328, 15640.502193344328, 15640.502193344328, 15640.502193344328, 15640.502193344328, 15640.502193344328, 15640.502193344328, 15640.502193344328, 15640.502193344328, 15640.502193344328, 15640.502193344328, 15640.502193344328, 15640.502193344328, 15640.502193344328, 15640.502193344328, 15640.502193344328, 15640.502193344328, 15640.502193344328, 15640.502193344328, 15640.502193344328, 15640.502193344328, 15640.502193344328, 15640.502193344328, 15640.502193344328, 15640.502193344328, 15640.502193344328, 15640.502193344328, 15640.502193344328, 15640.502193344328, 15640.502193344328, 15640.502193344328, 15640.502193344328, 15640.502193344328, 15640.502193344328, 15640.502193344328, 15640.502193344328, 15640.502193344328, 15640.502193344328, 15640.502193344328, 15640.502193344328, 15640.502193344328, 15640.502193344328, 15640.502193344328, 15640.502193344328, 15640.502193344328, 15640.502193344328, 15640.502193344328, 15640.502193344328, 15640.502193344328, 15640.502193344328, 15640.502193344328, 15640.502193344328, 15640.502193344328, 15640.502193344328, 15640.502193344328, 15640.502193344328, 15640.502193344328, 15640.502193344328, 15640.502193344328, 15640.502193344328, 15640.502193344328, 15640.502193344328, 15640.502193344328, 15640.502193344328, 15640.502193344328, 15640.502193344328, 15640.502193344328, 15640.502193344328, 15640.502193344328, 15640.502193344328, 15640.502193344328, 15640.502193344328, 15640.502193344328, 15640.502193344328, 15640.502193344328, 15640.502193344328, 15640.502193344328, 15640.502193344328, 15640.502193344328, 15640.502193344328, 15640.502193344328, 15640.502193344328, 15640.502193344328, 15640.502193344328, 15640.502193344328, 15640.502193344328, 15640.502193344328, 15640.502193344328, 15640.502193344328, 15640.502193344328, 15640.502193344328, 15640.502193344328, 15640.502193344328, 15640.502193344328, 15640.502193344328, 15640.502193344328, 15640.502193344328, 15640.502193344328, 15640.502193344328, 15640.502193344328, 15640.502193344328, 15640.502193344328, 15640.502193344328, 15640.502193344328, 15640.502193344328, 15640.502193344328, 15640.502193344328, 15640.502193344328, 15640.502193344328, 15640.502193344328, 15640.502193344328, 15640.502193344328, 15640.502193344328, 15640.502193344328, 15640.502193344328, 15640.502193344328, 15640.502193344328, 15640.502193344328, 15640.502193344328, 15640.502193344328, 15640.502193344328, 15640.502193344328, 15640.502193344328, 15640.502193344328, 15640.502193344328, 15640.502193344328, 15640.502193344328, 15640.502193344328, 15640.502193344328, 15640.502193344328, 15640.502193344328, 15640.502193344328, 15640.502193344328, 15640.502193344328, 15640.502193344328, 15640.502193344328, 15640.502193344328, 15640.502193344328, 15640.502193344328, 15640.502193344328, 15640.502193344328, 15640.502193344328, 15640.502193344328, 15640.502193344328, 15640.502193344328, 15640.502193344328, 15640.502193344328, 15640.502193344328, 15640.502193344328, 15640.502193344328, 15640.502193344328, 15640.502193344328, 15640.502193344328, 15640.502193344328, 15640.502193344328, 15640.502193344328, 15640.502193344328, 15640.502193344328, 15640.502193344328, 15640.502193344328, 15640.502193344328, 15640.502193344328, 15640.502193344328, 15640.502193344328, 15640.502193344328, 15640.502193344328, 15640.502193344328, 15640.502193344328, 15640.502193344328, 15640.502193344328, 15640.502193344328, 15640.502193344328, 15640.502193344328, 15640.502193344328, 15640.502193344328, 15640.502193344328, 15640.502193344328, 15640.502193344328, 15640.502193344328, 15640.502193344328, 15640.502193344328, 15640.502193344328, 15640.502193344328, 15640.502193344328, 15640.502193344328, 15640.502193344328, 15640.502193344328, 15640.502193344328, 15640.502193344328, 15640.502193344328, 15640.502193344328, 15640.502193344328, 15640.502193344328, 15640.502193344328, 15640.502193344328, 15640.502193344328, 15640.502193344328, 15640.502193344328, 15640.502193344328, 15640.502193344328, 15640.502193344328, 15640.502193344328, 15640.502193344328, 15640.502193344328, 15640.502193344328, 15640.502193344328, 15640.502193344328, 15640.502193344328, 15640.502193344328, 15640.502193344328, 15640.502193344328, 15640.502193344328, 15640.502193344328, 15640.502193344328, 15640.502193344328, 15640.502193344328, 15640.502193344328, 15640.502193344328, 15640.502193344328, 15640.502193344328, 15640.502193344328, 15640.502193344328, 15640.502193344328, 15640.502193344328, 15640.502193344328, 15640.502193344328, 15640.502193344328, 15640.502193344328, 15640.502193344328, 15640.502193344328, 15640.502193344328, 15640.502193344328, 15640.502193344328, 15640.502193344328, 15640.502193344328, 15640.502193344328, 15640.502193344328, 15640.502193344328, 15640.502193344328]
Computational time : 520.008999825