Name : Ahmed ElMousel
Problem : X-n115-k10 
Whale Algorithm 
cost : 13699.8520665
Routes : 
1->3->92->42->17->67->90->33->16->1
1->53->54->79->10->89->83->22->8->64->35->1
1->1
1->47->65->86->75->91->40->68->41->44->69->15->9->84->76->85->113->111->112->1
1->106->28->45->31->115->95->21->102->5->108->96->60->1
1->11->43->100->36->93->58->101->63->55->29->30->51->1
1->73->103->25->99->2->38->72->77->56->81->98->34->62->104->71->14->1
1->24->66->82->12->32->57->37->1
1->105->26->52->23->97->46->13->114->59->78->39->70->27->1
1->18->107->74->87->88->80->48->50->110->19->94->4->1
1->6->109->49->61->7->20->1
best solutions : 
[15478.263730543187, 15419.342430336706, 15419.342430336706, 15282.173026202843, 15128.785998680753, 15128.785998680753, 14917.610381844768, 14824.34385872418, 14824.34385872418, 14824.34385872418, 14824.34385872418, 14804.401177956877, 14804.401177956877, 14804.401177956877, 14753.590984653618, 14753.590984653618, 14753.590984653618, 14738.693636600914, 14738.693636600914, 14725.780880576323, 14725.780880576323, 14725.780880576323, 14725.780880576323, 14725.780880576323, 14638.509630075749, 14638.509630075749, 14638.509630075749, 14638.509630075749, 14638.509630075749, 14638.045007941118, 14614.086442093563, 14614.086442093563, 14554.657358786126, 14554.657358786126, 14554.657358786126, 14554.657358786126, 14554.657358786126, 14498.06631587765, 14498.06631587765, 14498.06631587765, 14498.06631587765, 14498.06631587765, 14498.06631587765, 14498.06631587765, 14481.501408536355, 14481.501408536355, 14481.501408536355, 14481.501408536355, 14481.501408536355, 14481.501408536355, 14481.501408536355, 14481.501408536355, 14470.859395373678, 14470.859395373678, 14470.859395373678, 14442.238520417206, 14442.238520417206, 14442.238520417206, 14442.238520417206, 14442.238520417206, 14442.238520417206, 14442.238520417206, 14442.238520417206, 14442.238520417206, 14442.238520417206, 14442.238520417206, 14442.238520417206, 14442.238520417206, 14442.238520417206, 14442.238520417206, 14442.238520417206, 14442.238520417206, 14442.238520417206, 14442.238520417206, 14442.238520417206, 14442.238520417206, 14442.238520417206, 14442.238520417206, 14442.238520417206, 14394.417202923723, 14394.417202923723, 14394.417202923723, 14394.417202923723, 14394.417202923723, 14394.417202923723, 14394.417202923723, 14394.417202923723, 14394.417202923723, 14394.417202923723, 14394.417202923723, 14394.417202923723, 14394.417202923723, 14394.417202923723, 14394.417202923723, 14394.417202923723, 14394.417202923723, 14363.859161547714, 14363.859161547714, 14363.859161547714, 14363.859161547714, 14363.859161547714, 14359.39885684942, 14356.785356418855, 14354.218754786305, 14354.218754786305, 14354.218754786305, 14354.218754786305, 14354.218754786305, 14354.218754786305, 14354.218754786305, 14354.218754786305, 14354.218754786305, 14354.218754786305, 14354.218754786305, 14354.218754786305, 14354.218754786305, 14354.218754786305, 14354.218754786305, 14347.557444292741, 14347.557444292741, 14347.557444292741, 14347.557444292741, 14347.557444292741, 14347.557444292741, 14330.745637593609, 14330.745637593609, 14330.745637593609, 14330.745637593609, 14330.745637593609, 14330.745637593609, 14330.745637593609, 14330.745637593609, 14330.745637593609, 14330.745637593609, 14330.745637593609, 14330.745637593609, 14330.745637593609, 14330.745637593609, 14330.745637593609, 14290.07955223533, 14290.07955223533, 14290.07955223533, 14269.749461951915, 14269.749461951915, 14269.749461951915, 14269.749461951915, 14269.749461951915, 14269.749461951915, 14269.749461951915, 14269.749461951915, 14269.749461951915, 14269.749461951915, 14269.749461951915, 14269.749461951915, 14266.022381337532, 14266.022381337532, 14264.631597035639, 14264.631597035639, 14264.631597035637, 14239.662429217175, 14239.662429217175, 14223.881746009221, 14223.881746009221, 14223.881746009221, 14223.881746009221, 14223.881746009221, 14223.881746009221, 14223.881746009221, 14223.881746009221, 14223.881746009221, 14223.881746009221, 14223.881746009221, 14223.881746009221, 14223.881746009221, 14223.881746009221, 14223.881746009221, 14188.692960168672, 14188.692960168672, 14188.692960168672, 14188.692960168672, 14188.692960168672, 14188.692960168672, 14188.692960168672, 14188.692960168672, 14188.692960168672, 14188.692960168672, 14188.692960168672, 14188.692960168672, 14188.692960168672, 14166.919723607129, 14166.919723607129, 14166.919723607129, 14166.919723607127, 14166.919723607127, 14166.569976882125, 14162.944751748257, 14162.944751748257, 14162.944751748257, 14162.944751748257, 14162.944751748257, 14162.944751748257, 14162.944751748257, 14162.944751748257, 14162.944751748257, 14162.944751748257, 14162.944751748257, 14162.944751748257, 14162.944751748257, 14162.944751748257, 14162.944751748257, 14162.944751748257, 14162.944751748257, 14162.944751748257, 14162.944751748257, 14162.944751748257, 14162.944751748257, 14159.748820491335, 14159.748820491335, 14159.748820491335, 14159.748820491335, 14159.748820491335, 14159.748820491335, 14159.748820491335, 14159.748820491335, 14159.748820491335, 14104.514208798995, 14104.514208798995, 14104.514208798995, 14097.648824616586, 14097.648824616586, 14097.648824616586, 14097.648824616586, 14097.648824616586, 14097.648824616586, 14097.648824616586, 14069.400284498857, 14069.400284498857, 14069.400284498857, 14069.400284498857, 14069.400284498857, 14069.400284498857, 14069.400284498857, 14069.400284498857, 14046.663949007387, 14046.663949007387, 14046.663949007387, 14046.663949007387, 14046.663949007387, 14046.663949007387, 14046.663949007387, 14046.663949007387, 14046.663949007387, 13954.761480802503, 13954.761480802503, 13954.761480802503, 13954.761480802503, 13954.761480802503, 13954.761480802503, 13954.761480802503, 13954.761480802503, 13954.761480802503, 13954.761480802503, 13954.761480802503, 13954.761480802503, 13954.761480802503, 13954.761480802503, 13954.761480802503, 13954.761480802503, 13954.761480802503, 13954.761480802503, 13954.761480802503, 13954.761480802503, 13954.761480802503, 13954.761480802503, 13954.761480802503, 13954.761480802503, 13954.761480802503, 13954.761480802503, 13954.761480802503, 13954.761480802503, 13954.761480802503, 13954.761480802503, 13954.761480802503, 13954.761480802503, 13954.761480802503, 13954.761480802503, 13954.761480802503, 13954.761480802503, 13954.761480802503, 13954.761480802503, 13954.761480802503, 13954.761480802503, 13954.761480802503, 13954.761480802503, 13954.761480802503, 13954.761480802503, 13954.761480802503, 13954.761480802503, 13954.761480802503, 13954.761480802503, 13954.761480802503, 13954.761480802503, 13954.761480802503, 13954.761480802503, 13954.761480802503, 13954.761480802503, 13954.761480802503, 13954.761480802503, 13954.761480802503, 13893.120456396136, 13893.120456396136, 13893.120456396136, 13893.120456396136, 13893.120456396136, 13893.120456396136, 13893.120456396136, 13893.120456396136, 13893.120456396136, 13893.120456396136, 13893.120456396136, 13893.120456396136, 13893.120456396136, 13893.120456396136, 13893.120456396136, 13893.120456396136, 13893.120456396136, 13893.120456396136, 13893.120456396136, 13893.120456396136, 13893.120456396136, 13893.120456396136, 13893.120456396136, 13893.120456396136, 13893.120456396136, 13893.120456396136, 13893.120456396136, 13893.120456396136, 13893.120456396136, 13893.120456396136, 13893.120456396136, 13887.822870776125, 13887.822870776125, 13887.686982663945, 13887.686982663945, 13887.686982663945, 13887.686982663945, 13887.686982663945, 13887.686982663945, 13876.22973887693, 13876.22973887693, 13876.22973887693, 13876.22973887693, 13876.22973887693, 13876.22973887693, 13876.22973887693, 13876.22973887693, 13876.22973887693, 13876.22973887693, 13876.22973887693, 13876.22973887693, 13876.22973887693, 13876.22973887693, 13876.22973887693, 13876.22973887693, 13876.22973887693, 13876.22973887693, 13876.22973887693, 13876.22973887693, 13876.22973887693, 13876.22973887693, 13876.22973887693, 13876.22973887693, 13876.22973887693, 13876.22973887693, 13876.22973887693, 13876.22973887693, 13876.22973887693, 13876.22973887693, 13876.22973887693, 13876.22973887693, 13876.22973887693, 13876.22973887693, 13876.22973887693, 13876.22973887693, 13876.22973887693, 13876.22973887693, 13876.22973887693, 13876.22973887693, 13876.22973887693, 13876.22973887693, 13876.22973887693, 13876.22973887693, 13876.22973887693, 13876.22973887693, 13876.22973887693, 13876.22973887693, 13876.22973887693, 13876.22973887693, 13876.22973887693, 13876.22973887693, 13876.22973887693, 13876.22973887693, 13876.22973887693, 13876.22973887693, 13876.22973887693, 13876.22973887693, 13876.22973887693, 13876.22973887693, 13876.22973887693, 13876.22973887693, 13876.22973887693, 13876.22973887693, 13876.22973887693, 13876.22973887693, 13876.22973887693, 13876.22973887693, 13876.22973887693, 13876.22973887693, 13876.22973887693, 13876.22973887693, 13876.22973887693, 13876.22973887693, 13876.22973887693, 13876.22973887693, 13876.22973887693, 13876.22973887693, 13876.22973887693, 13876.22973887693, 13876.22973887693, 13876.22973887693, 13876.22973887693, 13876.22973887693, 13875.62346651825, 13875.62346651825, 13875.62346651825, 13875.62346651825, 13875.62346651825, 13868.962156024687, 13868.962156024687, 13868.962156024687, 13868.962156024687, 13868.962156024687, 13868.962156024687, 13868.962156024687, 13868.962156024687, 13868.962156024687, 13868.962156024687, 13868.962156024687, 13868.962156024687, 13868.962156024687, 13868.962156024687, 13868.962156024687, 13868.962156024687, 13868.962156024687, 13868.962156024687, 13868.962156024687, 13868.962156024687, 13868.962156024687, 13868.962156024687, 13868.962156024687, 13868.962156024687, 13868.962156024687, 13868.962156024687, 13868.962156024687, 13868.962156024687, 13868.962156024687, 13868.962156024687, 13868.962156024687, 13868.962156024687, 13868.962156024687, 13868.962156024687, 13868.962156024687, 13868.962156024687, 13868.962156024687, 13868.962156024687, 13868.962156024687, 13868.962156024687, 13868.962156024687, 13868.962156024687, 13868.962156024687, 13868.962156024687, 13868.962156024687, 13868.962156024687, 13868.962156024687, 13868.962156024687, 13868.962156024687, 13868.962156024687, 13868.962156024687, 13868.962156024687, 13868.962156024687, 13868.962156024687, 13868.962156024687, 13868.962156024687, 13868.962156024687, 13868.962156024687, 13868.962156024687, 13868.962156024687, 13868.962156024687, 13868.962156024687, 13868.962156024687, 13868.962156024687, 13868.962156024687, 13868.962156024687, 13868.962156024687, 13868.962156024687, 13868.962156024687, 13868.962156024687, 13868.962156024687, 13868.962156024687, 13868.962156024687, 13868.962156024687, 13868.962156024687, 13868.962156024687, 13868.962156024687, 13868.962156024687, 13868.962156024687, 13868.962156024687, 13868.962156024687, 13868.962156024687, 13868.962156024687, 13868.962156024687, 13868.962156024687, 13868.962156024687, 13868.962156024687, 13868.962156024687, 13868.962156024687, 13868.962156024687, 13868.962156024687, 13868.962156024687, 13868.962156024687, 13868.962156024687, 13868.962156024687, 13868.962156024687, 13868.962156024687, 13868.962156024687, 13868.962156024687, 13868.962156024687, 13868.962156024687, 13868.962156024687, 13868.962156024687, 13868.962156024687, 13868.962156024687, 13830.030760927682, 13830.030760927682, 13830.030760927682, 13830.030760927682, 13830.030760927682, 13830.030760927682, 13830.030760927682, 13830.030760927682, 13830.030760927682, 13830.030760927682, 13830.030760927682, 13830.030760927682, 13830.030760927682, 13830.030760927682, 13830.030760927682, 13830.030760927682, 13830.030760927682, 13830.030760927682, 13830.030760927682, 13830.030760927682, 13830.030760927682, 13830.030760927682, 13830.030760927682, 13830.030760927682, 13830.030760927682, 13830.030760927682, 13830.030760927682, 13830.030760927682, 13830.030760927682, 13830.030760927682, 13830.030760927682, 13830.030760927682, 13830.030760927682, 13830.030760927682, 13830.030760927682, 13830.030760927682, 13830.030760927682, 13830.030760927682, 13830.030760927682, 13830.030760927682, 13830.030760927682, 13830.030760927682, 13830.030760927682, 13830.030760927682, 13830.030760927682, 13830.030760927682, 13830.030760927682, 13830.030760927682, 13830.030760927682, 13830.030760927682, 13830.030760927682, 13830.030760927682, 13830.030760927682, 13830.030760927682, 13830.030760927682, 13827.407480215483, 13827.407480215483, 13827.407480215483, 13814.346798880044, 13814.346798880044, 13814.346798880044, 13814.346798880044, 13814.346798880044, 13814.346798880044, 13814.346798880044, 13814.346798880044, 13814.346798880044, 13814.346798880044, 13814.346798880044, 13814.346798880044, 13814.346798880044, 13814.346798880044, 13814.346798880044, 13814.346798880044, 13814.346798880044, 13814.346798880044, 13814.346798880044, 13814.346798880044, 13814.346798880044, 13814.346798880044, 13814.346798880044, 13814.346798880044, 13814.346798880044, 13814.346798880044, 13814.346798880044, 13814.346798880044, 13814.346798880044, 13814.346798880044, 13814.346798880044, 13814.346798880044, 13814.346798880044, 13814.346798880044, 13814.346798880044, 13814.346798880044, 13814.346798880044, 13814.346798880044, 13814.346798880044, 13814.346798880044, 13814.346798880044, 13814.346798880044, 13814.346798880044, 13814.346798880044, 13814.346798880044, 13814.346798880044, 13814.346798880044, 13814.346798880044, 13814.346798880044, 13814.346798880044, 13814.346798880044, 13814.346798880044, 13814.346798880044, 13814.346798880044, 13814.346798880044, 13814.346798880044, 13814.346798880044, 13814.346798880044, 13814.346798880044, 13814.346798880044, 13814.346798880044, 13814.346798880044, 13814.346798880044, 13814.346798880044, 13814.346798880044, 13814.346798880044, 13814.346798880044, 13814.346798880044, 13814.346798880044, 13814.346798880044, 13814.346798880044, 13814.346798880044, 13814.346798880044, 13814.346798880044, 13814.346798880044, 13814.346798880044, 13814.346798880044, 13814.346798880044, 13814.346798880044, 13814.346798880044, 13814.346798880044, 13814.346798880044, 13814.346798880044, 13814.346798880044, 13814.346798880044, 13814.346798880044, 13814.346798880044, 13814.346798880044, 13814.346798880044, 13814.346798880044, 13814.346798880044, 13814.346798880044, 13814.346798880044, 13814.346798880044, 13814.346798880044, 13814.346798880044, 13814.346798880044, 13814.346798880044, 13814.346798880044, 13814.346798880044, 13814.346798880044, 13814.346798880044, 13814.346798880044, 13814.346798880044, 13814.346798880044, 13814.346798880044, 13814.346798880044, 13814.346798880044, 13814.346798880044, 13814.346798880044, 13814.346798880044, 13814.346798880044, 13814.346798880044, 13814.346798880044, 13814.346798880044, 13814.346798880044, 13814.346798880044, 13814.346798880044, 13814.346798880044, 13814.346798880044, 13814.346798880044, 13814.346798880044, 13814.346798880044, 13814.346798880044, 13814.346798880044, 13814.346798880044, 13814.346798880044, 13814.346798880044, 13814.346798880044, 13814.346798880044, 13814.346798880044, 13814.346798880044, 13814.346798880044, 13814.346798880044, 13814.346798880044, 13814.346798880044, 13814.346798880044, 13814.346798880044, 13814.346798880044, 13814.346798880044, 13814.346798880044, 13814.346798880044, 13814.346798880044, 13814.346798880044, 13814.346798880044, 13814.346798880044, 13814.346798880044, 13814.346798880044, 13814.346798880044, 13814.346798880044, 13814.346798880044, 13814.346798880044, 13814.346798880044, 13814.346798880044, 13814.346798880044, 13814.346798880044, 13814.346798880044, 13814.346798880044, 13814.346798880044, 13814.346798880044, 13814.346798880044, 13814.346798880044, 13814.346798880044, 13814.346798880044, 13814.346798880044, 13814.346798880044, 13814.346798880044, 13814.346798880044, 13814.346798880044, 13814.346798880044, 13814.346798880044, 13814.346798880044, 13814.346798880044, 13814.346798880044, 13814.346798880044, 13814.346798880044, 13814.346798880044, 13814.346798880044, 13814.346798880044, 13814.346798880044, 13814.346798880044, 13814.346798880044, 13814.346798880044, 13811.723518167846, 13811.723518167846, 13811.723518167846, 13811.723518167846, 13811.723518167846, 13811.723518167846, 13811.723518167846, 13811.723518167846, 13811.723518167846, 13811.723518167846, 13811.723518167846, 13811.723518167846, 13811.723518167846, 13811.723518167846, 13811.723518167846, 13811.723518167846, 13811.723518167846, 13811.723518167846, 13811.723518167846, 13811.723518167846, 13811.723518167846, 13811.723518167846, 13811.723518167846, 13811.723518167846, 13811.723518167846, 13811.723518167846, 13811.723518167846, 13811.723518167846, 13811.723518167846, 13811.723518167846, 13811.723518167846, 13811.723518167846, 13811.723518167846, 13811.723518167846, 13811.723518167846, 13811.723518167846, 13811.723518167846, 13811.723518167846, 13811.723518167846, 13811.723518167846, 13811.723518167846, 13811.723518167846, 13811.723518167846, 13811.723518167846, 13811.723518167846, 13811.723518167846, 13811.723518167846, 13811.723518167846, 13811.723518167846, 13811.723518167846, 13811.723518167846, 13811.723518167846, 13811.723518167846, 13811.723518167846, 13811.723518167846, 13811.723518167846, 13811.723518167846, 13811.723518167846, 13811.723518167846, 13811.723518167846, 13811.723518167846, 13811.723518167846, 13811.723518167846, 13811.723518167846, 13811.723518167846, 13811.723518167846, 13811.723518167846, 13811.723518167846, 13811.723518167846, 13811.723518167846, 13811.723518167846, 13811.723518167846, 13811.723518167846, 13811.723518167846, 13811.723518167846, 13811.723518167846, 13811.723518167846, 13811.723518167846, 13811.723518167846, 13811.723518167846, 13811.723518167846, 13811.723518167846, 13811.723518167846, 13811.723518167846, 13811.723518167846, 13811.723518167846, 13811.723518167844, 13811.723518167844, 13811.723518167844, 13811.723518167844, 13811.723518167844, 13811.723518167844, 13811.723518167844, 13811.723518167844, 13811.723518167844, 13811.723518167844, 13811.723518167844, 13811.723518167844, 13811.723518167844, 13811.723518167844, 13811.723518167844, 13811.723518167844, 13811.723518167844, 13811.723518167844, 13811.723518167844, 13811.723518167844, 13811.723518167844, 13811.723518167844, 13811.723518167844, 13811.723518167844, 13811.723518167844, 13811.723518167844, 13811.723518167844, 13811.723518167844, 13811.723518167844, 13811.723518167844, 13811.723518167844, 13811.723518167844, 13811.723518167844, 13811.723518167844, 13811.723518167844, 13811.723518167844, 13811.723518167844, 13811.723518167844, 13811.723518167844, 13811.723518167844, 13811.723518167844, 13811.723518167844, 13811.723518167844, 13811.723518167844, 13811.723518167844, 13811.723518167844, 13811.723518167844, 13811.723518167844, 13811.723518167844, 13811.723518167844, 13811.723518167844, 13811.723518167844, 13811.723518167844, 13811.723518167844, 13811.723518167844, 13811.723518167844, 13811.723518167844, 13811.723518167844, 13811.723518167844, 13811.723518167844, 13811.723518167844, 13811.723518167844, 13811.723518167844, 13811.723518167844, 13811.723518167844, 13811.723518167844, 13811.723518167844, 13811.723518167844, 13811.723518167844, 13811.723518167844, 13811.723518167844, 13811.723518167844, 13811.723518167844, 13811.723518167844, 13811.723518167844, 13811.723518167844, 13811.723518167844, 13811.723518167844, 13811.723518167844, 13811.723518167844, 13811.723518167844, 13811.723518167844, 13811.723518167844, 13811.723518167844, 13811.723518167844, 13811.723518167844, 13811.723518167844, 13811.723518167844, 13811.723518167844, 13811.723518167844, 13811.723518167844, 13811.723518167844, 13811.723518167844, 13811.723518167844, 13811.723518167844, 13811.723518167844, 13811.723518167844, 13811.723518167844, 13811.723518167844, 13811.723518167844, 13811.723518167844, 13811.723518167844, 13811.723518167844, 13811.723518167844, 13811.723518167844, 13811.723518167844, 13811.723518167844, 13811.723518167844, 13811.723518167844, 13811.723518167844, 13811.723518167844, 13811.723518167844, 13811.723518167844, 13811.723518167844, 13811.723518167844, 13811.723518167844, 13811.723518167844, 13811.723518167844, 13811.723518167844, 13811.723518167844, 13811.723518167844, 13811.723518167844, 13811.723518167844, 13811.723518167844, 13811.723518167844, 13811.723518167844, 13811.723518167844, 13811.723518167844, 13811.723518167844, 13811.723518167844, 13811.723518167844, 13811.723518167844, 13811.723518167844, 13811.723518167844, 13811.723518167844, 13811.723518167844, 13811.723518167844, 13811.723518167844, 13811.723518167844, 13811.723518167844, 13811.723518167844, 13811.723518167844, 13811.723518167844, 13811.723518167844, 13811.723518167844, 13811.723518167844, 13811.723518167844, 13811.723518167844, 13811.723518167844, 13811.723518167844, 13811.723518167844, 13811.723518167844, 13811.723518167844, 13811.723518167844, 13811.723518167844, 13811.723518167844, 13811.723518167844, 13811.723518167844, 13811.723518167844, 13811.723518167844, 13811.723518167844, 13811.723518167844, 13811.723518167844, 13811.723518167844, 13811.723518167844, 13811.723518167844, 13811.723518167844, 13811.723518167844, 13811.723518167844, 13811.723518167844, 13811.723518167844, 13811.723518167844, 13811.723518167844, 13811.723518167844, 13811.723518167844, 13811.723518167844, 13811.723518167844, 13811.723518167844, 13811.723518167844, 13811.723518167844, 13811.723518167844, 13811.723518167844, 13811.723518167844, 13811.723518167844, 13811.723518167844, 13811.723518167844, 13811.723518167844, 13811.723518167844, 13811.723518167844, 13811.723518167844, 13811.723518167844, 13811.723518167844, 13811.723518167844, 13811.723518167844, 13811.723518167844, 13811.723518167844, 13811.723518167844, 13811.723518167844, 13811.723518167844, 13811.723518167844, 13811.723518167844, 13811.723518167844, 13811.723518167844, 13811.723518167844, 13811.723518167844, 13811.723518167844, 13811.723518167844, 13811.723518167844, 13811.723518167844, 13811.723518167844, 13811.723518167844, 13811.723518167844, 13811.723518167844, 13811.723518167844, 13811.723518167844, 13811.723518167844, 13811.723518167844, 13811.723518167844, 13811.723518167844, 13811.723518167844, 13811.723518167844, 13811.723518167844, 13811.723518167844, 13811.723518167844, 13811.723518167844, 13811.723518167844, 13811.723518167844, 13811.723518167844, 13811.723518167844, 13811.723518167844, 13811.723518167844, 13811.723518167844, 13811.723518167844, 13811.723518167844, 13811.723518167844, 13811.723518167844, 13811.723518167844, 13811.723518167844, 13811.723518167844, 13811.723518167844, 13811.723518167844, 13811.723518167844, 13811.723518167844, 13811.723518167844, 13811.723518167844, 13811.723518167844, 13811.723518167844, 13811.723518167844, 13811.723518167844, 13811.723518167844, 13811.723518167844, 13811.723518167844, 13811.723518167844, 13811.723518167844, 13811.723518167844, 13811.723518167844, 13811.723518167844, 13811.723518167844, 13811.723518167844, 13811.723518167844, 13811.723518167844, 13811.723518167844, 13811.723518167844, 13811.723518167844, 13811.723518167844, 13811.723518167844, 13811.723518167844, 13811.723518167844, 13811.723518167844, 13811.723518167844, 13811.723518167844, 13811.723518167844, 13811.723518167844, 13811.723518167844, 13811.723518167844, 13811.723518167844, 13811.723518167844, 13811.723518167844, 13811.723518167844, 13811.723518167844, 13811.723518167844, 13811.723518167844, 13811.723518167844, 13811.723518167844, 13811.723518167844, 13811.723518167844, 13811.723518167844, 13811.723518167844, 13811.723518167844, 13811.723518167844, 13811.723518167844, 13811.723518167844, 13811.723518167844, 13811.723518167844, 13811.723518167844, 13811.723518167844, 13811.723518167844, 13811.723518167844, 13811.723518167844, 13811.723518167844, 13811.723518167844, 13811.723518167844, 13811.723518167844, 13811.723518167844, 13811.723518167844, 13811.723518167844, 13811.723518167844, 13811.723518167844, 13811.723518167844, 13811.723518167844, 13811.723518167844, 13811.723518167844, 13811.723518167844, 13811.723518167844, 13811.723518167844, 13811.723518167844, 13811.723518167844, 13811.723518167844, 13811.723518167844, 13811.723518167844, 13811.723518167844, 13811.723518167844, 13811.723518167844, 13811.723518167844, 13811.723518167844, 13811.723518167844, 13811.723518167844, 13811.723518167844, 13811.723518167844, 13811.723518167844, 13811.723518167844, 13811.723518167844, 13811.723518167844, 13811.723518167844, 13811.723518167844, 13811.723518167844, 13811.723518167844, 13811.723518167844, 13811.723518167844, 13811.723518167844, 13811.723518167844, 13811.723518167844, 13811.723518167844, 13811.723518167844, 13811.723518167844, 13811.723518167844, 13811.723518167844, 13811.723518167844, 13811.723518167844, 13811.723518167844, 13811.723518167844, 13811.723518167844, 13811.723518167844, 13811.723518167844, 13811.723518167844, 13811.723518167844, 13811.723518167844, 13811.723518167844, 13811.723518167844, 13811.723518167844, 13811.723518167844, 13811.723518167844, 13811.723518167844, 13811.723518167844, 13811.723518167844, 13811.723518167844, 13811.723518167844, 13811.723518167844, 13811.723518167844, 13811.723518167844, 13811.723518167844, 13811.723518167844, 13811.723518167844, 13811.723518167844, 13811.723518167844, 13811.723518167844, 13811.723518167844, 13811.723518167844, 13811.723518167844, 13811.723518167844, 13811.723518167844, 13811.723518167844, 13811.723518167844, 13811.723518167844, 13811.723518167844, 13811.723518167844, 13811.723518167844, 13811.723518167844, 13811.723518167844, 13811.723518167844, 13811.723518167844, 13811.723518167844, 13811.723518167844, 13811.723518167844, 13811.723518167844, 13811.723518167844, 13811.723518167844, 13811.723518167844, 13811.723518167844, 13811.723518167844, 13811.723518167844, 13811.723518167844, 13811.723518167844, 13811.723518167844, 13811.723518167844, 13811.723518167844, 13811.723518167844, 13811.723518167844, 13811.723518167844, 13811.723518167844, 13811.723518167844, 13811.723518167844, 13811.723518167844, 13811.723518167844, 13811.723518167844, 13811.723518167844, 13811.723518167844, 13811.723518167844, 13811.723518167844, 13811.723518167844, 13811.723518167844, 13811.723518167844, 13811.723518167844, 13811.723518167844, 13811.723518167844, 13811.723518167844, 13811.723518167844, 13811.723518167844, 13811.723518167844, 13811.723518167844, 13811.723518167844, 13811.723518167844, 13811.723518167844, 13811.723518167844, 13811.723518167844, 13811.723518167844, 13811.723518167844, 13811.723518167844, 13811.723518167844, 13811.723518167844, 13811.723518167844, 13811.723518167844, 13811.723518167844, 13811.723518167844, 13811.723518167844, 13811.723518167844, 13811.723518167844, 13811.723518167844, 13811.723518167844, 13811.723518167844, 13811.723518167844, 13811.723518167844, 13811.723518167844, 13811.723518167844, 13811.723518167844, 13811.723518167844, 13811.723518167844, 13811.723518167844, 13811.723518167844, 13811.723518167844, 13811.723518167844, 13811.723518167844, 13811.723518167844, 13811.723518167844, 13811.723518167844, 13811.723518167844, 13811.723518167844, 13811.723518167844, 13811.723518167844, 13811.723518167844, 13811.723518167844, 13811.723518167844, 13811.723518167844, 13811.723518167844, 13811.723518167844, 13811.723518167844, 13811.723518167844, 13811.723518167844, 13811.723518167844, 13811.723518167844, 13811.723518167844, 13811.723518167844, 13811.723518167844, 13811.723518167844, 13811.723518167844, 13811.723518167844, 13811.723518167844, 13811.723518167844, 13811.723518167844, 13811.723518167844, 13811.723518167844, 13811.723518167844, 13811.723518167844, 13811.723518167844, 13811.723518167844, 13811.723518167844, 13811.723518167844, 13811.723518167844, 13811.723518167844, 13811.723518167844, 13811.723518167844, 13811.723518167844, 13811.723518167844, 13811.723518167844, 13811.723518167844, 13811.723518167844, 13811.723518167844, 13811.723518167844, 13811.723518167844, 13811.723518167844, 13811.723518167844, 13811.723518167844, 13811.723518167844, 13811.723518167844, 13811.723518167844, 13811.723518167844, 13811.723518167844, 13811.723518167844, 13811.723518167844, 13811.723518167844, 13811.723518167844, 13811.723518167844, 13811.723518167844, 13811.723518167844, 13811.723518167844, 13811.723518167844, 13811.723518167844, 13811.723518167844, 13811.723518167844, 13811.723518167844, 13811.723518167844, 13811.723518167844, 13811.723518167844, 13811.723518167844, 13811.723518167844, 13811.723518167844, 13811.723518167844, 13811.723518167844, 13811.723518167844, 13811.723518167844, 13811.723518167844, 13811.723518167844, 13811.723518167844, 13811.723518167844, 13811.723518167844, 13811.723518167844, 13811.723518167844, 13811.723518167844, 13811.723518167844, 13811.723518167844, 13811.723518167844, 13811.723518167844, 13811.723518167844, 13811.723518167844, 13811.723518167844, 13811.723518167844, 13811.723518167844, 13811.723518167844, 13811.723518167844, 13811.723518167844, 13811.723518167844, 13811.723518167844, 13811.723518167844, 13811.723518167844, 13811.723518167844, 13811.723518167844, 13811.723518167844, 13811.723518167844, 13811.723518167844, 13811.723518167844, 13811.723518167844, 13811.723518167844, 13811.723518167844, 13811.723518167844, 13811.723518167844, 13811.723518167844, 13811.723518167844, 13811.723518167844, 13811.723518167844, 13811.723518167844, 13811.723518167844, 13811.723518167844, 13811.723518167844, 13811.723518167844, 13811.723518167844, 13811.723518167844, 13811.723518167844, 13811.723518167844, 13811.723518167844, 13811.723518167844, 13811.723518167844, 13811.723518167844, 13811.723518167844, 13811.723518167844, 13811.723518167844, 13811.723518167844, 13811.723518167844, 13811.723518167844, 13811.723518167844, 13811.723518167844, 13811.723518167844, 13811.723518167844, 13811.723518167844, 13811.723518167844, 13811.723518167844, 13811.723518167844, 13811.723518167844, 13811.723518167844, 13811.723518167844, 13811.723518167844, 13811.723518167844, 13811.723518167844, 13811.723518167844, 13811.723518167844, 13811.723518167844, 13811.723518167844, 13811.723518167844, 13811.723518167844, 13811.723518167844, 13811.723518167844, 13811.723518167844, 13811.723518167844, 13811.723518167844, 13811.723518167844, 13811.723518167844, 13811.723518167844, 13811.723518167844, 13811.723518167844, 13811.723518167844, 13811.723518167844, 13811.723518167844, 13811.723518167844, 13811.723518167844, 13811.723518167844, 13811.723518167844, 13811.723518167844, 13811.723518167844, 13811.723518167844, 13811.723518167844, 13811.723518167844, 13811.723518167844, 13811.723518167844, 13811.723518167844, 13811.723518167844, 13811.723518167844, 13811.723518167844, 13811.723518167844, 13811.723518167844, 13811.723518167844, 13811.723518167844, 13811.723518167844, 13811.723518167844, 13811.723518167844, 13811.723518167844, 13811.723518167844, 13811.723518167844, 13811.723518167844, 13811.723518167844, 13811.723518167844, 13811.723518167844, 13811.723518167844, 13811.723518167844, 13811.723518167844, 13811.723518167844, 13811.723518167844, 13811.723518167844, 13811.723518167844, 13811.723518167844, 13811.723518167844, 13811.723518167844, 13811.723518167844, 13811.723518167844, 13811.723518167844, 13811.723518167844, 13811.723518167844, 13811.723518167844, 13811.723518167844, 13811.723518167844, 13811.723518167844, 13811.723518167844, 13811.723518167844, 13811.723518167844, 13811.723518167844, 13811.723518167844, 13811.723518167844, 13811.723518167844, 13811.723518167844, 13811.723518167844, 13811.723518167844, 13811.723518167844, 13811.723518167844, 13811.723518167844, 13811.723518167844, 13811.723518167844, 13811.723518167844, 13811.723518167844, 13811.723518167844, 13811.723518167844, 13811.723518167844, 13811.723518167844, 13811.723518167844, 13811.723518167844, 13811.723518167844, 13811.723518167844, 13811.723518167844, 13811.723518167844, 13811.723518167844, 13811.723518167844, 13811.723518167844, 13811.723518167844, 13811.723518167844, 13811.723518167844, 13811.723518167844, 13811.723518167844, 13811.723518167844, 13811.723518167844, 13811.723518167844, 13811.723518167844, 13811.723518167844, 13811.723518167844, 13811.723518167844, 13811.723518167844, 13811.723518167844, 13811.723518167844, 13811.723518167844, 13811.723518167844, 13811.723518167844, 13811.723518167844, 13811.723518167844, 13811.723518167844, 13811.723518167844, 13811.723518167844, 13811.723518167844, 13811.723518167844, 13811.723518167844, 13811.723518167844, 13811.723518167844, 13811.723518167844, 13811.723518167844, 13811.723518167844, 13811.723518167844, 13811.723518167844, 13811.723518167844, 13811.723518167844, 13811.723518167844, 13811.723518167844, 13811.723518167844, 13811.723518167844, 13811.723518167844, 13811.723518167844, 13811.723518167844, 13811.723518167844, 13811.723518167844, 13811.723518167844, 13811.723518167844, 13811.723518167844, 13811.723518167844, 13811.723518167844, 13811.723518167844, 13811.723518167844, 13811.723518167844, 13811.723518167844, 13811.723518167844, 13811.723518167844, 13811.723518167844, 13811.723518167844, 13811.723518167844, 13811.723518167844, 13811.723518167844, 13811.723518167844, 13811.723518167844, 13811.723518167844, 13811.723518167844, 13811.723518167844, 13811.723518167844, 13811.723518167844, 13811.723518167844, 13811.723518167844, 13811.723518167844, 13811.723518167844, 13811.723518167844, 13811.723518167844, 13811.723518167844, 13811.723518167844, 13811.723518167844, 13811.723518167844, 13811.723518167844, 13811.723518167844, 13811.723518167844, 13811.723518167844, 13811.723518167844, 13811.723518167844, 13811.723518167844, 13811.723518167844, 13811.723518167844, 13811.723518167844, 13811.723518167844, 13811.723518167844, 13811.723518167844, 13811.723518167844, 13811.723518167844, 13811.723518167844, 13811.723518167844, 13811.723518167844, 13811.723518167844, 13811.723518167844, 13811.723518167844, 13811.723518167844, 13811.723518167844, 13811.723518167844, 13811.723518167844, 13811.723518167844, 13811.723518167844, 13811.723518167844, 13811.723518167844, 13811.723518167844, 13811.723518167844, 13811.723518167844, 13811.723518167844, 13811.723518167844, 13811.723518167844, 13811.723518167844, 13811.723518167844, 13811.723518167844, 13811.723518167844, 13811.723518167844, 13811.723518167844, 13811.723518167844, 13811.723518167844, 13811.723518167844, 13811.723518167844, 13811.723518167844, 13811.723518167844, 13811.723518167844, 13811.723518167844, 13811.723518167844, 13811.723518167844, 13811.723518167844, 13811.723518167844, 13811.723518167844, 13811.723518167844, 13811.723518167844, 13811.723518167844, 13811.723518167844, 13811.723518167844, 13811.723518167844, 13811.723518167844, 13811.723518167844, 13811.723518167844, 13811.723518167844, 13811.723518167844, 13811.723518167844, 13811.723518167844, 13811.723518167844, 13811.723518167844, 13811.723518167844, 13811.723518167844, 13811.723518167844, 13811.723518167844, 13811.723518167844, 13811.723518167844, 13811.723518167844, 13811.723518167844, 13811.723518167844, 13811.723518167844, 13811.723518167844, 13811.723518167844, 13811.723518167844, 13811.723518167844, 13811.723518167844, 13811.723518167844, 13811.723518167844, 13811.723518167844, 13811.723518167844, 13811.723518167844, 13811.723518167844, 13811.723518167844, 13811.723518167844, 13811.723518167844, 13811.723518167844, 13811.723518167844, 13811.723518167844, 13811.723518167844, 13811.723518167844, 13811.723518167844, 13811.723518167844, 13811.723518167844, 13811.723518167844, 13811.723518167844, 13811.723518167844, 13811.723518167844, 13811.723518167844, 13811.723518167844, 13811.723518167844, 13811.723518167844, 13811.723518167844, 13811.723518167844, 13811.723518167844, 13811.723518167844, 13811.723518167844, 13811.723518167844, 13811.723518167844, 13811.723518167844, 13811.723518167844, 13811.723518167844, 13811.723518167844, 13811.723518167844, 13811.723518167844, 13811.723518167844, 13811.723518167844, 13811.723518167844, 13811.723518167844, 13811.723518167844, 13811.723518167844, 13811.723518167844, 13811.723518167844, 13811.723518167844, 13811.723518167844, 13811.723518167844, 13811.723518167844, 13811.723518167844, 13811.723518167844, 13811.723518167844, 13811.723518167844, 13811.723518167844, 13811.723518167844, 13811.723518167844, 13811.723518167844, 13811.723518167844, 13811.723518167844, 13811.723518167844, 13811.723518167844, 13811.723518167844, 13811.723518167844, 13811.723518167844, 13811.723518167844, 13811.723518167844, 13811.723518167844, 13811.723518167844, 13811.723518167844, 13811.723518167844, 13811.723518167844, 13811.723518167844, 13811.723518167844, 13811.723518167844, 13811.723518167844, 13811.723518167844, 13811.723518167844, 13811.723518167844, 13811.723518167844, 13811.723518167844, 13811.723518167844, 13811.723518167844, 13811.723518167844, 13811.723518167844, 13811.723518167844, 13811.723518167844, 13811.723518167844, 13811.723518167844, 13811.723518167844, 13811.723518167844, 13811.723518167844, 13811.723518167844, 13811.723518167844, 13811.723518167844, 13811.723518167844, 13811.723518167844, 13811.723518167844, 13811.723518167844, 13811.723518167844, 13811.723518167844, 13811.723518167844, 13811.723518167844, 13811.723518167844, 13811.723518167844, 13811.723518167844, 13811.723518167844, 13811.723518167844, 13811.723518167844, 13811.723518167844, 13811.723518167844, 13811.723518167844, 13811.723518167844, 13811.723518167844, 13811.723518167844, 13811.723518167844, 13811.723518167844, 13811.723518167844, 13811.723518167844, 13811.723518167844, 13811.723518167844, 13811.723518167844, 13811.723518167844, 13811.723518167844, 13811.723518167844, 13811.723518167844, 13811.723518167844, 13811.723518167844, 13811.723518167844, 13811.723518167844, 13811.723518167844, 13811.723518167844, 13811.723518167844, 13811.723518167844, 13811.723518167844, 13811.723518167844, 13811.723518167844, 13811.723518167844, 13811.723518167844, 13811.723518167844, 13811.723518167844, 13811.723518167844, 13811.723518167844, 13811.723518167844, 13811.723518167844, 13811.723518167844, 13811.723518167844, 13811.723518167844, 13811.723518167844, 13811.723518167844, 13811.723518167844, 13811.723518167844, 13811.723518167844, 13811.723518167844, 13811.723518167844, 13811.723518167844, 13811.723518167844, 13811.723518167844, 13811.723518167844, 13811.723518167844, 13811.723518167844, 13811.723518167844, 13811.723518167844, 13811.723518167844, 13811.723518167844, 13811.723518167844, 13811.723518167844, 13811.723518167844, 13811.723518167844, 13811.723518167844, 13811.723518167844, 13811.723518167844, 13811.723518167844, 13811.723518167844, 13811.723518167844, 13811.723518167844, 13811.723518167844, 13811.723518167844, 13811.723518167844, 13811.723518167844, 13811.723518167844, 13741.492913095124, 13741.492913095124, 13741.492913095124, 13741.492913095124, 13741.492913095124, 13741.492913095124, 13741.492913095124, 13741.492913095124, 13741.492913095124, 13741.492913095124, 13741.492913095124, 13741.492913095124, 13741.492913095124, 13741.492913095124, 13741.492913095124, 13741.492913095124, 13741.492913095124, 13741.492913095124, 13741.492913095124, 13741.492913095124, 13741.492913095124, 13741.492913095124, 13741.492913095124, 13741.492913095124, 13741.492913095124, 13741.492913095124, 13741.492913095124, 13741.492913095124, 13741.492913095124, 13741.492913095124, 13741.492913095124, 13741.492913095124, 13741.492913095124, 13741.492913095124, 13741.492913095124, 13741.492913095124, 13741.492913095122, 13741.492913095122, 13741.492913095122, 13741.492913095122, 13741.492913095122, 13741.492913095122, 13741.492913095122, 13741.492913095122, 13741.492913095122, 13741.492913095122, 13741.492913095122, 13741.492913095122, 13741.492913095122, 13741.492913095122, 13741.492913095122, 13741.492913095122, 13741.492913095122, 13741.492913095122, 13741.492913095122, 13741.492913095122, 13741.492913095122, 13741.492913095122, 13741.492913095122, 13741.492913095122, 13741.492913095122, 13741.492913095122, 13741.492913095122, 13741.492913095122, 13741.492913095122, 13741.492913095122, 13741.492913095122, 13741.492913095122, 13741.492913095122, 13741.492913095122, 13741.492913095122, 13741.492913095122, 13741.492913095122, 13741.492913095122, 13741.492913095122, 13741.492913095122, 13741.492913095122, 13741.492913095122, 13741.492913095122, 13736.312811032007, 13736.312811032007, 13736.312811032007, 13736.312811032007, 13736.312811032007, 13736.312811032007, 13736.312811032007, 13736.312811032007, 13736.312811032007, 13736.312811032007, 13736.312811032007, 13736.312811032007, 13736.312811032007, 13736.312811032007, 13736.312811032007, 13736.312811032007, 13736.312811032007, 13736.312811032007, 13736.312811032007, 13736.312811032007, 13736.312811032007, 13736.312811032007, 13736.312811032007, 13736.312811032007, 13736.312811032007, 13736.312811032007, 13736.312811032007, 13736.312811032007, 13736.312811032007, 13736.312811032007, 13736.312811032007, 13736.312811032007, 13736.312811032007, 13736.312811032007, 13736.312811032007, 13736.312811032007, 13736.312811032007, 13736.312811032007, 13736.312811032007, 13736.312811032007, 13736.312811032007, 13736.312811032007, 13736.312811032007, 13736.312811032007, 13736.312811032007, 13736.312811032007, 13736.312811032007, 13736.312811032007, 13736.312811032007, 13736.312811032007, 13736.312811032007, 13736.312811032007, 13736.312811032007, 13736.312811032007, 13736.312811032007, 13735.78730284347, 13735.78730284347, 13735.78730284347, 13735.78730284347, 13735.78730284347, 13735.78730284347, 13735.78730284347, 13735.78730284347, 13735.78730284347, 13735.78730284347, 13735.78730284347, 13735.78730284347, 13735.78730284347, 13735.78730284347, 13735.78730284347, 13735.78730284347, 13735.78730284347, 13735.78730284347, 13735.78730284347, 13735.78730284347, 13735.78730284347, 13735.78730284347, 13735.78730284347, 13735.78730284347, 13735.78730284347, 13735.78730284347, 13735.78730284347, 13735.78730284347, 13735.78730284347, 13735.78730284347, 13735.78730284347, 13735.78730284347, 13735.78730284347, 13735.78730284347, 13735.78730284347, 13735.78730284347, 13735.78730284347, 13735.78730284347, 13735.78730284347, 13735.78730284347, 13735.78730284347, 13735.78730284347, 13735.78730284347, 13735.78730284347, 13735.78730284347, 13735.78730284347, 13735.78730284347, 13735.78730284347, 13735.78730284347, 13735.78730284347, 13735.78730284347, 13735.78730284347, 13735.78730284347, 13735.78730284347, 13735.78730284347, 13735.78730284347, 13735.78730284347, 13735.78730284347, 13735.78730284347, 13735.78730284347, 13735.78730284347, 13735.78730284347, 13735.78730284347, 13735.78730284347, 13735.78730284347, 13735.78730284347, 13735.78730284347, 13735.78730284347, 13735.78730284347, 13735.78730284347, 13735.78730284347, 13735.78730284347, 13707.63937696428, 13707.63937696428, 13707.63937696428, 13707.63937696428, 13707.63937696428, 13707.63937696428, 13707.63937696428, 13707.63937696428, 13707.63937696428, 13707.63937696428, 13707.63937696428, 13707.63937696428, 13707.63937696428, 13707.63937696428, 13707.63937696428, 13707.63937696428, 13707.63937696428, 13707.63937696428, 13707.63937696428, 13707.63937696428, 13707.63937696428, 13707.63937696428, 13707.63937696428, 13707.63937696428, 13707.63937696428, 13707.63937696428, 13707.63937696428, 13707.63937696428, 13707.63937696428, 13707.63937696428, 13707.63937696428, 13707.63937696428, 13707.63937696428, 13707.63937696428, 13707.63937696428, 13707.63937696428, 13707.63937696428, 13707.63937696428, 13707.63937696428, 13707.63937696428, 13707.63937696428, 13707.63937696428, 13707.63937696428, 13707.63937696428, 13707.63937696428, 13707.63937696428, 13707.63937696428, 13707.63937696428, 13707.63937696428, 13707.63937696428, 13699.852066522786, 13699.852066522786, 13699.852066522786, 13699.852066522786, 13699.852066522786, 13699.852066522786, 13699.852066522786, 13699.852066522786, 13699.852066522786, 13699.852066522786, 13699.852066522786, 13699.852066522786, 13699.852066522786, 13699.852066522786, 13699.852066522786, 13699.852066522786, 13699.852066522786, 13699.852066522786, 13699.852066522786, 13699.852066522786, 13699.852066522786, 13699.852066522786, 13699.852066522786, 13699.852066522786, 13699.852066522786, 13699.852066522786, 13699.852066522786, 13699.852066522786, 13699.852066522786, 13699.852066522786, 13699.852066522786, 13699.852066522786, 13699.852066522786, 13699.852066522786, 13699.852066522786, 13699.852066522786, 13699.852066522786, 13699.852066522786, 13699.852066522786, 13699.852066522786, 13699.852066522786, 13699.852066522786, 13699.852066522786, 13699.852066522786, 13699.852066522786, 13699.852066522786, 13699.852066522786, 13699.852066522786, 13699.852066522786, 13699.852066522786, 13699.852066522786, 13699.852066522786, 13699.852066522786, 13699.852066522786, 13699.852066522786, 13699.852066522786, 13699.852066522786, 13699.852066522786, 13699.852066522786, 13699.852066522786, 13699.852066522786, 13699.852066522786, 13699.852066522786, 13699.852066522786, 13699.852066522786, 13699.852066522786, 13699.852066522786, 13699.852066522786, 13699.852066522786, 13699.852066522786, 13699.852066522786, 13699.852066522786, 13699.852066522786, 13699.852066522786, 13699.852066522786, 13699.852066522786, 13699.852066522786, 13699.852066522786, 13699.852066522786, 13699.852066522786, 13699.852066522786, 13699.852066522786, 13699.852066522786, 13699.852066522786, 13699.852066522786, 13699.852066522786, 13699.852066522786, 13699.852066522786, 13699.852066522786, 13699.852066522786, 13699.852066522786, 13699.852066522786, 13699.852066522786, 13699.852066522786, 13699.852066522786, 13699.852066522786, 13699.852066522786, 13699.852066522786, 13699.852066522786, 13699.852066522786, 13699.852066522786, 13699.852066522786, 13699.852066522786, 13699.852066522786, 13699.852066522786, 13699.852066522786, 13699.852066522786, 13699.852066522786, 13699.852066522786, 13699.852066522786, 13699.852066522786, 13699.852066522786, 13699.852066522786, 13699.852066522786, 13699.852066522786, 13699.852066522786, 13699.852066522786, 13699.852066522786, 13699.852066522786, 13699.852066522786, 13699.852066522786, 13699.852066522786, 13699.852066522786, 13699.852066522786, 13699.852066522786, 13699.852066522786, 13699.852066522786, 13699.852066522786, 13699.852066522786, 13699.852066522786, 13699.852066522786, 13699.852066522786, 13699.852066522786, 13699.852066522786, 13699.852066522786, 13699.852066522786, 13699.852066522786, 13699.852066522786, 13699.852066522786, 13699.852066522786, 13699.852066522786, 13699.852066522786]
Computational time : 1690.61899996