Name : Ahmed ElMousel
Problem : X-n115-k10 
Whale Algorithm 
cost : 18245.0467973
Routes : 
1->1
1->1
1->1
1->1
1->1
1->1
1->79->42->87->6->108->9->44->115->111->54->103->73->61->112->2->88->49->94->116->1
1->37->17->29->134->48->97->34->126->124->83->138->56->143->84->57->92->36->86->20->8->33->1
1->127->137->117->18->3->80->7->32->99->122->31->47->68->121->98->26->128->85->1
1->69->91->45->75->12->101->82->63->105->133->24->22->38->120->23->123->15->140->58->89->1
1->14->72->53->21->102->118->109->93->135->39->16->28->107->25->67->74->52->50->51->110->1
1->5->125->71->41->60->136->59->35->139->106->130->77->4->95->76->27->113->64->114->11->104->100->1
1->129->119->55->13->90->66->46->62->65->19->78->81->40->30->43->132->70->141->142->96->10->131->1
best solutions : 
[26479.71521668883, 25146.248293108118, 24185.920617807664, 23615.482774828524, 22511.6003409823, 22081.653627951102, 21334.10880682466, 21167.353450496586, 21158.953895089395, 21092.727296148318, 20281.081841682742, 20230.767946161843, 20230.767946161843, 20103.69338525701, 19854.017850897602, 19796.05357739223, 19777.201147852327, 19645.55568430417, 19645.55568430417, 19645.55568430417, 19645.55568430417, 19632.3977836646, 19542.664666047065, 19420.13967690902, 19360.131135796008, 19360.131135796008, 19360.131135796008, 19360.131135796008, 19360.131135796008, 19360.131135796008, 19360.131135796008, 19360.131135796008, 19360.131135796008, 19360.131135796008, 19360.131135796008, 19297.779100234606, 19297.779100234606, 19297.779100234606, 19297.779100234606, 19297.779100234606, 19297.779100234606, 19297.779100234606, 19258.58368127867, 19258.58368127867, 19258.58368127867, 19258.58368127867, 19258.58368127867, 19258.58368127867, 19222.335085709565, 19222.335085709565, 19222.335085709565, 19222.335085709565, 19222.335085709565, 19222.335085709565, 19222.335085709565, 19222.335085709565, 19222.335085709565, 19222.335085709565, 19222.335085709565, 19222.335085709565, 19222.335085709565, 19222.335085709565, 19222.335085709565, 19222.335085709565, 19222.335085709565, 19222.335085709565, 19222.335085709565, 19222.335085709565, 19222.335085709565, 19142.569045258562, 19142.569045258562, 19142.569045258562, 19142.569045258562, 19142.569045258562, 19142.569045258562, 19142.569045258562, 19139.468553097788, 19139.468553097788, 19139.468553097788, 19139.468553097788, 19139.468553097788, 19139.468553097788, 19137.758116444806, 19137.758116444806, 19137.758116444806, 19137.758116444806, 19137.758116444806, 19137.758116444806, 19137.758116444806, 19137.758116444806, 19137.758116444806, 19137.758116444806, 19137.758116444806, 19137.758116444806, 19137.758116444806, 19137.758116444806, 19105.528102682292, 19105.528102682292, 19105.528102682292, 19105.528102682292, 19105.528102682292, 19105.528102682292, 19105.528102682292, 19105.528102682292, 19105.528102682292, 19105.528102682292, 19105.528102682292, 19105.528102682292, 19105.528102682292, 19105.528102682292, 19097.59652173549, 19097.59652173549, 19097.59652173549, 19097.59652173549, 19097.59652173549, 19075.311513238365, 19075.311513238365, 19075.311513238365, 19075.311513238365, 19075.311513238365, 19075.311513238365, 19054.914749663363, 19054.914749663363, 19054.914749663363, 19054.914749663363, 19054.914749663363, 19054.914749663363, 19054.914749663363, 19054.914749663363, 19054.914749663363, 19054.914749663363, 19054.914749663363, 19047.332646239487, 19047.332646239487, 19047.332646239487, 19047.332646239487, 18965.59249463313, 18965.59249463313, 18965.59249463313, 18965.59249463313, 18965.59249463313, 18965.59249463313, 18931.67206668983, 18931.67206668983, 18931.67206668983, 18931.67206668983, 18931.67206668983, 18931.67206668983, 18931.67206668983, 18931.67206668983, 18931.67206668983, 18931.67206668983, 18931.67206668983, 18931.67206668983, 18931.67206668983, 18912.48258013897, 18912.48258013897, 18912.48258013897, 18912.48258013897, 18912.48258013897, 18912.48258013897, 18912.48258013897, 18912.48258013897, 18912.48258013897, 18912.48258013897, 18912.48258013897, 18912.48258013897, 18912.48258013897, 18912.48258013897, 18912.48258013897, 18912.48258013897, 18912.48258013897, 18912.48258013897, 18912.48258013897, 18912.48258013897, 18912.48258013897, 18912.48258013897, 18912.48258013897, 18912.48258013897, 18912.48258013897, 18912.48258013897, 18912.48258013897, 18912.48258013897, 18912.48258013897, 18912.48258013897, 18912.48258013897, 18912.48258013897, 18912.48258013897, 18912.48258013897, 18912.48258013897, 18912.48258013897, 18912.48258013897, 18912.48258013897, 18912.48258013897, 18912.48258013897, 18912.48258013897, 18912.48258013897, 18912.48258013897, 18912.48258013897, 18912.48258013897, 18912.48258013897, 18912.48258013897, 18912.48258013897, 18912.48258013897, 18912.48258013897, 18912.48258013897, 18912.48258013897, 18912.48258013897, 18912.48258013897, 18912.48258013897, 18912.48258013897, 18912.48258013897, 18912.48258013897, 18912.48258013897, 18912.48258013897, 18912.48258013897, 18912.48258013897, 18912.48258013897, 18912.48258013897, 18912.48258013897, 18912.48258013897, 18912.48258013897, 18912.48258013897, 18912.48258013897, 18912.48258013897, 18912.48258013897, 18912.48258013897, 18912.48258013897, 18912.48258013897, 18912.48258013897, 18912.48258013897, 18912.48258013897, 18912.48258013897, 18912.48258013897, 18912.48258013897, 18912.48258013897, 18912.48258013897, 18912.48258013897, 18912.48258013897, 18912.48258013897, 18912.48258013897, 18912.48258013897, 18912.48258013897, 18912.48258013897, 18912.48258013897, 18912.48258013897, 18912.48258013897, 18912.48258013897, 18912.48258013897, 18912.48258013897, 18912.48258013897, 18912.48258013897, 18912.48258013897, 18912.48258013897, 18912.48258013897, 18912.48258013897, 18912.48258013897, 18912.48258013897, 18912.48258013897, 18912.48258013897, 18912.48258013897, 18912.48258013897, 18912.48258013897, 18912.48258013897, 18912.48258013897, 18912.48258013897, 18912.48258013897, 18912.48258013897, 18912.48258013897, 18912.48258013897, 18912.48258013897, 18912.48258013897, 18912.48258013897, 18912.48258013897, 18912.48258013897, 18912.48258013897, 18912.48258013897, 18912.48258013897, 18912.48258013897, 18912.48258013897, 18912.48258013897, 18912.48258013897, 18912.48258013897, 18912.48258013897, 18912.48258013897, 18912.48258013897, 18912.48258013897, 18912.48258013897, 18912.48258013897, 18904.97442262123, 18904.97442262123, 18904.97442262123, 18904.97442262123, 18904.97442262123, 18904.97442262123, 18904.97442262123, 18904.97442262123, 18904.97442262123, 18904.97442262123, 18904.97442262123, 18904.97442262123, 18904.97442262123, 18904.97442262123, 18904.97442262123, 18904.97442262123, 18904.97442262123, 18904.97442262123, 18904.97442262123, 18904.97442262123, 18904.97442262123, 18904.97442262123, 18904.97442262123, 18904.97442262123, 18904.97442262123, 18904.97442262123, 18904.97442262123, 18876.019170594387, 18876.019170594387, 18876.019170594387, 18876.019170594387, 18876.019170594387, 18876.019170594387, 18876.019170594387, 18876.019170594387, 18871.794520682706, 18871.794520682706, 18871.794520682706, 18871.794520682706, 18871.794520682706, 18871.794520682706, 18871.794520682706, 18871.794520682706, 18871.794520682706, 18871.794520682706, 18871.794520682706, 18871.794520682706, 18871.794520682706, 18871.794520682706, 18871.794520682706, 18871.794520682706, 18871.794520682706, 18871.794520682706, 18871.794520682706, 18871.794520682706, 18871.794520682706, 18871.794520682706, 18871.794520682706, 18871.794520682706, 18871.794520682706, 18871.794520682706, 18871.794520682706, 18871.794520682706, 18871.794520682706, 18871.794520682706, 18871.794520682706, 18871.794520682706, 18871.794520682706, 18871.794520682706, 18871.794520682706, 18871.794520682706, 18864.006838670743, 18864.006838670743, 18864.006838670743, 18864.006838670743, 18864.006838670743, 18864.006838670743, 18864.006838670743, 18864.006838670743, 18864.006838670743, 18864.006838670743, 18864.006838670743, 18864.006838670743, 18864.006838670743, 18864.006838670743, 18864.006838670743, 18864.006838670743, 18864.006838670743, 18864.006838670743, 18864.006838670743, 18864.006838670743, 18864.006838670743, 18864.006838670743, 18864.006838670743, 18864.006838670743, 18864.006838670743, 18864.006838670743, 18864.006838670743, 18864.006838670743, 18864.006838670743, 18864.006838670743, 18864.006838670743, 18864.006838670743, 18864.006838670743, 18864.006838670743, 18864.006838670743, 18864.006838670743, 18864.006838670743, 18864.006838670743, 18864.006838670743, 18864.006838670743, 18864.006838670743, 18864.006838670743, 18864.006838670743, 18864.006838670743, 18864.006838670743, 18864.006838670743, 18864.006838670743, 18864.006838670743, 18864.006838670743, 18864.006838670743, 18864.006838670743, 18864.006838670743, 18864.006838670743, 18864.006838670743, 18864.006838670743, 18864.006838670743, 18864.006838670743, 18864.006838670743, 18864.006838670743, 18864.006838670743, 18864.006838670743, 18864.006838670743, 18864.006838670743, 18864.006838670743, 18864.006838670743, 18864.006838670743, 18864.006838670743, 18864.006838670743, 18864.006838670743, 18864.006838670743, 18864.006838670743, 18864.006838670743, 18864.006838670743, 18864.006838670743, 18864.006838670743, 18864.006838670743, 18864.006838670743, 18864.006838670743, 18864.006838670743, 18864.006838670743, 18864.006838670743, 18864.006838670743, 18864.006838670743, 18864.006838670743, 18864.006838670743, 18864.006838670743, 18864.006838670743, 18864.006838670743, 18864.006838670743, 18864.006838670743, 18864.006838670743, 18864.006838670743, 18864.006838670743, 18864.006838670743, 18864.006838670743, 18864.006838670743, 18864.006838670743, 18864.006838670743, 18864.006838670743, 18864.006838670743, 18864.006838670743, 18864.006838670743, 18864.006838670743, 18864.006838670743, 18864.006838670743, 18864.006838670743, 18864.006838670743, 18864.006838670743, 18864.006838670743, 18864.006838670743, 18864.006838670743, 18864.006838670743, 18864.006838670743, 18850.04983014292, 18850.04983014292, 18850.04983014292, 18850.04983014292, 18850.04983014292, 18850.04983014292, 18850.04983014292, 18850.04983014292, 18850.04983014292, 18850.04983014292, 18850.04983014292, 18850.04983014292, 18850.04983014292, 18850.04983014292, 18850.04983014292, 18850.04983014292, 18850.04983014292, 18850.04983014292, 18850.04983014292, 18850.04983014292, 18850.04983014292, 18850.04983014292, 18850.04983014292, 18850.04983014292, 18850.04983014292, 18850.04983014292, 18850.04983014292, 18850.04983014292, 18850.04983014292, 18850.04983014292, 18850.04983014292, 18850.04983014292, 18850.04983014292, 18850.04983014292, 18850.04983014292, 18850.04983014292, 18850.04983014292, 18850.04983014292, 18850.04983014292, 18850.04983014292, 18850.04983014292, 18850.04983014292, 18850.04983014292, 18850.04983014292, 18850.04983014292, 18850.04983014292, 18850.04983014292, 18850.04983014292, 18850.04983014292, 18850.04983014292, 18850.04983014292, 18850.04983014292, 18850.04983014292, 18850.04983014292, 18850.04983014292, 18850.04983014292, 18850.04983014292, 18850.04983014292, 18850.04983014292, 18850.04983014292, 18850.04983014292, 18850.04983014292, 18850.04983014292, 18850.04983014292, 18850.04983014292, 18850.04983014292, 18850.04983014292, 18850.04983014292, 18850.04983014292, 18850.04983014292, 18850.04983014292, 18850.04983014292, 18850.04983014292, 18850.04983014292, 18850.04983014292, 18850.04983014292, 18850.04983014292, 18850.04983014292, 18850.04983014292, 18850.04983014292, 18850.04983014292, 18850.04983014292, 18850.04983014292, 18850.04983014292, 18850.04983014292, 18850.04983014292, 18850.04983014292, 18850.04983014292, 18850.04983014292, 18850.04983014292, 18850.04983014292, 18850.04983014292, 18850.04983014292, 18850.04983014292, 18850.04983014292, 18850.04983014292, 18850.04983014292, 18850.04983014292, 18850.04983014292, 18850.04983014292, 18850.04983014292, 18850.04983014292, 18850.04983014292, 18850.04983014292, 18850.04983014292, 18850.04983014292, 18850.04983014292, 18850.04983014292, 18850.04983014292, 18850.04983014292, 18850.04983014292, 18850.04983014292, 18850.04983014292, 18850.04983014292, 18850.04983014292, 18850.04983014292, 18850.04983014292, 18850.04983014292, 18850.04983014292, 18850.04983014292, 18850.04983014292, 18850.04983014292, 18850.04983014292, 18850.04983014292, 18850.04983014292, 18850.04983014292, 18850.04983014292, 18850.04983014292, 18850.04983014292, 18850.04983014292, 18850.04983014292, 18850.04983014292, 18850.04983014292, 18850.04983014292, 18850.04983014292, 18850.04983014292, 18850.04983014292, 18850.04983014292, 18850.04983014292, 18850.04983014292, 18850.04983014292, 18850.04983014292, 18850.04983014292, 18850.04983014292, 18850.04983014292, 18850.04983014292, 18850.04983014292, 18850.04983014292, 18850.04983014292, 18850.04983014292, 18850.04983014292, 18850.04983014292, 18850.04983014292, 18850.04983014292, 18850.04983014292, 18850.04983014292, 18850.04983014292, 18850.04983014292, 18850.04983014292, 18850.04983014292, 18850.04983014292, 18850.04983014292, 18850.04983014292, 18850.04983014292, 18850.04983014292, 18850.04983014292, 18850.04983014292, 18850.04983014292, 18850.04983014292, 18850.04983014292, 18850.04983014292, 18850.04983014292, 18850.04983014292, 18850.04983014292, 18850.04983014292, 18850.04983014292, 18850.04983014292, 18850.04983014292, 18850.04983014292, 18850.04983014292, 18850.04983014292, 18850.04983014292, 18850.04983014292, 18850.04983014292, 18850.04983014292, 18850.04983014292, 18850.04983014292, 18850.04983014292, 18850.04983014292, 18850.04983014292, 18850.04983014292, 18850.04983014292, 18850.04983014292, 18850.04983014292, 18850.04983014292, 18850.04983014292, 18850.04983014292, 18850.04983014292, 18850.04983014292, 18850.04983014292, 18850.04983014292, 18850.04983014292, 18850.04983014292, 18850.04983014292, 18850.04983014292, 18850.04983014292, 18850.04983014292, 18850.04983014292, 18850.04983014292, 18850.04983014292, 18850.04983014292, 18850.04983014292, 18850.04983014292, 18850.04983014292, 18850.04983014292, 18850.04983014292, 18850.04983014292, 18850.04983014292, 18850.04983014292, 18850.04983014292, 18850.04983014292, 18850.04983014292, 18850.04983014292, 18850.04983014292, 18850.04983014292, 18850.04983014292, 18850.04983014292, 18850.04983014292, 18850.04983014292, 18850.04983014292, 18850.04983014292, 18850.04983014292, 18850.04983014292, 18850.04983014292, 18850.04983014292, 18850.04983014292, 18850.04983014292, 18850.04983014292, 18850.04983014292, 18850.04983014292, 18850.04983014292, 18850.04983014292, 18850.04983014292, 18850.04983014292, 18850.04983014292, 18850.04983014292, 18850.04983014292, 18850.04983014292, 18850.04983014292, 18850.04983014292, 18826.5019360843, 18826.5019360843, 18826.5019360843, 18826.5019360843, 18826.5019360843, 18826.5019360843, 18826.5019360843, 18826.5019360843, 18826.5019360843, 18826.5019360843, 18826.5019360843, 18826.5019360843, 18826.5019360843, 18826.5019360843, 18826.5019360843, 18826.5019360843, 18826.5019360843, 18826.5019360843, 18826.5019360843, 18826.5019360843, 18826.5019360843, 18826.5019360843, 18826.5019360843, 18826.5019360843, 18826.5019360843, 18821.648258872352, 18821.648258872352, 18821.648258872352, 18821.648258872352, 18821.648258872352, 18821.648258872352, 18821.648258872352, 18821.648258872352, 18821.648258872352, 18821.648258872352, 18821.648258872352, 18821.648258872352, 18821.648258872352, 18821.648258872352, 18821.648258872352, 18821.648258872352, 18821.648258872352, 18821.648258872352, 18821.648258872352, 18821.648258872352, 18821.648258872352, 18821.648258872352, 18821.648258872352, 18821.648258872352, 18821.648258872352, 18821.648258872352, 18821.648258872352, 18821.648258872352, 18821.648258872352, 18821.648258872352, 18821.648258872352, 18821.648258872352, 18821.648258872352, 18821.648258872352, 18821.648258872352, 18821.648258872352, 18821.648258872352, 18821.648258872352, 18821.648258872352, 18821.648258872352, 18821.648258872352, 18821.648258872352, 18821.648258872352, 18821.648258872352, 18821.648258872352, 18821.648258872352, 18821.648258872352, 18821.648258872352, 18821.648258872352, 18821.648258872352, 18821.648258872352, 18821.648258872352, 18821.648258872352, 18821.648258872352, 18821.648258872352, 18821.648258872352, 18816.003426684547, 18816.003426684547, 18816.003426684547, 18816.003426684547, 18816.003426684547, 18816.003426684547, 18816.003426684547, 18816.003426684547, 18816.003426684547, 18816.003426684547, 18816.003426684547, 18816.003426684547, 18816.003426684547, 18801.401878321936, 18801.401878321936, 18801.401878321936, 18801.401878321936, 18801.401878321936, 18801.401878321936, 18801.401878321936, 18801.401878321936, 18801.401878321936, 18798.357398014094, 18798.357398014094, 18798.357398014094, 18787.225385731806, 18787.225385731806, 18787.225385731806, 18787.225385731806, 18787.225385731806, 18787.225385731806, 18787.225385731806, 18787.225385731806, 18787.225385731806, 18787.225385731806, 18787.225385731806, 18787.225385731806, 18787.225385731806, 18787.225385731806, 18787.225385731806, 18787.225385731806, 18787.225385731806, 18787.225385731806, 18787.225385731806, 18787.225385731806, 18787.225385731806, 18787.225385731806, 18787.225385731806, 18787.225385731806, 18756.577469076958, 18756.577469076958, 18756.577469076958, 18756.577469076958, 18756.577469076958, 18756.577469076958, 18756.577469076958, 18756.577469076958, 18756.577469076958, 18756.577469076958, 18756.577469076958, 18756.577469076958, 18756.577469076958, 18756.577469076958, 18756.577469076958, 18756.577469076958, 18756.577469076958, 18756.577469076958, 18756.577469076958, 18756.577469076958, 18756.577469076958, 18756.577469076958, 18756.577469076958, 18754.828786390448, 18754.828786390448, 18754.828786390448, 18754.828786390448, 18754.828786390448, 18754.828786390448, 18752.606402508114, 18752.606402508114, 18752.606402508114, 18752.606402508114, 18752.606402508114, 18752.606402508114, 18752.606402508114, 18752.606402508114, 18752.606402508114, 18752.606402508114, 18752.606402508114, 18752.606402508114, 18752.606402508114, 18752.606402508114, 18752.606402508114, 18752.606402508114, 18752.606402508114, 18752.606402508114, 18752.606402508114, 18752.606402508114, 18752.606402508114, 18752.606402508114, 18752.606402508114, 18752.606402508114, 18752.606402508114, 18752.606402508114, 18752.606402508114, 18752.606402508114, 18752.606402508114, 18752.606402508114, 18752.606402508114, 18752.606402508114, 18752.606402508114, 18752.606402508114, 18752.606402508114, 18752.606402508114, 18752.606402508114, 18752.606402508114, 18752.606402508114, 18752.606402508114, 18752.606402508114, 18752.606402508114, 18752.606402508114, 18752.606402508114, 18752.606402508114, 18752.606402508114, 18752.606402508114, 18752.606402508114, 18752.606402508114, 18752.606402508114, 18752.606402508114, 18752.606402508114, 18752.606402508114, 18752.606402508114, 18752.606402508114, 18752.606402508114, 18752.606402508114, 18752.606402508114, 18752.606402508114, 18752.606402508114, 18752.606402508114, 18752.606402508114, 18752.606402508114, 18752.606402508114, 18752.606402508114, 18752.606402508114, 18752.606402508114, 18752.606402508114, 18752.606402508114, 18752.606402508114, 18752.606402508114, 18752.606402508114, 18752.606402508114, 18752.606402508114, 18752.606402508114, 18752.606402508114, 18752.606402508114, 18752.606402508114, 18752.606402508114, 18752.606402508114, 18752.606402508114, 18752.606402508114, 18752.606402508114, 18752.606402508114, 18752.606402508114, 18752.606402508114, 18752.606402508114, 18752.606402508114, 18752.606402508114, 18752.606402508114, 18752.606402508114, 18752.606402508114, 18752.606402508114, 18752.606402508114, 18752.606402508114, 18752.606402508114, 18752.606402508114, 18752.606402508114, 18752.606402508114, 18752.606402508114, 18752.606402508114, 18752.606402508114, 18752.606402508114, 18752.606402508114, 18752.606402508114, 18752.606402508114, 18752.606402508114, 18752.606402508114, 18752.606402508114, 18752.606402508114, 18752.606402508114, 18752.606402508114, 18752.606402508114, 18752.606402508114, 18752.606402508114, 18752.606402508114, 18740.138706221995, 18740.138706221995, 18740.138706221995, 18740.138706221995, 18740.138706221995, 18740.138706221995, 18740.138706221995, 18740.138706221995, 18736.18705525424, 18736.18705525424, 18736.18705525424, 18736.18705525424, 18729.091426749088, 18729.091426749088, 18729.091426749088, 18729.091426749088, 18708.694663174083, 18708.694663174083, 18708.694663174083, 18708.694663174083, 18708.694663174083, 18708.694663174083, 18708.694663174083, 18708.694663174083, 18708.694663174083, 18708.694663174083, 18708.694663174083, 18708.694663174083, 18708.694663174083, 18708.694663174083, 18708.694663174083, 18708.694663174083, 18708.694663174083, 18708.694663174083, 18708.694663174083, 18708.694663174083, 18708.694663174083, 18708.694663174083, 18708.694663174083, 18708.694663174083, 18708.694663174083, 18708.694663174083, 18708.694663174083, 18708.694663174083, 18708.694663174083, 18708.694663174083, 18708.694663174083, 18708.694663174083, 18708.694663174083, 18708.694663174083, 18708.694663174083, 18708.694663174083, 18708.694663174083, 18708.694663174083, 18708.694663174083, 18708.694663174083, 18708.694663174083, 18708.694663174083, 18708.694663174083, 18708.694663174083, 18708.694663174083, 18708.694663174083, 18708.694663174083, 18708.694663174083, 18708.694663174083, 18708.694663174083, 18708.694663174083, 18708.694663174083, 18708.694663174083, 18708.694663174083, 18708.694663174083, 18708.694663174083, 18708.694663174083, 18708.694663174083, 18708.694663174083, 18708.694663174083, 18708.694663174083, 18708.694663174083, 18708.694663174083, 18708.694663174083, 18708.694663174083, 18708.694663174083, 18708.694663174083, 18708.694663174083, 18668.58413018156, 18668.58413018156, 18668.58413018156, 18668.58413018156, 18668.58413018156, 18668.58413018156, 18668.58413018156, 18668.58413018156, 18668.58413018156, 18668.58413018156, 18668.58413018156, 18668.58413018156, 18668.58413018156, 18668.58413018156, 18668.58413018156, 18668.58413018156, 18668.58413018156, 18668.58413018156, 18668.58413018156, 18668.58413018156, 18668.58413018156, 18623.614055435584, 18623.614055435584, 18623.614055435584, 18623.614055435584, 18623.614055435584, 18623.614055435584, 18623.614055435584, 18623.614055435584, 18623.614055435584, 18623.614055435584, 18623.614055435584, 18623.614055435584, 18623.614055435584, 18623.614055435584, 18623.614055435584, 18623.614055435584, 18623.614055435584, 18623.614055435584, 18623.614055435584, 18623.614055435584, 18623.614055435584, 18623.614055435584, 18623.614055435584, 18623.614055435584, 18623.614055435584, 18623.614055435584, 18623.614055435584, 18623.614055435584, 18623.614055435584, 18623.614055435584, 18623.614055435584, 18623.614055435584, 18623.614055435584, 18623.614055435584, 18623.614055435584, 18623.614055435584, 18623.614055435584, 18623.614055435584, 18623.614055435584, 18623.614055435584, 18623.614055435584, 18623.614055435584, 18623.614055435584, 18623.614055435584, 18623.614055435584, 18623.614055435584, 18623.614055435584, 18623.614055435584, 18623.614055435584, 18623.614055435584, 18623.614055435584, 18623.614055435584, 18623.614055435584, 18623.614055435584, 18623.614055435584, 18623.614055435584, 18623.614055435584, 18623.614055435584, 18623.614055435584, 18623.614055435584, 18623.614055435584, 18623.614055435584, 18623.614055435584, 18623.614055435584, 18623.614055435584, 18623.614055435584, 18623.614055435584, 18623.614055435584, 18623.614055435584, 18623.614055435584, 18623.614055435584, 18623.614055435584, 18623.614055435584, 18623.614055435584, 18623.614055435584, 18623.614055435584, 18623.614055435584, 18623.614055435584, 18623.614055435584, 18623.614055435584, 18623.614055435584, 18623.614055435584, 18623.614055435584, 18623.614055435584, 18623.614055435584, 18623.614055435584, 18623.614055435584, 18623.614055435584, 18623.614055435584, 18623.614055435584, 18623.614055435584, 18623.614055435584, 18623.614055435584, 18623.614055435584, 18623.614055435584, 18623.614055435584, 18623.614055435584, 18623.614055435584, 18623.614055435584, 18623.614055435584, 18623.614055435584, 18623.614055435584, 18623.614055435584, 18623.614055435584, 18623.614055435584, 18623.614055435584, 18623.614055435584, 18623.614055435584, 18623.614055435584, 18623.614055435584, 18623.614055435584, 18623.614055435584, 18623.614055435584, 18623.614055435584, 18623.614055435584, 18623.614055435584, 18623.614055435584, 18623.614055435584, 18623.614055435584, 18623.614055435584, 18623.614055435584, 18623.614055435584, 18623.614055435584, 18623.614055435584, 18623.614055435584, 18623.614055435584, 18623.614055435584, 18623.614055435584, 18623.614055435584, 18623.614055435584, 18623.614055435584, 18623.614055435584, 18623.614055435584, 18623.614055435584, 18623.614055435584, 18623.614055435584, 18623.614055435584, 18623.614055435584, 18623.614055435584, 18623.614055435584, 18623.614055435584, 18623.614055435584, 18623.614055435584, 18623.614055435584, 18623.614055435584, 18623.614055435584, 18623.614055435584, 18623.614055435584, 18623.614055435584, 18623.614055435584, 18623.614055435584, 18623.614055435584, 18623.614055435584, 18623.614055435584, 18623.614055435584, 18623.614055435584, 18623.614055435584, 18623.614055435584, 18623.614055435584, 18623.614055435584, 18623.614055435584, 18623.614055435584, 18623.614055435584, 18623.614055435584, 18623.614055435584, 18623.614055435584, 18623.614055435584, 18623.614055435584, 18623.614055435584, 18623.614055435584, 18623.614055435584, 18623.614055435584, 18623.614055435584, 18623.614055435584, 18623.614055435584, 18623.614055435584, 18623.614055435584, 18623.614055435584, 18623.614055435584, 18623.614055435584, 18623.614055435584, 18623.614055435584, 18578.968163026602, 18578.968163026602, 18578.968163026602, 18578.968163026602, 18578.968163026602, 18578.968163026602, 18578.968163026602, 18578.968163026602, 18578.968163026602, 18578.968163026602, 18578.968163026602, 18578.968163026602, 18578.968163026602, 18578.968163026602, 18578.968163026602, 18578.968163026602, 18578.968163026602, 18578.968163026602, 18578.968163026602, 18578.968163026602, 18578.968163026602, 18578.968163026602, 18578.968163026602, 18578.968163026602, 18578.968163026602, 18578.968163026602, 18578.968163026602, 18578.968163026602, 18578.968163026602, 18578.968163026602, 18578.968163026602, 18578.968163026602, 18578.968163026602, 18578.968163026602, 18578.968163026602, 18578.968163026602, 18578.968163026602, 18578.968163026602, 18578.968163026602, 18578.968163026602, 18578.968163026602, 18578.968163026602, 18578.968163026602, 18578.092174963585, 18578.092174963585, 18578.092174963585, 18578.092174963585, 18578.092174963585, 18578.092174963585, 18578.092174963585, 18578.092174963585, 18578.092174963585, 18578.092174963585, 18578.092174963585, 18578.092174963585, 18578.092174963585, 18578.092174963585, 18578.092174963585, 18578.092174963585, 18578.092174963585, 18578.092174963585, 18578.092174963585, 18578.092174963585, 18578.092174963585, 18578.092174963585, 18578.092174963585, 18578.092174963585, 18578.092174963585, 18578.092174963585, 18578.092174963585, 18564.494363907732, 18564.494363907732, 18564.494363907732, 18564.494363907732, 18564.494363907732, 18564.494363907732, 18564.494363907732, 18564.494363907732, 18564.494363907732, 18564.494363907732, 18564.494363907732, 18564.494363907732, 18564.494363907732, 18564.494363907732, 18564.494363907732, 18564.494363907732, 18564.494363907732, 18564.494363907732, 18564.494363907732, 18564.494363907732, 18564.494363907732, 18564.494363907732, 18557.44352447715, 18557.44352447715, 18557.44352447715, 18557.44352447715, 18557.44352447715, 18557.44352447715, 18557.44352447715, 18557.44352447715, 18557.44352447715, 18557.44352447715, 18557.44352447715, 18557.44352447715, 18557.44352447715, 18557.44352447715, 18557.44352447715, 18557.44352447715, 18557.44352447715, 18557.44352447715, 18557.44352447715, 18557.44352447715, 18557.44352447715, 18557.44352447715, 18557.44352447715, 18557.44352447715, 18557.44352447715, 18557.44352447715, 18557.44352447715, 18557.44352447715, 18557.44352447715, 18557.44352447715, 18557.44352447715, 18557.44352447715, 18557.44352447715, 18557.44352447715, 18557.44352447715, 18557.44352447715, 18557.44352447715, 18557.44352447715, 18557.44352447715, 18557.44352447715, 18557.44352447715, 18557.44352447715, 18557.44352447715, 18557.44352447715, 18557.44352447715, 18557.44352447715, 18557.44352447715, 18557.44352447715, 18557.44352447715, 18557.44352447715, 18557.44352447715, 18557.44352447715, 18557.44352447715, 18557.44352447715, 18557.44352447715, 18557.44352447715, 18557.44352447715, 18557.44352447715, 18549.703441006262, 18549.703441006262, 18549.703441006262, 18549.703441006262, 18549.703441006262, 18549.703441006262, 18549.703441006262, 18549.703441006262, 18549.703441006262, 18549.703441006262, 18549.703441006262, 18549.703441006262, 18549.703441006262, 18549.703441006262, 18549.703441006262, 18549.703441006262, 18549.703441006262, 18549.703441006262, 18549.703441006262, 18549.703441006262, 18549.703441006262, 18549.703441006262, 18537.69017012454, 18537.69017012454, 18537.69017012454, 18537.69017012454, 18537.69017012454, 18537.69017012454, 18537.69017012454, 18537.69017012454, 18537.69017012454, 18537.69017012454, 18537.69017012454, 18537.69017012454, 18537.69017012454, 18537.69017012454, 18537.69017012454, 18537.69017012454, 18537.69017012454, 18537.69017012454, 18537.69017012454, 18537.69017012454, 18537.69017012454, 18537.69017012454, 18537.69017012454, 18537.69017012454, 18537.69017012454, 18537.69017012454, 18537.69017012454, 18537.69017012454, 18537.69017012454, 18537.69017012454, 18537.69017012454, 18537.69017012454, 18537.69017012454, 18537.69017012454, 18537.69017012454, 18537.69017012454, 18537.69017012454, 18537.69017012454, 18537.69017012454, 18537.69017012454, 18537.69017012454, 18537.69017012454, 18537.69017012454, 18537.69017012454, 18537.69017012454, 18537.69017012454, 18537.69017012454, 18537.69017012454, 18474.799763701274, 18474.799763701274, 18474.799763701274, 18474.799763701274, 18474.799763701274, 18474.799763701274, 18474.799763701274, 18474.799763701274, 18474.799763701274, 18474.799763701274, 18474.799763701274, 18474.799763701274, 18474.799763701274, 18474.799763701274, 18474.799763701274, 18474.799763701274, 18474.799763701274, 18474.799763701274, 18474.799763701274, 18472.488500441916, 18472.488500441916, 18472.488500441916, 18472.488500441916, 18472.488500441916, 18472.488500441916, 18472.488500441916, 18472.488500441916, 18472.488500441916, 18472.488500441916, 18472.488500441916, 18472.488500441916, 18472.488500441916, 18472.488500441916, 18472.488500441916, 18472.488500441916, 18472.488500441916, 18472.488500441916, 18472.488500441916, 18472.488500441916, 18472.488500441916, 18472.488500441916, 18469.718657926733, 18469.718657926733, 18469.718657926733, 18469.718657926733, 18469.718657926733, 18469.718657926733, 18469.718657926733, 18469.718657926733, 18469.718657926733, 18469.718657926733, 18469.718657926733, 18469.718657926733, 18469.718657926733, 18461.37779014125, 18461.37779014125, 18461.37779014125, 18461.37779014125, 18461.37779014125, 18461.37779014125, 18461.37779014125, 18461.37779014125, 18461.37779014125, 18461.37779014125, 18461.37779014125, 18461.37779014125, 18461.37779014125, 18461.37779014125, 18461.37779014125, 18461.37779014125, 18461.37779014125, 18461.37779014125, 18461.37779014125, 18461.37779014125, 18461.37779014125, 18461.37779014125, 18461.37779014125, 18461.37779014125, 18461.37779014125, 18461.37779014125, 18461.37779014125, 18461.37779014125, 18461.37779014125, 18461.37779014125, 18461.37779014125, 18461.37779014125, 18461.37779014125, 18461.37779014125, 18461.37779014125, 18461.37779014125, 18461.37779014125, 18461.37779014125, 18461.37779014125, 18461.37779014125, 18461.37779014125, 18461.37779014125, 18461.37779014125, 18461.37779014125, 18461.37779014125, 18461.37779014125, 18461.37779014125, 18461.37779014125, 18461.37779014125, 18461.37779014125, 18461.37779014125, 18461.37779014125, 18461.37779014125, 18461.37779014125, 18461.37779014125, 18461.37779014125, 18461.37779014125, 18461.37779014125, 18461.37779014125, 18461.37779014125, 18461.37779014125, 18461.37779014125, 18461.37779014125, 18461.37779014125, 18461.37779014125, 18461.37779014125, 18461.37779014125, 18461.37779014125, 18461.37779014125, 18461.37779014125, 18461.37779014125, 18461.37779014125, 18461.37779014125, 18461.37779014125, 18461.37779014125, 18461.37779014125, 18461.37779014125, 18461.37779014125, 18461.37779014125, 18461.37779014125, 18461.37779014125, 18461.37779014125, 18461.37779014125, 18461.37779014125, 18461.37779014125, 18461.37779014125, 18461.37779014125, 18461.37779014125, 18461.37779014125, 18461.37779014125, 18461.37779014125, 18461.37779014125, 18461.37779014125, 18461.37779014125, 18461.37779014125, 18461.37779014125, 18461.37779014125, 18461.37779014125, 18461.37779014125, 18461.37779014125, 18461.37779014125, 18461.37779014125, 18461.37779014125, 18461.37779014125, 18461.37779014125, 18461.37779014125, 18461.37779014125, 18461.37779014125, 18461.37779014125, 18461.37779014125, 18461.37779014125, 18461.37779014125, 18461.37779014125, 18461.37779014125, 18461.37779014125, 18461.37779014125, 18461.37779014125, 18461.37779014125, 18461.37779014125, 18461.37779014125, 18461.37779014125, 18461.37779014125, 18461.37779014125, 18461.37779014125, 18461.37779014125, 18461.37779014125, 18461.37779014125, 18461.37779014125, 18461.37779014125, 18461.37779014125, 18461.37779014125, 18461.37779014125, 18461.37779014125, 18461.37779014125, 18461.37779014125, 18461.37779014125, 18461.37779014125, 18461.37779014125, 18461.37779014125, 18461.37779014125, 18458.526720172806, 18458.526720172806, 18458.526720172806, 18458.526720172806, 18458.526720172806, 18458.526720172806, 18458.526720172806, 18458.526720172806, 18458.526720172806, 18458.526720172806, 18458.526720172806, 18458.526720172806, 18458.526720172806, 18458.526720172806, 18458.526720172806, 18458.526720172806, 18458.526720172806, 18458.526720172806, 18458.526720172806, 18446.625294512614, 18446.625294512614, 18446.625294512614, 18446.625294512614, 18446.625294512614, 18446.625294512614, 18446.625294512614, 18446.625294512614, 18446.625294512614, 18446.625294512614, 18446.625294512614, 18446.625294512614, 18446.625294512614, 18446.625294512614, 18446.625294512614, 18446.625294512614, 18446.625294512614, 18446.625294512614, 18446.625294512614, 18446.625294512614, 18446.625294512614, 18446.625294512614, 18446.625294512614, 18446.625294512614, 18446.625294512614, 18446.625294512614, 18446.625294512614, 18446.625294512614, 18446.625294512614, 18446.625294512614, 18446.625294512614, 18446.625294512614, 18446.625294512614, 18446.625294512614, 18446.625294512614, 18446.625294512614, 18446.625294512614, 18446.625294512614, 18446.625294512614, 18446.625294512614, 18446.625294512614, 18446.625294512614, 18446.625294512614, 18446.625294512614, 18446.625294512614, 18446.625294512614, 18446.625294512614, 18446.625294512614, 18446.625294512614, 18446.625294512614, 18446.625294512614, 18446.625294512614, 18446.625294512614, 18446.625294512614, 18446.625294512614, 18446.625294512614, 18446.625294512614, 18446.625294512614, 18446.625294512614, 18446.625294512614, 18446.625294512614, 18446.625294512614, 18446.625294512614, 18446.625294512614, 18446.625294512614, 18446.625294512614, 18446.625294512614, 18446.625294512614, 18446.625294512614, 18446.625294512614, 18446.625294512614, 18446.625294512614, 18446.625294512614, 18446.625294512614, 18446.625294512614, 18446.625294512614, 18446.625294512614, 18446.625294512614, 18446.625294512614, 18446.625294512614, 18446.625294512614, 18446.625294512614, 18446.625294512614, 18446.625294512614, 18446.625294512614, 18446.625294512614, 18446.625294512614, 18446.625294512614, 18446.625294512614, 18446.625294512614, 18446.625294512614, 18446.625294512614, 18446.625294512614, 18446.625294512614, 18446.625294512614, 18446.625294512614, 18446.625294512614, 18446.625294512614, 18446.625294512614, 18446.587166296467, 18446.587166296467, 18446.587166296467, 18446.587166296467, 18446.587166296467, 18446.587166296467, 18446.587166296467, 18446.587166296467, 18446.587166296467, 18446.587166296467, 18446.587166296467, 18446.587166296467, 18446.587166296467, 18446.587166296467, 18446.587166296467, 18446.587166296467, 18446.587166296467, 18446.587166296467, 18446.587166296467, 18446.587166296467, 18446.587166296467, 18446.587166296467, 18446.587166296467, 18446.587166296467, 18446.587166296467, 18446.587166296467, 18446.587166296467, 18446.587166296467, 18446.587166296467, 18446.587166296467, 18446.587166296467, 18446.587166296467, 18446.587166296467, 18446.587166296467, 18446.587166296467, 18446.587166296467, 18446.587166296467, 18446.587166296467, 18446.587166296467, 18446.587166296467, 18446.587166296467, 18446.587166296467, 18446.587166296467, 18446.587166296467, 18446.587166296467, 18446.587166296467, 18446.587166296467, 18446.587166296467, 18446.587166296467, 18446.587166296467, 18446.587166296467, 18446.587166296467, 18446.587166296467, 18446.587166296467, 18446.587166296467, 18446.587166296467, 18446.587166296467, 18446.587166296467, 18446.587166296467, 18446.587166296467, 18446.587166296467, 18446.587166296467, 18446.587166296467, 18446.587166296467, 18446.587166296467, 18446.587166296467, 18446.587166296467, 18446.587166296467, 18446.587166296467, 18446.587166296467, 18446.587166296467, 18446.587166296467, 18446.587166296467, 18446.587166296467, 18446.587166296467, 18446.587166296467, 18446.587166296467, 18446.587166296467, 18446.587166296467, 18446.587166296467, 18446.587166296467, 18446.587166296467, 18446.587166296467, 18446.587166296467, 18446.587166296467, 18446.587166296467, 18446.587166296467, 18446.587166296467, 18446.587166296467, 18446.587166296467, 18446.587166296467, 18446.587166296467, 18446.587166296467, 18446.587166296467, 18446.587166296467, 18446.587166296467, 18446.587166296467, 18446.587166296467, 18446.587166296467, 18446.587166296467, 18446.587166296467, 18446.587166296467, 18446.587166296467, 18446.587166296467, 18446.587166296467, 18446.587166296467, 18446.587166296467, 18446.587166296467, 18446.587166296467, 18446.587166296467, 18446.587166296467, 18446.587166296467, 18446.587166296467, 18446.587166296467, 18446.587166296467, 18446.587166296467, 18446.587166296467, 18446.587166296467, 18446.587166296467, 18446.587166296467, 18446.587166296467, 18446.587166296467, 18446.587166296467, 18446.587166296467, 18446.587166296467, 18446.587166296467, 18446.587166296467, 18446.587166296467, 18446.587166296467, 18446.587166296467, 18434.19666409663, 18434.19666409663, 18434.19666409663, 18434.19666409663, 18434.19666409663, 18434.19666409663, 18434.19666409663, 18434.19666409663, 18434.19666409663, 18434.19666409663, 18434.19666409663, 18434.19666409663, 18434.19666409663, 18434.19666409663, 18434.19666409663, 18434.19666409663, 18434.19666409663, 18434.19666409663, 18434.19666409663, 18434.19666409663, 18434.19666409663, 18434.19666409663, 18434.19666409663, 18434.19666409663, 18434.19666409663, 18434.19666409663, 18434.19666409663, 18434.19666409663, 18434.19666409663, 18434.19666409663, 18434.19666409663, 18434.19666409663, 18434.19666409663, 18434.19666409663, 18434.19666409663, 18434.19666409663, 18434.19666409663, 18434.19666409663, 18434.19666409663, 18434.19666409663, 18434.19666409663, 18434.19666409663, 18434.19666409663, 18434.19666409663, 18434.19666409663, 18434.19666409663, 18434.19666409663, 18434.19666409663, 18434.19666409663, 18434.19666409663, 18434.19666409663, 18434.19666409663, 18434.19666409663, 18434.19666409663, 18434.19666409663, 18434.19666409663, 18434.19666409663, 18434.19666409663, 18434.19666409663, 18434.19666409663, 18434.19666409663, 18434.19666409663, 18434.19666409663, 18434.19666409663, 18434.19666409663, 18434.19666409663, 18434.19666409663, 18434.19666409663, 18434.19666409663, 18434.19666409663, 18434.19666409663, 18434.19666409663, 18434.19666409663, 18434.19666409663, 18434.19666409663, 18434.19666409663, 18434.19666409663, 18434.19666409663, 18434.19666409663, 18434.19666409663, 18434.19666409663, 18434.19666409663, 18434.19666409663, 18434.19666409663, 18434.19666409663, 18434.19666409663, 18434.19666409663, 18434.19666409663, 18434.19666409663, 18434.19666409663, 18434.19666409663, 18434.19666409663, 18434.19666409663, 18434.19666409663, 18434.19666409663, 18434.19666409663, 18434.19666409663, 18434.19666409663, 18434.19666409663, 18434.19666409663, 18434.19666409663, 18434.19666409663, 18434.19666409663, 18434.19666409663, 18434.19666409663, 18434.19666409663, 18434.19666409663, 18434.19666409663, 18434.19666409663, 18434.19666409663, 18434.19666409663, 18434.19666409663, 18434.19666409663, 18434.19666409663, 18434.19666409663, 18434.19666409663, 18434.19666409663, 18434.19666409663, 18434.19666409663, 18434.19666409663, 18434.19666409663, 18434.19666409663, 18434.19666409663, 18434.19666409663, 18434.19666409663, 18434.19666409663, 18434.19666409663, 18434.19666409663, 18434.19666409663, 18434.19666409663, 18434.19666409663, 18434.19666409663, 18434.19666409663, 18434.19666409663, 18434.19666409663, 18434.19666409663, 18434.19666409663, 18434.19666409663, 18434.19666409663, 18434.19666409663, 18434.19666409663, 18434.19666409663, 18434.19666409663, 18434.19666409663, 18434.19666409663, 18434.19666409663, 18434.19666409663, 18434.19666409663, 18434.19666409663, 18434.19666409663, 18434.19666409663, 18434.19666409663, 18434.19666409663, 18434.19666409663, 18434.19666409663, 18434.19666409663, 18434.19666409663, 18427.496060260957, 18427.496060260957, 18427.496060260957, 18427.496060260957, 18427.496060260957, 18427.496060260957, 18427.496060260957, 18427.496060260957, 18427.496060260957, 18427.496060260957, 18427.496060260957, 18427.496060260957, 18427.496060260957, 18427.496060260957, 18427.496060260957, 18427.496060260957, 18427.496060260957, 18427.496060260957, 18427.496060260957, 18427.496060260957, 18427.496060260957, 18427.496060260957, 18427.496060260957, 18427.496060260957, 18427.496060260957, 18427.496060260957, 18427.496060260957, 18427.496060260957, 18427.496060260957, 18427.496060260957, 18427.496060260957, 18427.496060260957, 18427.496060260957, 18427.496060260957, 18427.496060260957, 18427.496060260957, 18427.496060260957, 18427.496060260957, 18427.496060260957, 18427.496060260957, 18427.496060260957, 18427.496060260957, 18427.496060260957, 18427.496060260957, 18427.496060260957, 18427.496060260957, 18427.496060260957, 18427.496060260957, 18427.496060260957, 18427.496060260957, 18427.496060260957, 18427.496060260957, 18427.496060260957, 18427.496060260957, 18427.496060260957, 18427.496060260957, 18427.496060260957, 18427.496060260957, 18427.496060260957, 18427.496060260957, 18427.496060260957, 18427.496060260957, 18427.496060260957, 18427.496060260957, 18427.496060260957, 18427.496060260957, 18427.496060260957, 18427.496060260957, 18427.496060260957, 18427.496060260957, 18427.496060260957, 18427.496060260957, 18427.496060260957, 18427.496060260957, 18427.496060260957, 18427.496060260957, 18427.496060260957, 18427.496060260957, 18427.496060260957, 18427.496060260957, 18427.496060260957, 18427.496060260957, 18427.496060260957, 18427.496060260957, 18427.496060260957, 18427.496060260957, 18427.496060260957, 18427.496060260957, 18427.496060260957, 18427.496060260957, 18427.496060260957, 18427.496060260957, 18427.496060260957, 18427.496060260957, 18427.496060260957, 18427.496060260957, 18427.496060260957, 18427.496060260957, 18427.496060260957, 18427.496060260957, 18427.496060260957, 18427.496060260957, 18427.496060260957, 18427.496060260957, 18427.496060260957, 18427.496060260957, 18427.496060260957, 18427.496060260957, 18427.496060260957, 18427.496060260957, 18427.496060260957, 18427.496060260957, 18427.496060260957, 18427.496060260957, 18427.496060260957, 18427.496060260957, 18427.496060260957, 18427.496060260957, 18427.496060260957, 18427.496060260957, 18427.496060260957, 18427.496060260957, 18427.496060260957, 18427.496060260957, 18427.496060260957, 18427.496060260957, 18427.496060260957, 18427.496060260957, 18427.496060260957, 18427.496060260957, 18427.496060260957, 18427.496060260957, 18427.496060260957, 18427.496060260957, 18427.496060260957, 18427.496060260957, 18427.496060260957, 18427.496060260957, 18427.496060260957, 18427.496060260957, 18427.496060260957, 18427.496060260957, 18427.496060260957, 18427.496060260957, 18427.496060260957, 18427.496060260957, 18427.496060260957, 18427.496060260957, 18427.496060260957, 18427.496060260957, 18427.496060260957, 18427.496060260957, 18427.496060260957, 18427.496060260957, 18427.496060260957, 18427.496060260957, 18427.496060260957, 18427.496060260957, 18427.496060260957, 18427.496060260957, 18427.496060260957, 18427.496060260957, 18427.496060260957, 18427.496060260957, 18427.496060260957, 18427.496060260957, 18427.496060260957, 18427.496060260957, 18427.496060260957, 18427.496060260957, 18427.496060260957, 18427.496060260957, 18427.496060260957, 18427.496060260957, 18427.496060260957, 18427.496060260957, 18427.496060260957, 18427.496060260957, 18427.496060260957, 18427.496060260957, 18427.496060260957, 18427.496060260957, 18427.496060260957, 18427.496060260957, 18427.496060260957, 18427.496060260957, 18427.496060260957, 18427.496060260957, 18427.496060260957, 18427.496060260957, 18427.496060260957, 18427.496060260957, 18427.496060260957, 18427.496060260957, 18427.496060260957, 18427.496060260957, 18427.496060260957, 18427.496060260957, 18427.496060260957, 18427.496060260957, 18427.496060260957, 18427.496060260957, 18427.496060260957, 18420.868119772353, 18420.868119772353, 18420.868119772353, 18420.868119772353, 18420.868119772353, 18420.868119772353, 18420.868119772353, 18420.868119772353, 18420.868119772353, 18420.868119772353, 18420.868119772353, 18420.868119772353, 18420.868119772353, 18420.868119772353, 18420.868119772353, 18420.868119772353, 18420.868119772353, 18420.868119772353, 18420.868119772353, 18420.868119772353, 18420.868119772353, 18420.868119772353, 18420.868119772353, 18420.868119772353, 18420.868119772353, 18420.868119772353, 18420.868119772353, 18420.868119772353, 18420.868119772353, 18420.868119772353, 18420.868119772353, 18420.868119772353, 18420.868119772353, 18420.868119772353, 18420.868119772353, 18420.868119772353, 18420.868119772353, 18420.868119772353, 18420.868119772353, 18420.868119772353, 18420.868119772353, 18420.868119772353, 18420.868119772353, 18420.868119772353, 18420.868119772353, 18420.868119772353, 18420.868119772353, 18420.868119772353, 18420.868119772353, 18420.868119772353, 18420.868119772353, 18420.868119772353, 18420.868119772353, 18420.868119772353, 18420.868119772353, 18420.868119772353, 18420.868119772353, 18420.868119772353, 18420.868119772353, 18420.868119772353, 18420.868119772353, 18420.868119772353, 18420.868119772353, 18420.868119772353, 18420.868119772353, 18420.868119772353, 18420.868119772353, 18420.868119772353, 18420.868119772353, 18420.868119772353, 18420.868119772353, 18420.868119772353, 18420.868119772353, 18420.868119772353, 18420.868119772353, 18420.868119772353, 18420.868119772353, 18420.868119772353, 18420.868119772353, 18420.868119772353, 18420.868119772353, 18420.868119772353, 18420.868119772353, 18420.868119772353, 18420.868119772353, 18420.868119772353, 18420.868119772353, 18420.868119772353, 18420.868119772353, 18420.868119772353, 18420.868119772353, 18420.868119772353, 18420.868119772353, 18420.868119772353, 18420.868119772353, 18420.868119772353, 18420.868119772353, 18420.868119772353, 18420.868119772353, 18420.868119772353, 18420.868119772353, 18420.868119772353, 18420.868119772353, 18420.868119772353, 18420.868119772353, 18420.868119772353, 18420.868119772353, 18420.868119772353, 18420.868119772353, 18420.868119772353, 18420.868119772353, 18420.868119772353, 18420.868119772353, 18420.868119772353, 18420.868119772353, 18420.868119772353, 18420.868119772353, 18420.868119772353, 18420.868119772353, 18420.868119772353, 18420.868119772353, 18420.868119772353, 18420.868119772353, 18420.868119772353, 18420.868119772353, 18420.868119772353, 18420.868119772353, 18420.868119772353, 18420.868119772353, 18420.868119772353, 18420.868119772353, 18420.868119772353, 18420.868119772353, 18420.868119772353, 18420.868119772353, 18420.868119772353, 18420.868119772353, 18420.868119772353, 18420.868119772353, 18420.868119772353, 18420.868119772353, 18420.868119772353, 18420.868119772353, 18420.868119772353, 18420.868119772353, 18420.868119772353, 18420.868119772353, 18420.868119772353, 18420.868119772353, 18420.868119772353, 18420.868119772353, 18420.868119772353, 18420.868119772353, 18420.868119772353, 18420.868119772353, 18420.868119772353, 18420.868119772353, 18420.868119772353, 18420.868119772353, 18420.868119772353, 18420.868119772353, 18420.868119772353, 18420.868119772353, 18420.868119772353, 18420.868119772353, 18420.868119772353, 18420.868119772353, 18420.868119772353, 18420.868119772353, 18420.868119772353, 18420.868119772353, 18420.868119772353, 18420.868119772353, 18420.868119772353, 18420.868119772353, 18420.868119772353, 18420.868119772353, 18420.868119772353, 18420.868119772353, 18420.868119772353, 18420.868119772353, 18420.868119772353, 18420.868119772353, 18420.868119772353, 18420.868119772353, 18420.868119772353, 18420.868119772353, 18420.868119772353, 18420.868119772353, 18420.868119772353, 18420.868119772353, 18420.868119772353, 18420.868119772353, 18420.868119772353, 18420.868119772353, 18420.868119772353, 18420.868119772353, 18420.868119772353, 18420.868119772353, 18420.868119772353, 18420.868119772353, 18420.868119772353, 18420.868119772353, 18420.868119772353, 18420.868119772353, 18420.868119772353, 18420.868119772353, 18420.868119772353, 18420.868119772353, 18420.868119772353, 18420.868119772353, 18420.868119772353, 18420.868119772353, 18420.868119772353, 18420.868119772353, 18420.868119772353, 18420.868119772353, 18420.868119772353, 18420.868119772353, 18420.868119772353, 18420.868119772353, 18420.868119772353, 18420.868119772353, 18420.868119772353, 18420.868119772353, 18420.868119772353, 18420.868119772353, 18420.868119772353, 18420.868119772353, 18420.868119772353, 18420.868119772353, 18420.868119772353, 18420.868119772353, 18420.868119772353, 18420.868119772353, 18420.868119772353, 18420.868119772353, 18420.868119772353, 18420.868119772353, 18420.868119772353, 18420.868119772353, 18420.868119772353, 18420.868119772353, 18420.868119772353, 18420.868119772353, 18420.868119772353, 18420.868119772353, 18420.868119772353, 18420.868119772353, 18420.868119772353, 18420.868119772353, 18420.868119772353, 18420.868119772353, 18420.868119772353, 18420.868119772353, 18420.868119772353, 18420.868119772353, 18420.868119772353, 18420.868119772353, 18420.868119772353, 18420.868119772353, 18420.868119772353, 18420.868119772353, 18420.868119772353, 18420.868119772353, 18420.868119772353, 18420.868119772353, 18420.868119772353, 18420.868119772353, 18420.868119772353, 18420.868119772353, 18420.868119772353, 18420.868119772353, 18420.868119772353, 18420.868119772353, 18420.868119772353, 18420.868119772353, 18420.868119772353, 18420.868119772353, 18420.868119772353, 18420.868119772353, 18420.868119772353, 18420.868119772353, 18420.868119772353, 18420.868119772353, 18420.868119772353, 18420.868119772353, 18420.868119772353, 18411.31342294057, 18411.31342294057, 18411.31342294057, 18411.31342294057, 18411.31342294057, 18411.31342294057, 18411.31342294057, 18411.31342294057, 18411.31342294057, 18411.31342294057, 18411.31342294057, 18411.31342294057, 18411.31342294057, 18411.31342294057, 18411.31342294057, 18411.31342294057, 18411.31342294057, 18411.31342294057, 18411.31342294057, 18411.31342294057, 18411.31342294057, 18411.31342294057, 18411.31342294057, 18411.31342294057, 18411.31342294057, 18411.31342294057, 18411.31342294057, 18411.31342294057, 18411.31342294057, 18411.31342294057, 18411.31342294057, 18411.31342294057, 18411.31342294057, 18411.31342294057, 18411.31342294057, 18411.31342294057, 18411.31342294057, 18411.31342294057, 18411.31342294057, 18411.31342294057, 18411.31342294057, 18411.31342294057, 18411.31342294057, 18411.31342294057, 18411.31342294057, 18411.31342294057, 18411.31342294057, 18411.31342294057, 18411.31342294057, 18411.31342294057, 18411.31342294057, 18411.31342294057, 18411.31342294057, 18411.31342294057, 18411.31342294057, 18411.31342294057, 18411.31342294057, 18411.31342294057, 18411.31342294057, 18411.31342294057, 18411.31342294057, 18411.31342294057, 18411.31342294057, 18411.31342294057, 18411.31342294057, 18411.31342294057, 18411.31342294057, 18411.31342294057, 18411.31342294057, 18411.31342294057, 18411.31342294057, 18411.31342294057, 18411.31342294057, 18411.31342294057, 18411.31342294057, 18411.31342294057, 18411.31342294057, 18411.31342294057, 18411.31342294057, 18411.31342294057, 18411.31342294057, 18411.31342294057, 18411.31342294057, 18411.31342294057, 18411.31342294057, 18411.31342294057, 18411.31342294057, 18411.31342294057, 18411.31342294057, 18411.31342294057, 18411.31342294057, 18411.31342294057, 18411.31342294057, 18411.31342294057, 18411.31342294057, 18411.31342294057, 18411.31342294057, 18411.31342294057, 18411.31342294057, 18411.31342294057, 18411.31342294057, 18411.31342294057, 18411.31342294057, 18411.31342294057, 18411.31342294057, 18411.31342294057, 18411.31342294057, 18411.31342294057, 18411.31342294057, 18411.31342294057, 18411.31342294057, 18411.31342294057, 18411.31342294057, 18411.31342294057, 18411.31342294057, 18411.31342294057, 18411.31342294057, 18411.31342294057, 18411.31342294057, 18411.31342294057, 18411.31342294057, 18411.31342294057, 18411.31342294057, 18411.31342294057, 18411.31342294057, 18411.31342294057, 18411.31342294057, 18411.31342294057, 18411.31342294057, 18411.31342294057, 18411.31342294057, 18411.31342294057, 18411.31342294057, 18411.31342294057, 18411.31342294057, 18411.31342294057, 18411.31342294057, 18411.31342294057, 18411.31342294057, 18411.31342294057, 18411.31342294057, 18411.31342294057, 18411.31342294057, 18411.31342294057, 18411.31342294057, 18411.31342294057, 18411.31342294057, 18411.31342294057, 18411.31342294057, 18411.31342294057, 18411.31342294057, 18411.31342294057, 18411.31342294057, 18411.31342294057, 18411.31342294057, 18411.31342294057, 18411.31342294057, 18411.31342294057, 18411.31342294057, 18411.31342294057, 18411.31342294057, 18411.31342294057, 18411.31342294057, 18411.31342294057, 18411.31342294057, 18411.31342294057, 18411.31342294057, 18411.31342294057, 18411.31342294057, 18411.31342294057, 18411.31342294057, 18411.31342294057, 18411.31342294057, 18411.31342294057, 18411.31342294057, 18411.31342294057, 18411.31342294057, 18411.31342294057, 18411.31342294057, 18411.31342294057, 18411.31342294057, 18411.31342294057, 18411.31342294057, 18411.31342294057, 18411.31342294057, 18411.31342294057, 18411.31342294057, 18411.31342294057, 18411.31342294057, 18411.31342294057, 18411.31342294057, 18411.31342294057, 18411.31342294057, 18411.31342294057, 18411.31342294057, 18411.31342294057, 18411.31342294057, 18411.31342294057, 18411.31342294057, 18411.31342294057, 18411.31342294057, 18411.31342294057, 18411.31342294057, 18411.31342294057, 18411.31342294057, 18411.31342294057, 18411.31342294057, 18411.31342294057, 18411.31342294057, 18411.31342294057, 18411.31342294057, 18411.31342294057, 18411.31342294057, 18411.31342294057, 18411.31342294057, 18411.31342294057, 18411.31342294057, 18411.31342294057, 18411.31342294057, 18411.31342294057, 18411.31342294057, 18411.31342294057, 18411.31342294057, 18411.31342294057, 18411.31342294057, 18411.31342294057, 18411.31342294057, 18411.31342294057, 18411.31342294057, 18411.31342294057, 18411.31342294057, 18411.31342294057, 18411.31342294057, 18411.31342294057, 18411.31342294057, 18411.31342294057, 18411.31342294057, 18411.31342294057, 18411.31342294057, 18411.31342294057, 18411.31342294057, 18411.31342294057, 18411.31342294057, 18411.31342294057, 18411.31342294057, 18411.31342294057, 18411.31342294057, 18411.31342294057, 18411.31342294057, 18411.31342294057, 18411.31342294057, 18411.31342294057, 18411.31342294057, 18411.31342294057, 18411.31342294057, 18411.31342294057, 18411.31342294057, 18411.31342294057, 18411.31342294057, 18411.31342294057, 18411.31342294057, 18411.31342294057, 18411.31342294057, 18411.31342294057, 18411.31342294057, 18411.31342294057, 18411.31342294057, 18411.31342294057, 18411.31342294057, 18411.31342294057, 18411.31342294057, 18411.31342294057, 18411.31342294057, 18411.31342294057, 18411.31342294057, 18411.31342294057, 18411.31342294057, 18411.31342294057, 18411.31342294057, 18411.31342294057, 18411.31342294057, 18411.31342294057, 18411.31342294057, 18411.31342294057, 18411.31342294057, 18411.31342294057, 18411.31342294057, 18411.31342294057, 18411.31342294057, 18411.31342294057, 18411.31342294057, 18411.31342294057, 18411.31342294057, 18411.31342294057, 18411.31342294057, 18411.31342294057, 18411.31342294057, 18411.31342294057, 18411.31342294057, 18411.31342294057, 18411.31342294057, 18411.31342294057, 18411.31342294057, 18411.31342294057, 18411.31342294057, 18411.31342294057, 18411.31342294057, 18411.31342294057, 18411.31342294057, 18411.31342294057, 18411.31342294057, 18411.31342294057, 18411.31342294057, 18411.31342294057, 18411.31342294057, 18411.31342294057, 18411.31342294057, 18411.31342294057, 18411.31342294057, 18411.31342294057, 18411.31342294057, 18411.31342294057, 18411.31342294057, 18411.31342294057, 18411.31342294057, 18411.31342294057, 18411.31342294057, 18411.31342294057, 18411.31342294057, 18411.31342294057, 18411.31342294057, 18411.31342294057, 18411.31342294057, 18411.31342294057, 18411.31342294057, 18411.31342294057, 18411.31342294057, 18411.31342294057, 18411.31342294057, 18411.31342294057, 18411.31342294057, 18411.31342294057, 18411.31342294057, 18411.31342294057, 18411.31342294057, 18411.31342294057, 18411.31342294057, 18411.31342294057, 18411.31342294057, 18411.31342294057, 18411.31342294057, 18411.31342294057, 18411.31342294057, 18411.31342294057, 18411.31342294057, 18411.31342294057, 18411.31342294057, 18411.31342294057, 18411.31342294057, 18411.31342294057, 18411.31342294057, 18411.31342294057, 18411.31342294057, 18411.31342294057, 18411.31342294057, 18411.31342294057, 18411.31342294057, 18411.31342294057, 18411.31342294057, 18411.31342294057, 18411.31342294057, 18411.31342294057, 18411.31342294057, 18411.31342294057, 18411.31342294057, 18411.31342294057, 18411.31342294057, 18411.31342294057, 18411.31342294057, 18411.31342294057, 18411.31342294057, 18411.31342294057, 18411.31342294057, 18411.31342294057, 18411.31342294057, 18411.31342294057, 18411.31342294057, 18411.31342294057, 18411.31342294057, 18411.31342294057, 18411.31342294057, 18411.31342294057, 18411.31342294057, 18411.31342294057, 18411.31342294057, 18411.31342294057, 18411.31342294057, 18411.31342294057, 18411.31342294057, 18411.31342294057, 18411.31342294057, 18411.31342294057, 18411.31342294057, 18411.31342294057, 18411.31342294057, 18411.31342294057, 18411.31342294057, 18411.31342294057, 18411.31342294057, 18411.31342294057, 18411.31342294057, 18411.31342294057, 18411.31342294057, 18411.31342294057, 18411.31342294057, 18411.31342294057, 18411.31342294057, 18411.31342294057, 18411.31342294057, 18411.31342294057, 18411.31342294057, 18411.31342294057, 18411.31342294057, 18411.31342294057, 18411.31342294057, 18411.31342294057, 18411.31342294057, 18411.31342294057, 18411.31342294057, 18411.31342294057, 18411.31342294057, 18411.31342294057, 18411.31342294057, 18411.31342294057, 18411.31342294057, 18411.31342294057, 18411.31342294057, 18411.31342294057, 18411.31342294057, 18411.31342294057, 18411.31342294057, 18411.31342294057, 18411.31342294057, 18411.31342294057, 18411.31342294057, 18411.31342294057, 18411.31342294057, 18411.31342294057, 18411.31342294057, 18411.31342294057, 18411.31342294057, 18411.31342294057, 18411.31342294057, 18411.31342294057, 18411.31342294057, 18411.31342294057, 18411.31342294057, 18411.31342294057, 18411.31342294057, 18411.31342294057, 18411.31342294057, 18411.31342294057, 18411.31342294057, 18411.31342294057, 18411.31342294057, 18411.31342294057, 18411.31342294057, 18411.31342294057, 18411.31342294057, 18411.31342294057, 18411.31342294057, 18411.31342294057, 18411.31342294057, 18411.31342294057, 18411.31342294057, 18411.31342294057, 18411.31342294057, 18411.31342294057, 18411.31342294057, 18411.31342294057, 18411.31342294057, 18411.31342294057, 18411.31342294057, 18411.31342294057, 18411.31342294057, 18411.31342294057, 18411.31342294057, 18411.31342294057, 18411.31342294057, 18411.31342294057, 18411.31342294057, 18411.31342294057, 18411.31342294057, 18411.31342294057, 18411.31342294057, 18411.31342294057, 18411.31342294057, 18411.31342294057, 18411.31342294057, 18411.31342294057, 18411.31342294057, 18411.31342294057, 18411.31342294057, 18411.31342294057, 18411.31342294057, 18411.31342294057, 18411.31342294057, 18411.31342294057, 18411.31342294057, 18411.31342294057, 18411.31342294057, 18411.31342294057, 18411.31342294057, 18411.31342294057, 18411.31342294057, 18411.31342294057, 18411.31342294057, 18411.31342294057, 18411.31342294057, 18411.31342294057, 18411.31342294057, 18411.31342294057, 18411.31342294057, 18411.31342294057, 18411.31342294057, 18411.31342294057, 18411.31342294057, 18411.31342294057, 18411.31342294057, 18411.31342294057, 18411.31342294057, 18411.31342294057, 18411.31342294057, 18411.31342294057, 18411.31342294057, 18411.31342294057, 18411.31342294057, 18411.31342294057, 18411.31342294057, 18411.31342294057, 18411.31342294057, 18411.31342294057, 18411.31342294057, 18411.31342294057, 18411.31342294057, 18411.31342294057, 18411.31342294057, 18411.31342294057, 18411.31342294057, 18411.31342294057, 18411.31342294057, 18411.31342294057, 18411.31342294057, 18411.31342294057, 18411.31342294057, 18411.31342294057, 18411.31342294057, 18411.31342294057, 18411.31342294057, 18411.31342294057, 18411.31342294057, 18411.31342294057, 18411.31342294057, 18411.31342294057, 18411.31342294057, 18411.31342294057, 18411.31342294057, 18411.31342294057, 18411.31342294057, 18411.31342294057, 18411.31342294057, 18411.31342294057, 18411.31342294057, 18411.31342294057, 18411.31342294057, 18411.31342294057, 18411.31342294057, 18411.31342294057, 18411.31342294057, 18411.31342294057, 18411.31342294057, 18411.31342294057, 18411.31342294057, 18411.31342294057, 18411.31342294057, 18411.31342294057, 18411.31342294057, 18411.31342294057, 18411.31342294057, 18411.31342294057, 18411.31342294057, 18411.31342294057, 18411.31342294057, 18411.31342294057, 18411.31342294057, 18411.31342294057, 18411.31342294057, 18411.31342294057, 18411.31342294057, 18411.31342294057, 18411.31342294057, 18411.31342294057, 18411.31342294057, 18411.31342294057, 18411.31342294057, 18411.31342294057, 18411.31342294057, 18411.31342294057, 18411.31342294057, 18411.31342294057, 18411.31342294057, 18411.31342294057, 18411.31342294057, 18411.31342294057, 18411.31342294057, 18411.31342294057, 18411.31342294057, 18411.31342294057, 18411.31342294057, 18411.31342294057, 18411.31342294057, 18411.31342294057, 18411.31342294057, 18411.31342294057, 18411.31342294057, 18411.31342294057, 18411.31342294057, 18411.31342294057, 18411.31342294057, 18411.31342294057, 18411.31342294057, 18411.31342294057, 18411.31342294057, 18411.31342294057, 18411.31342294057, 18411.31342294057, 18411.31342294057, 18411.31342294057, 18411.31342294057, 18411.31342294057, 18411.31342294057, 18411.31342294057, 18411.31342294057, 18411.31342294057, 18411.31342294057, 18411.31342294057, 18411.31342294057, 18411.31342294057, 18411.31342294057, 18411.31342294057, 18411.31342294057, 18411.31342294057, 18411.31342294057, 18411.31342294057, 18411.31342294057, 18411.31342294057, 18411.31342294057, 18411.31342294057, 18411.31342294057, 18411.31342294057, 18411.31342294057, 18411.31342294057, 18411.31342294057, 18411.31342294057, 18411.31342294057, 18411.31342294057, 18411.31342294057, 18411.31342294057, 18411.31342294057, 18411.31342294057, 18411.31342294057, 18411.31342294057, 18411.31342294057, 18411.31342294057, 18411.31342294057, 18411.31342294057, 18411.31342294057, 18411.31342294057, 18411.31342294057, 18411.31342294057, 18411.31342294057, 18411.31342294057, 18411.31342294057, 18411.31342294057, 18411.31342294057, 18411.31342294057, 18411.31342294057, 18411.31342294057, 18411.31342294057, 18411.31342294057, 18411.31342294057, 18411.31342294057, 18411.31342294057, 18411.31342294057, 18411.31342294057, 18411.31342294057, 18411.31342294057, 18411.31342294057, 18411.31342294057, 18411.31342294057, 18411.31342294057, 18411.31342294057, 18411.31342294057, 18411.31342294057, 18411.31342294057, 18411.31342294057, 18411.31342294057, 18411.31342294057, 18411.31342294057, 18411.31342294057, 18411.31342294057, 18411.31342294057, 18411.31342294057, 18411.31342294057, 18411.31342294057, 18411.31342294057, 18400.31950583304, 18400.31950583304, 18400.31950583304, 18400.31950583304, 18400.31950583304, 18400.31950583304, 18400.31950583304, 18400.31950583304, 18400.31950583304, 18400.31950583304, 18400.31950583304, 18400.31950583304, 18400.31950583304, 18400.31950583304, 18400.31950583304, 18400.31950583304, 18400.31950583304, 18400.31950583304, 18400.31950583304, 18400.31950583304, 18400.31950583304, 18400.31950583304, 18400.31950583304, 18400.31950583304, 18400.31950583304, 18400.31950583304, 18400.31950583304, 18400.31950583304, 18400.31950583304, 18400.31950583304, 18400.31950583304, 18400.31950583304, 18400.31950583304, 18400.31950583304, 18400.31950583304, 18400.31950583304, 18400.31950583304, 18400.31950583304, 18400.31950583304, 18400.31950583304, 18400.31950583304, 18400.31950583304, 18400.31950583304, 18400.31950583304, 18400.31950583304, 18400.31950583304, 18400.31950583304, 18400.31950583304, 18400.31950583304, 18400.31950583304, 18400.31950583304, 18400.31950583304, 18400.31950583304, 18400.31950583304, 18400.31950583304, 18400.31950583304, 18400.31950583304, 18400.31950583304, 18400.31950583304, 18400.31950583304, 18400.31950583304, 18400.31950583304, 18400.31950583304, 18400.31950583304, 18400.31950583304, 18400.31950583304, 18400.31950583304, 18400.31950583304, 18400.31950583304, 18400.31950583304, 18400.31950583304, 18400.31950583304, 18400.31950583304, 18400.31950583304, 18400.31950583304, 18400.31950583304, 18400.31950583304, 18400.31950583304, 18400.31950583304, 18400.31950583304, 18400.31950583304, 18400.31950583304, 18400.31950583304, 18400.31950583304, 18400.31950583304, 18400.31950583304, 18400.31950583304, 18400.31950583304, 18400.31950583304, 18400.31950583304, 18400.31950583304, 18400.31950583304, 18400.31950583304, 18400.31950583304, 18400.31950583304, 18400.31950583304, 18400.31950583304, 18400.31950583304, 18400.31950583304, 18400.31950583304, 18400.31950583304, 18400.31950583304, 18400.31950583304, 18400.31950583304, 18400.31950583304, 18400.31950583304, 18400.31950583304, 18374.349578313857, 18374.349578313857, 18374.349578313857, 18374.349578313857, 18374.349578313857, 18374.349578313857, 18374.349578313857, 18374.349578313857, 18374.349578313857, 18374.349578313857, 18374.349578313857, 18374.349578313857, 18374.349578313857, 18374.349578313857, 18374.349578313857, 18374.349578313857, 18374.349578313857, 18374.349578313857, 18374.349578313857, 18374.349578313857, 18374.349578313857, 18374.349578313857, 18374.349578313857, 18340.536279187272, 18340.536279187272, 18340.536279187272, 18340.536279187272, 18340.536279187272, 18340.536279187272, 18340.536279187272, 18340.536279187272, 18340.536279187272, 18340.536279187272, 18340.536279187272, 18340.536279187272, 18340.536279187272, 18340.536279187272, 18340.536279187272, 18340.536279187272, 18340.536279187272, 18340.536279187272, 18340.536279187272, 18340.536279187272, 18340.536279187272, 18340.536279187272, 18340.536279187272, 18340.536279187272, 18340.536279187272, 18340.536279187272, 18340.536279187272, 18340.536279187272, 18340.536279187272, 18340.536279187272, 18340.536279187272, 18340.536279187272, 18340.536279187272, 18340.53627918727, 18340.53627918727, 18340.53627918727, 18340.53627918727, 18340.53627918727, 18340.53627918727, 18340.53627918727, 18340.53627918727, 18340.53627918727, 18340.53627918727, 18340.53627918727, 18340.53627918727, 18340.53627918727, 18340.53627918727, 18340.53627918727, 18340.53627918727, 18340.53627918727, 18340.53627918727, 18340.53627918727, 18340.53627918727, 18320.62585513891, 18320.62585513891, 18320.62585513891, 18320.62585513891, 18320.62585513891, 18320.62585513891, 18320.62585513891, 18320.62585513891, 18320.62585513891, 18320.62585513891, 18320.62585513891, 18320.62585513891, 18320.62585513891, 18320.62585513891, 18320.62585513891, 18320.62585513891, 18320.62585513891, 18320.62585513891, 18320.62585513891, 18320.62585513891, 18320.62585513891, 18320.62585513891, 18320.62585513891, 18320.62585513891, 18320.62585513891, 18320.62585513891, 18320.62585513891, 18320.62585513891, 18320.62585513891, 18320.62585513891, 18320.62585513891, 18320.62585513891, 18320.62585513891, 18320.62585513891, 18320.62585513891, 18320.62585513891, 18320.62585513891, 18320.62585513891, 18320.62585513891, 18320.62585513891, 18320.62585513891, 18320.62585513891, 18320.62585513891, 18320.62585513891, 18320.62585513891, 18320.62585513891, 18320.62585513891, 18320.62585513891, 18320.62585513891, 18320.62585513891, 18320.62585513891, 18320.62585513891, 18320.62585513891, 18320.62585513891, 18320.62585513891, 18320.62585513891, 18320.62585513891, 18320.62585513891, 18320.62585513891, 18320.62585513891, 18320.62585513891, 18320.62585513891, 18320.62585513891, 18320.62585513891, 18320.62585513891, 18320.62585513891, 18320.62585513891, 18320.62585513891, 18320.62585513891, 18320.62585513891, 18320.62585513891, 18320.62585513891, 18320.62585513891, 18320.62585513891, 18320.62585513891, 18320.62585513891, 18320.62585513891, 18320.62585513891, 18320.62585513891, 18320.62585513891, 18320.62585513891, 18320.62585513891, 18320.62585513891, 18320.62585513891, 18320.62585513891, 18320.62585513891, 18268.048691798995, 18268.048691798995, 18268.048691798995, 18268.048691798995, 18268.048691798995, 18268.048691798995, 18268.048691798995, 18268.048691798995, 18268.048691798995, 18268.048691798995, 18268.048691798995, 18268.048691798995, 18268.048691798995, 18268.048691798995, 18268.048691798995, 18268.048691798995, 18268.048691798995, 18268.048691798995, 18268.048691798995, 18268.048691798995, 18268.048691798995, 18268.048691798995, 18268.048691798995, 18268.048691798995, 18268.048691798995, 18268.048691798995, 18268.048691798995, 18268.048691798995, 18268.048691798995, 18268.048691798995, 18268.048691798995, 18268.048691798995, 18268.048691798995, 18268.048691798995, 18268.048691798995, 18268.048691798995, 18268.048691798995, 18268.048691798995, 18268.048691798995, 18268.048691798995, 18268.048691798995, 18268.048691798995, 18268.048691798995, 18268.048691798995, 18268.048691798995, 18268.048691798995, 18268.048691798995, 18268.048691798995, 18268.048691798995, 18268.048691798995, 18268.048691798995, 18268.048691798995, 18268.048691798995, 18268.048691798995, 18268.048691798995, 18268.048691798995, 18268.048691798995, 18268.048691798995, 18268.048691798995, 18268.048691798995, 18268.048691798995, 18268.048691798995, 18268.048691798995, 18268.048691798995, 18268.048691798995, 18268.048691798995, 18268.048691798995, 18268.048691798995, 18268.048691798995, 18268.048691798995, 18268.048691798995, 18268.048691798995, 18268.048691798995, 18268.048691798995, 18268.048691798995, 18268.048691798995, 18268.048691798995, 18268.048691798995, 18268.048691798995, 18268.048691798995, 18268.048691798995, 18268.048691798995, 18268.048691798995, 18268.048691798995, 18268.048691798995, 18268.048691798995, 18268.048691798995, 18268.048691798995, 18268.048691798995, 18268.048691798995, 18268.048691798995, 18268.048691798995, 18268.048691798995, 18268.048691798995, 18268.048691798995, 18268.048691798995, 18268.048691798995, 18268.048691798995, 18268.048691798995, 18268.048691798995, 18268.048691798995, 18268.048691798995, 18268.048691798995, 18268.048691798995, 18268.048691798995, 18268.048691798995, 18268.048691798995, 18268.048691798995, 18268.048691798995, 18268.048691798995, 18268.048691798995, 18268.048691798995, 18268.048691798995, 18268.048691798995, 18268.048691798995, 18268.048691798995, 18268.048691798995, 18268.048691798995, 18268.048691798995, 18268.048691798995, 18268.048691798995, 18268.048691798995, 18268.048691798995, 18268.048691798995, 18268.048691798995, 18268.048691798995, 18268.048691798995, 18268.048691798995, 18268.048691798995, 18268.048691798995, 18268.048691798995, 18268.048691798995, 18268.048691798995, 18268.048691798995, 18268.048691798995, 18268.048691798995, 18268.048691798995, 18268.048691798995, 18268.048691798995, 18268.048691798995, 18268.048691798995, 18268.048691798995, 18268.048691798995, 18264.811814309185, 18264.811814309185, 18264.811814309185, 18264.811814309185, 18264.811814309185, 18264.811814309185, 18264.811814309185, 18264.811814309185, 18264.811814309185, 18264.811814309185, 18264.811814309185, 18264.811814309185, 18264.811814309185, 18264.811814309185, 18264.811814309185, 18264.811814309185, 18264.811814309185, 18264.811814309185, 18264.811814309185, 18264.811814309185, 18264.811814309185, 18264.811814309185, 18264.811814309185, 18264.811814309185, 18264.811814309185, 18264.811814309185, 18264.811814309185, 18264.811814309185, 18264.811814309185, 18264.811814309185, 18264.811814309185, 18264.811814309185, 18264.811814309185, 18264.811814309185, 18264.811814309185, 18264.811814309185, 18264.811814309185, 18264.811814309185, 18264.811814309185, 18264.811814309185, 18264.811814309185, 18264.811814309185, 18264.811814309185, 18264.811814309185, 18264.811814309185, 18264.811814309185, 18264.811814309185, 18264.811814309185, 18264.811814309185, 18264.811814309185, 18264.811814309185, 18264.811814309185, 18264.811814309185, 18264.811814309185, 18264.811814309185, 18264.811814309185, 18264.811814309185, 18264.811814309185, 18264.811814309185, 18264.811814309185, 18264.811814309185, 18264.811814309185, 18264.811814309185, 18264.811814309185, 18264.811814309185, 18264.811814309185, 18264.811814309185, 18264.811814309185, 18264.811814309185, 18264.811814309185, 18264.811814309185, 18264.811814309185, 18264.811814309185, 18264.811814309185, 18264.811814309185, 18264.811814309185, 18264.811814309185, 18264.811814309185, 18264.811814309185, 18264.811814309185, 18264.811814309185, 18264.811814309185, 18264.811814309185, 18264.811814309185, 18264.811814309185, 18264.811814309185, 18264.811814309185, 18264.811814309185, 18264.811814309185, 18264.811814309185, 18264.811814309185, 18264.811814309185, 18264.811814309185, 18264.811814309185, 18264.811814309185, 18264.811814309185, 18264.811814309185, 18264.811814309185, 18264.811814309185, 18264.811814309185, 18264.811814309185, 18264.811814309185, 18264.811814309185, 18264.811814309185, 18264.811814309185, 18264.811814309185, 18264.811814309185, 18264.811814309185, 18264.811814309185, 18264.811814309185, 18264.811814309185, 18264.811814309185, 18264.811814309185, 18264.811814309185, 18264.811814309185, 18264.811814309185, 18264.811814309185, 18264.811814309185, 18264.811814309185, 18264.811814309185, 18264.811814309185, 18264.811814309185, 18264.811814309185, 18264.811814309185, 18264.811814309185, 18264.811814309185, 18264.811814309185, 18264.811814309185, 18264.811814309185, 18264.811814309185, 18264.811814309185, 18264.811814309185, 18264.811814309185, 18264.811814309185, 18264.811814309185, 18264.811814309185, 18264.811814309185, 18264.811814309185, 18264.811814309185, 18264.811814309185, 18264.811814309185, 18264.811814309185, 18264.811814309185, 18264.811814309185, 18264.811814309185, 18264.811814309185, 18264.811814309185, 18264.811814309185, 18264.811814309185, 18264.811814309185, 18264.811814309185, 18264.811814309185, 18264.811814309185, 18264.811814309185, 18264.811814309185, 18264.811814309185, 18264.811814309185, 18264.811814309185, 18264.811814309185, 18264.811814309185, 18264.811814309185, 18264.811814309185, 18264.811814309185, 18264.811814309185, 18264.811814309185, 18264.811814309185, 18264.811814309185, 18264.811814309185, 18264.811814309185, 18264.811814309185, 18264.811814309185, 18264.811814309185, 18264.811814309185, 18264.811814309185, 18264.811814309185, 18264.811814309185, 18264.811814309185, 18264.811814309185, 18264.811814309185, 18264.811814309185, 18264.811814309185, 18264.811814309185, 18264.811814309185, 18264.811814309185, 18264.811814309185, 18264.811814309185, 18264.811814309185, 18264.811814309185, 18264.811814309185, 18264.811814309185, 18264.811814309185, 18264.811814309185, 18264.811814309185, 18264.811814309185, 18264.811814309185, 18264.811814309185, 18264.811814309185, 18264.811814309185, 18264.811814309185, 18264.811814309185, 18264.811814309185, 18264.811814309185, 18264.811814309185, 18264.811814309185, 18264.811814309185, 18264.811814309185, 18264.811814309185, 18264.811814309185, 18264.811814309185, 18264.811814309185, 18264.811814309185, 18264.811814309185, 18264.811814309185, 18264.811814309185, 18264.811814309185, 18264.811814309185, 18264.811814309185, 18264.811814309185, 18264.811814309185, 18264.811814309185, 18264.811814309185, 18264.811814309185, 18264.811814309185, 18264.811814309185, 18264.811814309185, 18264.811814309185, 18264.811814309185, 18264.811814309185, 18264.811814309185, 18264.811814309185, 18264.811814309185, 18264.811814309185, 18264.811814309185, 18264.811814309185, 18264.811814309185, 18264.811814309185, 18264.811814309185, 18264.811814309185, 18264.811814309185, 18264.811814309185, 18264.811814309185, 18264.811814309185, 18264.811814309185, 18264.811814309185, 18264.811814309185, 18264.811814309185, 18264.811814309185, 18264.811814309185, 18264.811814309185, 18264.811814309185, 18264.811814309185, 18264.811814309185, 18264.811814309185, 18264.811814309185, 18264.811814309185, 18264.811814309185, 18264.811814309185, 18264.811814309185, 18264.811814309185, 18264.811814309185, 18264.811814309185, 18264.811814309185, 18264.811814309185, 18264.811814309185, 18264.811814309185, 18264.811814309185, 18264.811814309185, 18264.811814309185, 18264.811814309185, 18264.811814309185, 18264.811814309185, 18264.811814309185, 18264.811814309185, 18264.811814309185, 18264.811814309185, 18264.811814309185, 18264.811814309185, 18264.811814309185, 18264.811814309185, 18264.811814309185, 18264.811814309185, 18264.811814309185, 18264.811814309185, 18264.811814309185, 18264.811814309185, 18264.811814309185, 18264.811814309185, 18264.811814309185, 18264.811814309185, 18264.811814309185, 18264.811814309185, 18264.811814309185, 18264.811814309185, 18264.811814309185, 18264.811814309185, 18264.811814309185, 18264.811814309185, 18264.811814309185, 18264.811814309185, 18264.811814309185, 18264.811814309185, 18264.811814309185, 18264.811814309185, 18264.811814309185, 18264.811814309185, 18264.811814309185, 18264.811814309185, 18264.811814309185, 18264.811814309185, 18264.811814309185, 18264.811814309185, 18264.811814309185, 18264.811814309185, 18264.811814309185, 18264.811814309185, 18264.811814309185, 18264.811814309185, 18264.811814309185, 18264.811814309185, 18264.811814309185, 18264.811814309185, 18264.811814309185, 18264.811814309185, 18264.811814309185, 18264.811814309185, 18264.811814309185, 18264.811814309185, 18264.811814309185, 18261.735395083368, 18261.735395083368, 18261.735395083368, 18261.735395083368, 18261.735395083368, 18261.735395083368, 18261.735395083368, 18261.735395083368, 18261.735395083368, 18261.735395083368, 18261.735395083368, 18261.735395083368, 18255.74778770929, 18255.74778770929, 18255.74778770929, 18255.74778770929, 18255.74778770929, 18255.74778770929, 18255.74778770929, 18255.74778770929, 18255.74778770929, 18255.74778770929, 18255.74778770929, 18255.74778770929, 18255.74778770929, 18255.74778770929, 18255.74778770929, 18255.74778770929, 18255.74778770929, 18255.74778770929, 18255.74778770929, 18255.74778770929, 18255.74778770929, 18255.74778770929, 18255.74778770929, 18255.74778770929, 18255.74778770929, 18255.74778770929, 18255.74778770929, 18247.167855306358, 18247.167855306358, 18247.167855306358, 18247.167855306358, 18247.167855306358, 18247.167855306358, 18247.167855306358, 18247.167855306358, 18247.167855306358, 18247.167855306358, 18247.167855306358, 18247.167855306358, 18247.167855306358, 18247.167855306358, 18247.167855306358, 18247.167855306358, 18247.167855306358, 18247.167855306358, 18245.046797303403, 18245.046797303403, 18245.046797303403, 18245.046797303403, 18245.046797303403, 18245.046797303403, 18245.046797303403, 18245.046797303403, 18245.046797303403, 18245.046797303403, 18245.046797303403, 18245.046797303403, 18245.046797303403, 18245.046797303403, 18245.046797303403, 18245.046797303403, 18245.046797303403, 18245.046797303403, 18245.046797303403, 18245.046797303403, 18245.046797303403, 18245.046797303403, 18245.046797303403, 18245.046797303403, 18245.046797303403, 18245.046797303403, 18245.046797303403, 18245.046797303403, 18245.046797303403, 18245.046797303403, 18245.046797303403, 18245.046797303403, 18245.046797303403, 18245.046797303403, 18245.046797303403, 18245.046797303403, 18245.046797303403, 18245.046797303403, 18245.046797303403, 18245.046797303403, 18245.046797303403, 18245.046797303403, 18245.046797303403, 18245.046797303403, 18245.046797303403, 18245.046797303403, 18245.046797303403, 18245.046797303403, 18245.046797303403, 18245.046797303403, 18245.046797303403, 18245.046797303403, 18245.046797303403, 18245.046797303403, 18245.046797303403, 18245.046797303403, 18245.046797303403, 18245.046797303403, 18245.046797303403, 18245.046797303403, 18245.046797303403, 18245.046797303403, 18245.046797303403, 18245.046797303403, 18245.046797303403, 18245.046797303403, 18245.046797303403, 18245.046797303403, 18245.046797303403, 18245.046797303403, 18245.046797303403, 18245.046797303403, 18245.046797303403, 18245.046797303403, 18245.046797303403, 18245.046797303403, 18245.046797303403, 18245.046797303403, 18245.046797303403, 18245.046797303403, 18245.046797303403, 18245.046797303403, 18245.046797303403, 18245.046797303403, 18245.046797303403, 18245.046797303403, 18245.046797303403, 18245.046797303403, 18245.046797303403, 18245.046797303403, 18245.046797303403, 18245.046797303403]
Computational time : 1762.17599988