Name : Ahmed ElMousel
Problem : X-n190-k8 
Whale Algorithm 
cost : 1109.36681548
Routes : 
1->19->18->15->1
1->42->3->11->48->17->1
1->13->6->2->32->44->24->1
1->36->46->35->10->25->5->14->31->22->30->29->1
1->37->39->20->26->23->7->1
1->41->28->16->43->12->47->34->1
1->8->9->40->27->21->4->38->33->45->1
best solutions : 
[1173.152619952074, 1173.152619952074, 1173.152619952074, 1173.152619952074, 1171.6354184508673, 1171.6354184508673, 1171.6354184508673, 1166.1801736645177, 1166.1801736645177, 1155.0102994541821, 1155.0102994541821, 1155.0102994541821, 1155.0102994541821, 1155.0102994541821, 1155.0102994541821, 1155.0102994541821, 1155.0102994541821, 1155.0102994541821, 1155.0102994541821, 1155.0102994541821, 1143.9628263156194, 1143.9628263156194, 1143.9628263156194, 1143.9628263156194, 1143.9628263156194, 1143.8274540469747, 1143.8274540469747, 1143.8274540469747, 1143.8274540469747, 1143.8274540469747, 1139.5303059321748, 1139.5303059321748, 1139.5303059321748, 1139.5303059321748, 1139.5303059321748, 1139.5303059321748, 1139.5303059321748, 1139.5303059321748, 1139.5303059321748, 1139.5303059321748, 1138.702245664941, 1138.702245664941, 1137.1771754643837, 1137.1771754643837, 1137.1771754643837, 1137.1771754643837, 1137.1771754643837, 1137.1771754643837, 1137.1771754643837, 1137.1771754643837, 1137.1771754643837, 1137.1771754643837, 1137.1771754643837, 1137.1771754643837, 1137.1771754643837, 1137.1771754643837, 1137.1771754643837, 1137.1771754643837, 1137.1771754643837, 1137.1771754643837, 1137.1771754643837, 1137.1771754643837, 1137.1771754643837, 1137.1771754643837, 1137.1771754643837, 1137.1771754643837, 1137.1771754643837, 1137.1771754643837, 1137.1771754643837, 1137.1771754643837, 1137.1771754643837, 1137.1771754643837, 1137.1771754643837, 1137.1771754643837, 1137.1771754643837, 1137.1771754643837, 1135.7288510320866, 1135.7288510320866, 1135.7288510320866, 1135.7288510320866, 1135.7288510320866, 1135.7288510320866, 1135.7288510320866, 1135.7288510320866, 1133.8556632834443, 1133.8556632834443, 1133.8556632834443, 1133.8556632834443, 1133.8556632834443, 1133.8556632834443, 1133.8556632834443, 1133.8556632834443, 1133.8556632834443, 1133.8556632834443, 1133.8556632834443, 1133.8556632834443, 1133.8556632834443, 1133.8556632834443, 1133.8556632834443, 1133.8556632834443, 1133.8556632834443, 1133.8556632834443, 1133.8556632834443, 1133.8556632834443, 1133.8556632834443, 1133.8556632834443, 1133.8556632834443, 1132.30868695157, 1132.30868695157, 1132.30868695157, 1132.30868695157, 1132.30868695157, 1132.30868695157, 1132.30868695157, 1132.30868695157, 1132.30868695157, 1132.30868695157, 1132.30868695157, 1132.30868695157, 1132.30868695157, 1132.30868695157, 1132.30868695157, 1132.30868695157, 1132.30868695157, 1132.30868695157, 1132.30868695157, 1132.30868695157, 1132.30868695157, 1132.30868695157, 1132.30868695157, 1132.30868695157, 1132.30868695157, 1132.30868695157, 1132.30868695157, 1132.30868695157, 1132.30868695157, 1132.30868695157, 1132.30868695157, 1132.30868695157, 1132.30868695157, 1132.30868695157, 1132.30868695157, 1132.30868695157, 1132.30868695157, 1132.30868695157, 1132.30868695157, 1132.30868695157, 1132.30868695157, 1132.30868695157, 1132.30868695157, 1132.30868695157, 1132.30868695157, 1132.30868695157, 1132.30868695157, 1132.30868695157, 1132.30868695157, 1132.30868695157, 1132.30868695157, 1132.30868695157, 1132.30868695157, 1132.30868695157, 1132.30868695157, 1132.30868695157, 1132.30868695157, 1132.30868695157, 1132.30868695157, 1132.30868695157, 1132.30868695157, 1132.30868695157, 1132.30868695157, 1132.30868695157, 1125.1610042253142, 1125.1610042253142, 1125.1610042253142, 1125.1610042253142, 1125.1610042253142, 1125.1610042253142, 1125.1610042253142, 1125.1610042253142, 1125.1610042253142, 1125.1610042253142, 1125.1610042253142, 1125.1610042253142, 1124.6933601479664, 1124.6933601479664, 1124.6933601479664, 1124.6933601479664, 1124.6933601479664, 1124.6933601479664, 1124.6933601479664, 1124.6933601479664, 1124.6933601479664, 1124.6933601479664, 1120.839817170664, 1120.839817170664, 1120.839817170664, 1120.839817170664, 1120.839817170664, 1120.839817170664, 1120.839817170664, 1120.839817170664, 1120.839817170664, 1120.839817170664, 1120.839817170664, 1120.839817170664, 1120.839817170664, 1120.839817170664, 1120.5070479728754, 1120.5070479728754, 1120.5070479728754, 1120.5070479728754, 1120.5070479728754, 1120.5070479728754, 1120.5070479728754, 1120.5070479728754, 1120.5070479728754, 1120.5070479728754, 1120.5070479728754, 1120.5070479728754, 1120.5070479728754, 1120.5070479728754, 1120.5070479728754, 1120.5070479728754, 1120.5070479728754, 1120.5070479728754, 1120.5070479728754, 1120.5070479728754, 1120.5070479728754, 1120.5070479728754, 1120.5070479728754, 1120.5070479728754, 1120.5070479728754, 1120.5070479728754, 1120.5070479728754, 1120.5070479728754, 1120.5070479728754, 1120.5070479728754, 1120.5070479728754, 1120.5070479728754, 1120.5070479728754, 1120.5070479728754, 1120.5070479728754, 1120.5070479728754, 1120.5070479728754, 1120.5070479728754, 1120.5070479728754, 1120.5070479728754, 1120.5070479728754, 1120.5070479728754, 1120.5070479728754, 1120.5070479728754, 1120.5070479728754, 1120.5070479728754, 1120.5070479728754, 1120.5070479728754, 1120.5070479728754, 1120.5070479728754, 1120.5070479728754, 1120.5070479728754, 1120.5070479728754, 1120.5070479728754, 1120.5070479728754, 1120.5070479728754, 1120.5070479728754, 1120.5070479728754, 1120.5070479728754, 1120.5070479728754, 1120.5070479728754, 1120.5070479728754, 1120.5070479728754, 1120.5070479728754, 1120.5070479728754, 1120.5070479728754, 1120.5070479728754, 1120.5070479728754, 1120.5070479728754, 1120.5070479728754, 1120.5070479728754, 1120.5070479728754, 1120.5070479728754, 1120.5070479728754, 1120.5070479728754, 1120.5070479728754, 1120.5070479728754, 1120.5070479728754, 1120.5070479728754, 1120.5070479728754, 1120.5070479728754, 1120.5070479728754, 1120.5070479728754, 1120.5070479728754, 1120.5070479728754, 1120.5070479728754, 1120.5070479728754, 1120.5070479728754, 1120.5070479728754, 1120.5070479728754, 1120.5070479728754, 1120.5070479728754, 1120.5070479728754, 1120.5070479728754, 1120.5070479728754, 1120.5070479728754, 1120.5070479728754, 1120.5070479728754, 1120.5070479728754, 1120.5070479728754, 1120.5070479728754, 1120.5070479728754, 1120.5070479728754, 1120.5070479728754, 1120.5070479728754, 1120.5070479728754, 1120.5070479728754, 1120.5070479728754, 1120.5070479728754, 1120.5070479728754, 1120.5070479728754, 1120.5070479728754, 1120.5070479728754, 1120.5070479728754, 1120.5070479728754, 1120.5070479728754, 1120.5070479728754, 1120.5070479728754, 1120.5070479728754, 1120.5070479728754, 1120.5070479728754, 1120.5070479728754, 1120.5070479728754, 1120.5070479728754, 1120.5070479728754, 1120.5070479728754, 1120.5070479728754, 1120.5070479728754, 1120.5070479728754, 1120.5070479728754, 1120.5070479728754, 1120.5070479728754, 1120.5070479728754, 1120.5070479728754, 1120.5070479728754, 1120.5070479728754, 1120.5070479728754, 1120.5070479728754, 1120.5070479728754, 1120.5070479728754, 1120.5070479728754, 1120.5070479728754, 1120.5070479728754, 1120.5070479728754, 1120.5070479728754, 1120.5070479728754, 1120.5070479728754, 1120.5070479728754, 1120.5070479728754, 1120.5070479728754, 1120.5070479728754, 1120.5070479728754, 1120.5070479728754, 1120.5070479728754, 1120.5070479728754, 1120.5070479728754, 1120.5070479728754, 1120.5070479728754, 1120.5070479728754, 1120.5070479728754, 1120.5070479728754, 1120.5070479728754, 1120.5070479728754, 1120.5070479728754, 1120.5070479728754, 1120.5070479728754, 1120.5070479728754, 1120.5070479728754, 1120.5070479728754, 1120.5070479728754, 1120.5070479728754, 1120.5070479728754, 1120.5070479728754, 1120.5070479728754, 1120.5070479728754, 1120.5070479728754, 1120.5070479728754, 1120.5070479728754, 1120.5070479728754, 1120.5070479728754, 1120.5070479728754, 1120.5070479728754, 1120.5070479728754, 1120.5070479728754, 1120.5070479728754, 1120.5070479728754, 1120.5070479728754, 1120.5070479728754, 1120.5070479728754, 1120.441721969955, 1120.441721969955, 1120.441721969955, 1120.441721969955, 1120.441721969955, 1120.441721969955, 1120.441721969955, 1120.441721969955, 1120.441721969955, 1120.441721969955, 1120.441721969955, 1120.441721969955, 1120.441721969955, 1120.441721969955, 1120.441721969955, 1120.441721969955, 1120.441721969955, 1120.441721969955, 1120.441721969955, 1120.441721969955, 1120.441721969955, 1120.441721969955, 1120.441721969955, 1120.441721969955, 1120.441721969955, 1120.441721969955, 1120.441721969955, 1120.441721969955, 1120.441721969955, 1120.441721969955, 1120.441721969955, 1120.441721969955, 1120.441721969955, 1120.441721969955, 1120.441721969955, 1120.441721969955, 1120.441721969955, 1120.441721969955, 1120.441721969955, 1120.441721969955, 1120.441721969955, 1120.441721969955, 1120.441721969955, 1120.441721969955, 1120.441721969955, 1120.441721969955, 1120.441721969955, 1120.441721969955, 1120.441721969955, 1120.441721969955, 1120.441721969955, 1120.441721969955, 1120.441721969955, 1120.441721969955, 1120.441721969955, 1120.441721969955, 1120.441721969955, 1120.441721969955, 1120.441721969955, 1120.441721969955, 1120.441721969955, 1120.441721969955, 1120.441721969955, 1120.441721969955, 1120.441721969955, 1120.441721969955, 1120.441721969955, 1120.441721969955, 1120.441721969955, 1120.441721969955, 1120.441721969955, 1120.441721969955, 1120.441721969955, 1120.441721969955, 1120.441721969955, 1120.441721969955, 1120.441721969955, 1120.441721969955, 1120.441721969955, 1120.441721969955, 1120.441721969955, 1120.441721969955, 1120.441721969955, 1120.441721969955, 1120.441721969955, 1120.441721969955, 1120.441721969955, 1120.441721969955, 1120.441721969955, 1120.441721969955, 1120.441721969955, 1120.441721969955, 1120.441721969955, 1120.441721969955, 1120.441721969955, 1120.441721969955, 1120.441721969955, 1120.441721969955, 1120.441721969955, 1120.441721969955, 1120.441721969955, 1120.441721969955, 1120.441721969955, 1120.441721969955, 1120.441721969955, 1120.441721969955, 1120.441721969955, 1120.441721969955, 1120.441721969955, 1120.441721969955, 1120.441721969955, 1120.441721969955, 1120.441721969955, 1120.441721969955, 1120.441721969955, 1120.441721969955, 1120.441721969955, 1120.441721969955, 1120.441721969955, 1120.441721969955, 1120.441721969955, 1120.441721969955, 1120.441721969955, 1120.441721969955, 1120.441721969955, 1120.441721969955, 1120.441721969955, 1120.441721969955, 1120.441721969955, 1120.441721969955, 1120.441721969955, 1120.441721969955, 1120.441721969955, 1120.441721969955, 1120.441721969955, 1120.441721969955, 1120.441721969955, 1120.441721969955, 1120.441721969955, 1120.441721969955, 1120.441721969955, 1120.441721969955, 1120.441721969955, 1120.441721969955, 1120.441721969955, 1120.441721969955, 1120.441721969955, 1120.441721969955, 1120.441721969955, 1120.441721969955, 1120.441721969955, 1120.441721969955, 1120.441721969955, 1120.441721969955, 1120.441721969955, 1120.441721969955, 1120.441721969955, 1120.441721969955, 1120.441721969955, 1120.441721969955, 1120.441721969955, 1120.441721969955, 1120.441721969955, 1120.441721969955, 1120.441721969955, 1120.441721969955, 1120.441721969955, 1120.441721969955, 1120.441721969955, 1120.441721969955, 1120.441721969955, 1120.441721969955, 1120.441721969955, 1120.441721969955, 1120.441721969955, 1120.441721969955, 1120.441721969955, 1120.441721969955, 1120.441721969955, 1120.441721969955, 1120.441721969955, 1120.441721969955, 1120.441721969955, 1120.441721969955, 1120.441721969955, 1120.441721969955, 1120.441721969955, 1120.441721969955, 1120.441721969955, 1120.441721969955, 1120.441721969955, 1120.441721969955, 1120.441721969955, 1120.441721969955, 1120.441721969955, 1120.441721969955, 1120.441721969955, 1120.441721969955, 1120.441721969955, 1120.441721969955, 1120.441721969955, 1120.441721969955, 1120.441721969955, 1120.441721969955, 1120.441721969955, 1120.441721969955, 1120.441721969955, 1120.441721969955, 1120.441721969955, 1120.441721969955, 1120.441721969955, 1120.441721969955, 1120.441721969955, 1120.441721969955, 1120.441721969955, 1120.441721969955, 1120.441721969955, 1120.441721969955, 1120.441721969955, 1120.441721969955, 1120.441721969955, 1120.441721969955, 1120.441721969955, 1120.441721969955, 1120.441721969955, 1120.441721969955, 1120.441721969955, 1120.441721969955, 1120.441721969955, 1120.441721969955, 1120.441721969955, 1120.441721969955, 1120.441721969955, 1120.441721969955, 1120.441721969955, 1120.441721969955, 1120.441721969955, 1120.441721969955, 1120.441721969955, 1120.441721969955, 1120.441721969955, 1120.441721969955, 1120.441721969955, 1120.441721969955, 1120.441721969955, 1120.441721969955, 1120.441721969955, 1120.441721969955, 1120.441721969955, 1120.441721969955, 1120.441721969955, 1120.441721969955, 1120.441721969955, 1120.441721969955, 1120.441721969955, 1120.441721969955, 1120.441721969955, 1120.441721969955, 1120.441721969955, 1120.441721969955, 1120.441721969955, 1120.441721969955, 1120.441721969955, 1120.441721969955, 1120.441721969955, 1120.441721969955, 1120.441721969955, 1120.441721969955, 1120.441721969955, 1120.441721969955, 1120.441721969955, 1120.441721969955, 1120.441721969955, 1120.441721969955, 1120.441721969955, 1120.441721969955, 1120.441721969955, 1120.441721969955, 1120.441721969955, 1120.441721969955, 1120.441721969955, 1120.441721969955, 1120.441721969955, 1120.441721969955, 1120.441721969955, 1120.441721969955, 1120.441721969955, 1120.441721969955, 1120.441721969955, 1120.441721969955, 1120.441721969955, 1120.441721969955, 1120.441721969955, 1120.441721969955, 1120.441721969955, 1120.441721969955, 1120.441721969955, 1120.441721969955, 1120.441721969955, 1120.441721969955, 1120.441721969955, 1120.441721969955, 1120.441721969955, 1120.441721969955, 1120.441721969955, 1120.441721969955, 1120.441721969955, 1120.441721969955, 1120.441721969955, 1120.441721969955, 1120.441721969955, 1120.441721969955, 1120.441721969955, 1120.441721969955, 1120.441721969955, 1120.441721969955, 1120.441721969955, 1120.441721969955, 1120.441721969955, 1120.441721969955, 1120.441721969955, 1120.441721969955, 1120.441721969955, 1120.441721969955, 1120.441721969955, 1120.441721969955, 1120.441721969955, 1120.441721969955, 1120.441721969955, 1120.441721969955, 1120.441721969955, 1120.441721969955, 1120.441721969955, 1120.441721969955, 1120.441721969955, 1120.441721969955, 1120.441721969955, 1120.441721969955, 1120.441721969955, 1120.441721969955, 1120.441721969955, 1120.441721969955, 1120.441721969955, 1120.441721969955, 1120.441721969955, 1120.441721969955, 1120.441721969955, 1120.441721969955, 1120.441721969955, 1120.441721969955, 1120.441721969955, 1120.441721969955, 1120.441721969955, 1120.441721969955, 1120.441721969955, 1120.441721969955, 1120.441721969955, 1120.441721969955, 1120.441721969955, 1120.441721969955, 1120.441721969955, 1120.441721969955, 1120.441721969955, 1120.441721969955, 1120.441721969955, 1120.441721969955, 1120.441721969955, 1120.441721969955, 1120.441721969955, 1120.441721969955, 1120.441721969955, 1120.441721969955, 1120.441721969955, 1120.441721969955, 1120.441721969955, 1120.441721969955, 1120.441721969955, 1120.441721969955, 1120.441721969955, 1120.441721969955, 1120.441721969955, 1120.441721969955, 1120.441721969955, 1120.441721969955, 1120.441721969955, 1120.441721969955, 1120.441721969955, 1120.441721969955, 1120.441721969955, 1120.441721969955, 1120.441721969955, 1120.441721969955, 1120.441721969955, 1120.441721969955, 1120.441721969955, 1120.441721969955, 1120.441721969955, 1120.441721969955, 1120.441721969955, 1120.441721969955, 1120.441721969955, 1120.441721969955, 1120.441721969955, 1120.441721969955, 1120.441721969955, 1120.441721969955, 1120.441721969955, 1120.441721969955, 1120.441721969955, 1120.441721969955, 1120.441721969955, 1120.441721969955, 1120.441721969955, 1120.441721969955, 1120.441721969955, 1120.441721969955, 1120.441721969955, 1120.441721969955, 1120.441721969955, 1120.441721969955, 1120.441721969955, 1120.441721969955, 1120.441721969955, 1120.441721969955, 1120.441721969955, 1120.441721969955, 1120.441721969955, 1120.441721969955, 1120.441721969955, 1120.441721969955, 1120.441721969955, 1120.441721969955, 1120.441721969955, 1120.441721969955, 1120.441721969955, 1120.441721969955, 1120.441721969955, 1120.441721969955, 1120.441721969955, 1120.441721969955, 1120.441721969955, 1120.441721969955, 1120.441721969955, 1120.441721969955, 1120.441721969955, 1120.441721969955, 1120.441721969955, 1120.441721969955, 1120.441721969955, 1120.441721969955, 1120.441721969955, 1120.441721969955, 1120.441721969955, 1120.441721969955, 1120.441721969955, 1120.441721969955, 1120.441721969955, 1120.441721969955, 1120.441721969955, 1120.441721969955, 1120.441721969955, 1120.441721969955, 1120.441721969955, 1120.441721969955, 1120.441721969955, 1120.441721969955, 1120.441721969955, 1120.441721969955, 1120.441721969955, 1120.441721969955, 1120.441721969955, 1120.441721969955, 1120.441721969955, 1120.441721969955, 1120.441721969955, 1120.441721969955, 1120.441721969955, 1120.441721969955, 1120.441721969955, 1120.441721969955, 1120.441721969955, 1120.441721969955, 1120.441721969955, 1120.441721969955, 1120.441721969955, 1120.441721969955, 1120.441721969955, 1120.441721969955, 1120.441721969955, 1120.441721969955, 1120.441721969955, 1120.441721969955, 1120.441721969955, 1120.441721969955, 1120.441721969955, 1120.441721969955, 1120.441721969955, 1120.441721969955, 1120.441721969955, 1120.441721969955, 1120.441721969955, 1120.441721969955, 1120.441721969955, 1120.441721969955, 1120.441721969955, 1120.441721969955, 1120.441721969955, 1120.441721969955, 1120.441721969955, 1120.441721969955, 1120.441721969955, 1120.441721969955, 1120.441721969955, 1120.441721969955, 1120.441721969955, 1120.441721969955, 1120.441721969955, 1120.441721969955, 1120.441721969955, 1120.441721969955, 1120.441721969955, 1120.441721969955, 1120.441721969955, 1120.441721969955, 1120.441721969955, 1120.441721969955, 1120.441721969955, 1120.441721969955, 1120.441721969955, 1120.441721969955, 1120.441721969955, 1120.441721969955, 1120.441721969955, 1120.441721969955, 1120.441721969955, 1120.441721969955, 1120.441721969955, 1120.441721969955, 1120.441721969955, 1120.441721969955, 1120.441721969955, 1120.441721969955, 1120.441721969955, 1120.441721969955, 1120.441721969955, 1120.441721969955, 1120.441721969955, 1120.441721969955, 1120.441721969955, 1120.441721969955, 1120.441721969955, 1120.441721969955, 1120.441721969955, 1120.441721969955, 1120.441721969955, 1120.441721969955, 1120.441721969955, 1120.441721969955, 1120.441721969955, 1120.441721969955, 1120.441721969955, 1120.441721969955, 1120.441721969955, 1120.441721969955, 1120.441721969955, 1120.441721969955, 1120.441721969955, 1120.441721969955, 1120.441721969955, 1120.441721969955, 1120.441721969955, 1120.441721969955, 1120.441721969955, 1120.441721969955, 1120.441721969955, 1120.441721969955, 1120.441721969955, 1120.441721969955, 1120.441721969955, 1120.441721969955, 1120.441721969955, 1120.441721969955, 1120.441721969955, 1120.441721969955, 1120.441721969955, 1120.441721969955, 1120.441721969955, 1120.441721969955, 1120.441721969955, 1120.441721969955, 1120.441721969955, 1120.441721969955, 1120.441721969955, 1120.441721969955, 1120.441721969955, 1120.441721969955, 1120.441721969955, 1120.441721969955, 1120.441721969955, 1120.441721969955, 1120.441721969955, 1120.441721969955, 1120.441721969955, 1120.441721969955, 1120.441721969955, 1120.441721969955, 1120.441721969955, 1120.441721969955, 1120.441721969955, 1120.441721969955, 1120.441721969955, 1120.441721969955, 1120.441721969955, 1120.441721969955, 1120.441721969955, 1120.441721969955, 1120.441721969955, 1120.441721969955, 1120.441721969955, 1120.441721969955, 1120.441721969955, 1120.441721969955, 1120.441721969955, 1120.441721969955, 1120.441721969955, 1120.441721969955, 1120.441721969955, 1120.441721969955, 1120.441721969955, 1120.441721969955, 1120.441721969955, 1120.441721969955, 1120.441721969955, 1120.441721969955, 1120.441721969955, 1120.441721969955, 1120.441721969955, 1120.441721969955, 1120.441721969955, 1120.441721969955, 1120.441721969955, 1120.441721969955, 1120.441721969955, 1120.441721969955, 1120.441721969955, 1120.441721969955, 1120.441721969955, 1120.441721969955, 1120.441721969955, 1120.441721969955, 1120.441721969955, 1120.441721969955, 1120.441721969955, 1120.441721969955, 1120.441721969955, 1120.441721969955, 1120.441721969955, 1120.441721969955, 1120.441721969955, 1120.441721969955, 1120.441721969955, 1120.441721969955, 1120.441721969955, 1120.441721969955, 1120.441721969955, 1120.441721969955, 1120.441721969955, 1120.441721969955, 1120.441721969955, 1120.441721969955, 1120.441721969955, 1120.441721969955, 1120.441721969955, 1120.441721969955, 1120.441721969955, 1120.441721969955, 1120.441721969955, 1120.441721969955, 1120.441721969955, 1120.441721969955, 1120.441721969955, 1120.441721969955, 1120.441721969955, 1120.441721969955, 1120.441721969955, 1120.441721969955, 1120.441721969955, 1120.441721969955, 1120.441721969955, 1120.441721969955, 1120.441721969955, 1120.441721969955, 1120.441721969955, 1120.441721969955, 1120.441721969955, 1120.441721969955, 1120.441721969955, 1120.441721969955, 1120.441721969955, 1120.441721969955, 1120.441721969955, 1120.441721969955, 1120.441721969955, 1120.441721969955, 1120.441721969955, 1120.441721969955, 1120.441721969955, 1120.441721969955, 1120.441721969955, 1120.441721969955, 1120.441721969955, 1120.441721969955, 1120.441721969955, 1120.441721969955, 1120.441721969955, 1120.441721969955, 1120.441721969955, 1120.441721969955, 1120.441721969955, 1120.441721969955, 1120.441721969955, 1120.441721969955, 1120.441721969955, 1120.441721969955, 1120.441721969955, 1120.441721969955, 1120.441721969955, 1120.441721969955, 1120.441721969955, 1120.441721969955, 1120.441721969955, 1120.441721969955, 1120.441721969955, 1120.441721969955, 1120.441721969955, 1120.441721969955, 1120.441721969955, 1120.441721969955, 1120.441721969955, 1120.441721969955, 1120.441721969955, 1120.441721969955, 1120.441721969955, 1120.441721969955, 1120.441721969955, 1120.441721969955, 1120.441721969955, 1120.441721969955, 1120.441721969955, 1120.441721969955, 1120.441721969955, 1120.441721969955, 1120.441721969955, 1120.441721969955, 1120.441721969955, 1120.441721969955, 1120.441721969955, 1120.441721969955, 1120.441721969955, 1120.441721969955, 1120.441721969955, 1120.441721969955, 1120.441721969955, 1120.441721969955, 1120.441721969955, 1120.441721969955, 1120.441721969955, 1120.441721969955, 1120.441721969955, 1120.441721969955, 1120.441721969955, 1120.441721969955, 1120.441721969955, 1120.441721969955, 1120.441721969955, 1120.441721969955, 1120.441721969955, 1120.441721969955, 1120.441721969955, 1120.441721969955, 1120.441721969955, 1120.441721969955, 1120.441721969955, 1120.441721969955, 1120.441721969955, 1120.441721969955, 1120.441721969955, 1120.441721969955, 1120.441721969955, 1120.441721969955, 1120.441721969955, 1120.441721969955, 1120.441721969955, 1120.441721969955, 1120.441721969955, 1120.441721969955, 1120.441721969955, 1120.441721969955, 1120.441721969955, 1120.441721969955, 1120.441721969955, 1120.441721969955, 1120.441721969955, 1120.441721969955, 1120.441721969955, 1120.441721969955, 1120.441721969955, 1120.441721969955, 1120.441721969955, 1120.441721969955, 1120.441721969955, 1120.441721969955, 1120.441721969955, 1120.441721969955, 1120.441721969955, 1120.441721969955, 1120.441721969955, 1120.441721969955, 1120.441721969955, 1120.441721969955, 1120.441721969955, 1120.441721969955, 1120.441721969955, 1120.441721969955, 1120.441721969955, 1120.441721969955, 1120.441721969955, 1120.441721969955, 1120.441721969955, 1120.441721969955, 1120.441721969955, 1120.441721969955, 1120.441721969955, 1120.441721969955, 1120.441721969955, 1120.441721969955, 1120.441721969955, 1120.441721969955, 1120.441721969955, 1120.441721969955, 1120.441721969955, 1120.441721969955, 1120.441721969955, 1120.441721969955, 1120.441721969955, 1120.441721969955, 1120.441721969955, 1120.441721969955, 1120.441721969955, 1120.441721969955, 1120.441721969955, 1120.441721969955, 1120.441721969955, 1120.441721969955, 1120.441721969955, 1120.441721969955, 1120.441721969955, 1120.441721969955, 1120.441721969955, 1120.441721969955, 1120.441721969955, 1120.441721969955, 1120.441721969955, 1120.441721969955, 1120.441721969955, 1120.441721969955, 1120.441721969955, 1120.441721969955, 1120.441721969955, 1120.441721969955, 1120.441721969955, 1120.441721969955, 1120.441721969955, 1120.441721969955, 1120.441721969955, 1120.441721969955, 1120.441721969955, 1120.441721969955, 1120.441721969955, 1120.441721969955, 1120.441721969955, 1120.441721969955, 1120.441721969955, 1120.441721969955, 1120.441721969955, 1120.441721969955, 1120.441721969955, 1120.441721969955, 1120.441721969955, 1120.441721969955, 1120.441721969955, 1120.441721969955, 1120.441721969955, 1120.441721969955, 1120.441721969955, 1120.441721969955, 1120.441721969955, 1120.441721969955, 1120.441721969955, 1120.441721969955, 1120.441721969955, 1120.441721969955, 1120.441721969955, 1120.441721969955, 1120.441721969955, 1120.441721969955, 1120.441721969955, 1120.441721969955, 1120.441721969955, 1120.441721969955, 1120.441721969955, 1120.441721969955, 1120.441721969955, 1120.441721969955, 1120.441721969955, 1120.441721969955, 1120.441721969955, 1120.441721969955, 1120.441721969955, 1120.441721969955, 1120.441721969955, 1120.441721969955, 1120.441721969955, 1120.441721969955, 1120.441721969955, 1120.441721969955, 1120.441721969955, 1120.441721969955, 1120.441721969955, 1120.441721969955, 1120.441721969955, 1120.441721969955, 1120.441721969955, 1120.441721969955, 1120.441721969955, 1120.441721969955, 1120.441721969955, 1120.441721969955, 1120.441721969955, 1120.441721969955, 1120.441721969955, 1120.441721969955, 1120.441721969955, 1120.441721969955, 1120.441721969955, 1120.441721969955, 1120.441721969955, 1120.441721969955, 1120.441721969955, 1120.441721969955, 1120.441721969955, 1120.441721969955, 1120.441721969955, 1120.441721969955, 1120.441721969955, 1120.441721969955, 1120.441721969955, 1120.441721969955, 1120.441721969955, 1120.441721969955, 1120.441721969955, 1120.441721969955, 1120.441721969955, 1120.441721969955, 1120.441721969955, 1120.441721969955, 1120.441721969955, 1120.441721969955, 1120.441721969955, 1120.441721969955, 1120.441721969955, 1120.441721969955, 1120.441721969955, 1120.441721969955, 1120.441721969955, 1120.441721969955, 1120.441721969955, 1120.441721969955, 1120.441721969955, 1120.441721969955, 1120.441721969955, 1120.441721969955, 1120.441721969955, 1120.441721969955, 1120.441721969955, 1120.441721969955, 1120.441721969955, 1120.441721969955, 1120.441721969955, 1120.441721969955, 1120.441721969955, 1120.441721969955, 1120.441721969955, 1120.441721969955, 1120.441721969955, 1120.441721969955, 1120.441721969955, 1120.441721969955, 1120.441721969955, 1120.441721969955, 1120.441721969955, 1120.441721969955, 1120.441721969955, 1120.441721969955, 1120.441721969955, 1120.441721969955, 1120.441721969955, 1120.441721969955, 1120.441721969955, 1120.441721969955, 1120.441721969955, 1120.441721969955, 1120.441721969955, 1120.441721969955, 1120.441721969955, 1120.441721969955, 1120.441721969955, 1120.441721969955, 1120.441721969955, 1120.441721969955, 1120.441721969955, 1120.441721969955, 1120.441721969955, 1120.441721969955, 1120.441721969955, 1120.441721969955, 1120.441721969955, 1120.441721969955, 1120.441721969955, 1120.441721969955, 1120.441721969955, 1120.441721969955, 1120.441721969955, 1120.441721969955, 1120.441721969955, 1120.441721969955, 1120.441721969955, 1120.441721969955, 1120.441721969955, 1120.441721969955, 1120.441721969955, 1120.441721969955, 1120.441721969955, 1120.441721969955, 1120.441721969955, 1120.441721969955, 1120.441721969955, 1120.441721969955, 1120.441721969955, 1120.441721969955, 1120.441721969955, 1120.441721969955, 1120.441721969955, 1120.441721969955, 1120.441721969955, 1120.441721969955, 1120.441721969955, 1120.441721969955, 1120.441721969955, 1120.441721969955, 1120.441721969955, 1120.441721969955, 1120.441721969955, 1120.441721969955, 1120.441721969955, 1120.441721969955, 1120.441721969955, 1120.441721969955, 1120.441721969955, 1120.441721969955, 1120.441721969955, 1120.441721969955, 1120.441721969955, 1120.441721969955, 1120.441721969955, 1120.441721969955, 1120.441721969955, 1120.441721969955, 1120.441721969955, 1120.441721969955, 1120.441721969955, 1120.441721969955, 1120.441721969955, 1120.441721969955, 1120.441721969955, 1120.441721969955, 1120.441721969955, 1120.441721969955, 1120.441721969955, 1120.441721969955, 1120.441721969955, 1120.441721969955, 1120.441721969955, 1120.441721969955, 1120.441721969955, 1120.441721969955, 1120.441721969955, 1120.441721969955, 1120.441721969955, 1120.441721969955, 1120.441721969955, 1120.441721969955, 1120.441721969955, 1120.441721969955, 1120.441721969955, 1120.441721969955, 1120.441721969955, 1120.441721969955, 1120.441721969955, 1120.441721969955, 1120.441721969955, 1120.441721969955, 1120.441721969955, 1120.441721969955, 1120.441721969955, 1120.441721969955, 1120.441721969955, 1120.441721969955, 1120.441721969955, 1120.441721969955, 1120.441721969955, 1120.441721969955, 1120.441721969955, 1120.441721969955, 1120.441721969955, 1120.441721969955, 1120.441721969955, 1120.441721969955, 1120.441721969955, 1120.441721969955, 1120.441721969955, 1120.441721969955, 1120.441721969955, 1120.441721969955, 1120.441721969955, 1120.441721969955, 1120.441721969955, 1120.441721969955, 1120.441721969955, 1120.441721969955, 1120.441721969955, 1120.441721969955, 1120.441721969955, 1120.441721969955, 1120.441721969955, 1120.441721969955, 1120.441721969955, 1120.441721969955, 1120.441721969955, 1120.441721969955, 1120.441721969955, 1120.441721969955, 1120.441721969955, 1120.441721969955, 1120.441721969955, 1120.441721969955, 1120.441721969955, 1120.441721969955, 1120.441721969955, 1120.441721969955, 1120.441721969955, 1120.441721969955, 1120.441721969955, 1120.441721969955, 1120.441721969955, 1120.441721969955, 1120.441721969955, 1120.441721969955, 1120.441721969955, 1120.441721969955, 1120.441721969955, 1120.441721969955, 1120.441721969955, 1120.441721969955, 1120.441721969955, 1120.441721969955, 1120.441721969955, 1120.441721969955, 1120.441721969955, 1120.441721969955, 1120.441721969955, 1120.441721969955, 1120.441721969955, 1120.441721969955, 1120.441721969955, 1120.441721969955, 1120.441721969955, 1120.441721969955, 1120.441721969955, 1120.441721969955, 1120.441721969955, 1120.441721969955, 1120.441721969955, 1120.441721969955, 1120.441721969955, 1120.441721969955, 1120.441721969955, 1120.441721969955, 1120.441721969955, 1120.441721969955, 1120.441721969955, 1120.441721969955, 1120.441721969955, 1120.441721969955, 1120.441721969955, 1120.441721969955, 1120.441721969955, 1120.441721969955, 1120.441721969955, 1120.441721969955, 1120.441721969955, 1120.441721969955, 1120.441721969955, 1120.441721969955, 1120.441721969955, 1120.441721969955, 1120.441721969955, 1120.441721969955, 1120.441721969955, 1120.441721969955, 1120.441721969955, 1120.441721969955, 1120.441721969955, 1120.441721969955, 1120.441721969955, 1120.441721969955, 1120.441721969955, 1120.441721969955, 1120.441721969955, 1120.441721969955, 1120.441721969955, 1120.441721969955, 1120.441721969955, 1120.441721969955, 1120.441721969955, 1120.441721969955, 1120.441721969955, 1120.441721969955, 1120.441721969955, 1120.441721969955, 1120.441721969955, 1120.441721969955, 1120.441721969955, 1120.441721969955, 1120.441721969955, 1120.441721969955, 1120.441721969955, 1120.441721969955, 1120.441721969955, 1120.441721969955, 1120.441721969955, 1120.441721969955, 1120.441721969955, 1120.441721969955, 1120.441721969955, 1120.441721969955, 1120.441721969955, 1120.441721969955, 1120.441721969955, 1120.441721969955, 1120.441721969955, 1120.441721969955, 1120.441721969955, 1120.441721969955, 1120.441721969955, 1120.441721969955, 1120.441721969955, 1120.441721969955, 1120.441721969955, 1120.441721969955, 1120.441721969955, 1120.441721969955, 1120.441721969955, 1120.441721969955, 1120.441721969955, 1120.441721969955, 1120.441721969955, 1120.441721969955, 1120.441721969955, 1120.441721969955, 1120.441721969955, 1120.441721969955, 1120.441721969955, 1120.441721969955, 1120.441721969955, 1120.441721969955, 1120.441721969955, 1120.441721969955, 1120.441721969955, 1120.441721969955, 1120.441721969955, 1120.441721969955, 1120.441721969955, 1120.441721969955, 1120.441721969955, 1120.441721969955, 1120.441721969955, 1120.441721969955, 1120.441721969955, 1120.441721969955, 1120.441721969955, 1120.441721969955, 1120.441721969955, 1120.441721969955, 1120.441721969955, 1120.441721969955, 1120.441721969955, 1120.441721969955, 1120.441721969955, 1120.441721969955, 1120.441721969955, 1120.441721969955, 1120.441721969955, 1120.441721969955, 1120.441721969955, 1120.441721969955, 1120.441721969955, 1120.441721969955, 1120.441721969955, 1120.441721969955, 1120.441721969955, 1120.441721969955, 1120.441721969955, 1120.441721969955, 1120.441721969955, 1120.441721969955, 1120.441721969955, 1120.441721969955, 1120.441721969955, 1120.441721969955, 1120.441721969955, 1120.441721969955, 1120.441721969955, 1120.441721969955, 1120.441721969955, 1120.441721969955, 1120.441721969955, 1120.441721969955, 1120.441721969955, 1120.441721969955, 1120.441721969955, 1120.441721969955, 1120.441721969955, 1120.441721969955, 1120.441721969955, 1120.441721969955, 1120.441721969955, 1120.441721969955, 1120.441721969955, 1120.441721969955, 1120.441721969955, 1120.441721969955, 1120.441721969955, 1120.441721969955, 1120.441721969955, 1120.441721969955, 1120.441721969955, 1120.441721969955, 1120.441721969955, 1120.441721969955, 1120.441721969955, 1120.441721969955, 1120.441721969955, 1120.441721969955, 1120.441721969955, 1120.441721969955, 1120.441721969955, 1120.441721969955, 1120.441721969955, 1120.441721969955, 1120.441721969955, 1120.441721969955, 1120.441721969955, 1120.441721969955, 1120.441721969955, 1120.441721969955, 1120.441721969955, 1120.441721969955, 1120.441721969955, 1120.441721969955, 1120.441721969955, 1120.441721969955, 1120.441721969955, 1120.441721969955, 1120.441721969955, 1120.441721969955, 1120.441721969955, 1120.441721969955, 1120.441721969955, 1120.441721969955, 1120.441721969955, 1120.441721969955, 1120.441721969955, 1120.441721969955, 1120.441721969955, 1120.441721969955, 1120.441721969955, 1120.441721969955, 1120.441721969955, 1120.441721969955, 1120.441721969955, 1120.441721969955, 1120.441721969955, 1120.441721969955, 1120.441721969955, 1120.441721969955, 1120.441721969955, 1120.441721969955, 1120.441721969955, 1120.441721969955, 1120.441721969955, 1120.441721969955, 1120.441721969955, 1120.441721969955, 1120.441721969955, 1120.441721969955, 1120.441721969955, 1120.441721969955, 1120.441721969955, 1120.441721969955, 1120.441721969955, 1120.441721969955, 1120.441721969955, 1120.441721969955, 1120.441721969955, 1120.441721969955, 1120.441721969955, 1120.441721969955, 1120.441721969955, 1120.441721969955, 1120.441721969955, 1120.441721969955, 1120.441721969955, 1120.441721969955, 1120.441721969955, 1120.441721969955, 1120.441721969955, 1120.441721969955, 1120.441721969955, 1120.441721969955, 1120.441721969955, 1120.441721969955, 1120.441721969955, 1120.441721969955, 1120.441721969955, 1120.441721969955, 1120.441721969955, 1120.441721969955, 1120.441721969955, 1120.441721969955, 1120.441721969955, 1120.441721969955, 1120.441721969955, 1120.441721969955, 1120.441721969955, 1120.441721969955, 1120.441721969955, 1120.441721969955, 1120.441721969955, 1120.441721969955, 1120.441721969955, 1120.441721969955, 1120.441721969955, 1120.441721969955, 1120.441721969955, 1120.441721969955, 1120.441721969955, 1120.441721969955, 1120.441721969955, 1120.441721969955, 1120.441721969955, 1120.441721969955, 1120.441721969955, 1120.441721969955, 1120.441721969955, 1120.441721969955, 1120.441721969955, 1120.441721969955, 1120.441721969955, 1120.441721969955, 1120.441721969955, 1120.441721969955, 1120.441721969955, 1120.441721969955, 1120.441721969955, 1120.441721969955, 1120.441721969955, 1120.441721969955, 1120.441721969955, 1120.441721969955, 1120.441721969955, 1120.441721969955, 1120.441721969955, 1120.441721969955, 1120.441721969955, 1120.441721969955, 1120.441721969955, 1120.441721969955, 1120.441721969955, 1120.441721969955, 1120.441721969955, 1120.441721969955, 1120.441721969955, 1120.441721969955, 1120.441721969955, 1120.441721969955, 1120.441721969955, 1120.441721969955, 1120.441721969955, 1120.441721969955, 1120.441721969955, 1120.441721969955, 1120.441721969955, 1120.441721969955, 1120.441721969955, 1120.441721969955, 1120.441721969955, 1120.441721969955, 1120.441721969955, 1120.441721969955, 1120.441721969955, 1120.441721969955, 1120.441721969955, 1120.441721969955, 1120.441721969955, 1120.441721969955, 1120.441721969955, 1120.441721969955, 1120.441721969955, 1120.441721969955, 1120.441721969955, 1120.441721969955, 1120.441721969955, 1120.441721969955, 1120.441721969955, 1120.441721969955, 1120.441721969955, 1120.441721969955, 1120.441721969955, 1120.441721969955, 1120.441721969955, 1120.441721969955, 1120.441721969955, 1120.441721969955, 1120.441721969955, 1120.441721969955, 1120.441721969955, 1120.441721969955, 1120.441721969955, 1120.441721969955, 1120.441721969955, 1120.441721969955, 1120.441721969955, 1120.441721969955, 1120.441721969955, 1120.441721969955, 1120.441721969955, 1120.441721969955, 1120.441721969955, 1120.441721969955, 1120.441721969955, 1120.441721969955, 1120.441721969955, 1120.441721969955, 1120.441721969955, 1120.441721969955, 1120.441721969955, 1120.441721969955, 1120.441721969955, 1120.441721969955, 1120.441721969955, 1120.441721969955, 1120.441721969955, 1120.441721969955, 1120.441721969955, 1120.441721969955, 1120.441721969955, 1120.441721969955, 1120.441721969955, 1120.441721969955, 1120.441721969955, 1120.441721969955, 1120.441721969955, 1120.441721969955, 1120.441721969955, 1120.441721969955, 1120.441721969955, 1120.441721969955, 1120.441721969955, 1120.441721969955, 1120.441721969955, 1120.441721969955, 1120.441721969955, 1120.441721969955, 1120.441721969955, 1120.441721969955, 1120.441721969955, 1120.441721969955, 1120.441721969955, 1120.441721969955, 1120.441721969955, 1120.441721969955, 1120.441721969955, 1120.441721969955, 1120.441721969955, 1120.441721969955, 1120.441721969955, 1120.441721969955, 1120.441721969955, 1120.441721969955, 1120.441721969955, 1120.441721969955, 1120.441721969955, 1120.441721969955, 1120.441721969955, 1120.441721969955, 1120.441721969955, 1120.441721969955, 1120.441721969955, 1120.441721969955, 1120.441721969955, 1120.441721969955, 1120.441721969955, 1120.441721969955, 1120.441721969955, 1120.441721969955, 1120.441721969955, 1120.441721969955, 1120.441721969955, 1120.441721969955, 1120.441721969955, 1120.441721969955, 1120.441721969955, 1120.441721969955, 1120.441721969955, 1120.441721969955, 1120.441721969955, 1120.441721969955, 1120.441721969955, 1120.441721969955, 1120.441721969955, 1120.441721969955, 1120.441721969955, 1120.441721969955, 1120.441721969955, 1120.441721969955, 1120.441721969955, 1120.441721969955, 1120.441721969955, 1120.441721969955, 1120.441721969955, 1120.441721969955, 1120.441721969955, 1120.441721969955, 1120.441721969955, 1120.441721969955, 1120.441721969955, 1120.441721969955, 1120.441721969955, 1120.441721969955, 1120.441721969955, 1120.441721969955, 1120.441721969955, 1120.441721969955, 1120.441721969955, 1120.441721969955, 1120.441721969955, 1120.441721969955, 1120.441721969955, 1120.441721969955, 1120.441721969955, 1120.441721969955, 1120.441721969955, 1120.441721969955, 1120.441721969955, 1120.441721969955, 1120.441721969955, 1120.441721969955, 1120.441721969955, 1120.441721969955, 1120.441721969955, 1120.441721969955, 1120.441721969955, 1120.441721969955, 1120.441721969955, 1120.441721969955, 1120.441721969955, 1120.441721969955, 1120.441721969955, 1120.441721969955, 1120.441721969955, 1120.441721969955, 1120.441721969955, 1120.441721969955, 1120.441721969955, 1120.441721969955, 1120.441721969955, 1120.441721969955, 1120.441721969955, 1120.441721969955, 1120.441721969955, 1120.441721969955, 1120.441721969955, 1120.441721969955, 1120.441721969955, 1120.441721969955, 1120.441721969955, 1120.441721969955, 1120.441721969955, 1120.441721969955, 1120.441721969955, 1120.441721969955, 1120.441721969955, 1120.441721969955, 1120.441721969955, 1120.441721969955, 1120.441721969955, 1120.441721969955, 1120.441721969955, 1120.441721969955, 1120.441721969955, 1120.441721969955, 1120.441721969955, 1120.441721969955, 1120.441721969955, 1120.441721969955, 1120.441721969955, 1120.441721969955, 1120.441721969955, 1120.441721969955, 1120.441721969955, 1120.441721969955, 1120.441721969955, 1120.441721969955, 1120.441721969955, 1120.441721969955, 1120.441721969955, 1120.441721969955, 1120.441721969955, 1120.441721969955, 1120.441721969955, 1120.441721969955, 1120.441721969955, 1120.441721969955, 1120.441721969955, 1120.441721969955, 1120.441721969955, 1120.441721969955, 1120.441721969955, 1120.441721969955, 1120.441721969955, 1120.441721969955, 1120.441721969955, 1120.441721969955, 1120.441721969955, 1120.441721969955, 1120.441721969955, 1120.441721969955, 1120.441721969955, 1120.441721969955, 1120.441721969955, 1120.441721969955, 1120.441721969955, 1120.441721969955, 1120.441721969955, 1120.441721969955, 1120.441721969955, 1120.441721969955, 1120.441721969955, 1120.441721969955, 1120.441721969955, 1120.441721969955, 1120.441721969955, 1120.441721969955, 1120.441721969955, 1120.441721969955, 1120.441721969955, 1120.441721969955, 1120.441721969955, 1120.441721969955, 1120.441721969955, 1120.441721969955, 1120.441721969955, 1120.441721969955, 1120.441721969955, 1120.441721969955, 1120.441721969955, 1120.441721969955, 1120.441721969955, 1120.441721969955, 1120.441721969955, 1120.441721969955, 1120.441721969955, 1120.441721969955, 1120.441721969955, 1120.441721969955, 1120.441721969955, 1120.441721969955, 1120.441721969955, 1120.441721969955, 1120.441721969955, 1120.441721969955, 1120.441721969955, 1120.441721969955, 1120.441721969955, 1120.441721969955, 1120.441721969955, 1114.8184578296766, 1114.8184578296766, 1114.8184578296766, 1114.8184578296766, 1111.5047493306918, 1111.5047493306918, 1111.5047493306918, 1111.5047493306918, 1111.5047493306918, 1111.5047493306918, 1111.5047493306918, 1111.5047493306918, 1109.366815476298, 1109.366815476298, 1109.366815476298, 1109.366815476298, 1109.366815476298, 1109.366815476298, 1109.366815476298, 1109.366815476298, 1109.366815476298, 1109.366815476298, 1109.366815476298, 1109.366815476298, 1109.366815476298, 1109.366815476298, 1109.366815476298, 1109.366815476298, 1109.3668154762977, 1109.3668154762977, 1109.3668154762977, 1109.3668154762977, 1109.3668154762977, 1109.3668154762977, 1109.3668154762977, 1109.3668154762977, 1109.3668154762977, 1109.3668154762977, 1109.3668154762977, 1109.3668154762977, 1109.3668154762977, 1109.3668154762977, 1109.3668154762977, 1109.3668154762977, 1109.3668154762977, 1109.3668154762977, 1109.3668154762977, 1109.3668154762977, 1109.3668154762977, 1109.3668154762977, 1109.3668154762977, 1109.3668154762977, 1109.3668154762977, 1109.3668154762977, 1109.3668154762977, 1109.3668154762977, 1109.3668154762977, 1109.3668154762977, 1109.3668154762977, 1109.3668154762977, 1109.3668154762977, 1109.3668154762977, 1109.3668154762977, 1109.3668154762977, 1109.3668154762977, 1109.3668154762977, 1109.3668154762977, 1109.3668154762977, 1109.3668154762977, 1109.3668154762977, 1109.3668154762977, 1109.3668154762977, 1109.3668154762977, 1109.3668154762977, 1109.3668154762977, 1109.3668154762977, 1109.3668154762977, 1109.3668154762977, 1109.3668154762977, 1109.3668154762977, 1109.3668154762977, 1109.3668154762977, 1109.3668154762977, 1109.3668154762977, 1109.3668154762977, 1109.3668154762977, 1109.3668154762977, 1109.3668154762977, 1109.3668154762977, 1109.3668154762977, 1109.3668154762977, 1109.3668154762977, 1109.3668154762977, 1109.3668154762977, 1109.3668154762977, 1109.3668154762977, 1109.3668154762977, 1109.3668154762977, 1109.3668154762977, 1109.3668154762977, 1109.3668154762977, 1109.3668154762977, 1109.3668154762977, 1109.3668154762977, 1109.3668154762977, 1109.3668154762977, 1109.3668154762977, 1109.3668154762977, 1109.3668154762977, 1109.3668154762977, 1109.3668154762977, 1109.3668154762977, 1109.3668154762977, 1109.3668154762977, 1109.3668154762977, 1109.3668154762977, 1109.3668154762977, 1109.3668154762977, 1109.3668154762977, 1109.3668154762977, 1109.3668154762977, 1109.3668154762977, 1109.3668154762977, 1109.3668154762977, 1109.3668154762977, 1109.3668154762977, 1109.3668154762977, 1109.3668154762977, 1109.3668154762977, 1109.3668154762977, 1109.3668154762977, 1109.3668154762977, 1109.3668154762977, 1109.3668154762977, 1109.3668154762977, 1109.3668154762977, 1109.3668154762977, 1109.3668154762977, 1109.3668154762977, 1109.3668154762977, 1109.3668154762977, 1109.3668154762977, 1109.3668154762977, 1109.3668154762977, 1109.3668154762977, 1109.3668154762977, 1109.3668154762977, 1109.3668154762977, 1109.3668154762977, 1109.3668154762977, 1109.3668154762977, 1109.3668154762977, 1109.3668154762977, 1109.3668154762977, 1109.3668154762977, 1109.3668154762977, 1109.3668154762977, 1109.3668154762977, 1109.3668154762977, 1109.3668154762977, 1109.3668154762977, 1109.3668154762977, 1109.3668154762977, 1109.3668154762977, 1109.3668154762977, 1109.3668154762977, 1109.3668154762977, 1109.3668154762977, 1109.3668154762977, 1109.3668154762977, 1109.3668154762977, 1109.3668154762977, 1109.3668154762977, 1109.3668154762977, 1109.3668154762977, 1109.3668154762977, 1109.3668154762977, 1109.3668154762977, 1109.3668154762977, 1109.3668154762977, 1109.3668154762977, 1109.3668154762977, 1109.3668154762977, 1109.3668154762977, 1109.3668154762977, 1109.3668154762977, 1109.3668154762977, 1109.3668154762977, 1109.3668154762977, 1109.3668154762977, 1109.3668154762977, 1109.3668154762977, 1109.3668154762977, 1109.3668154762977, 1109.3668154762977, 1109.3668154762977, 1109.3668154762977, 1109.3668154762977, 1109.3668154762977, 1109.3668154762977, 1109.3668154762977, 1109.3668154762977, 1109.3668154762977, 1109.3668154762977, 1109.3668154762977, 1109.3668154762977, 1109.3668154762977, 1109.3668154762977, 1109.3668154762977, 1109.3668154762977, 1109.3668154762977, 1109.3668154762977, 1109.3668154762977, 1109.3668154762977, 1109.3668154762977, 1109.3668154762977, 1109.3668154762977, 1109.3668154762977, 1109.3668154762977, 1109.3668154762977, 1109.3668154762977, 1109.3668154762977, 1109.3668154762977, 1109.3668154762977, 1109.3668154762977, 1109.3668154762977, 1109.3668154762977, 1109.3668154762977, 1109.3668154762977, 1109.3668154762977, 1109.3668154762977, 1109.3668154762977, 1109.3668154762977, 1109.3668154762977, 1109.3668154762977, 1109.3668154762977, 1109.3668154762977, 1109.3668154762977, 1109.3668154762977, 1109.3668154762977, 1109.3668154762977, 1109.3668154762977, 1109.3668154762977, 1109.3668154762977, 1109.3668154762977, 1109.3668154762977, 1109.3668154762977, 1109.3668154762977, 1109.3668154762977, 1109.3668154762977, 1109.3668154762977, 1109.3668154762977, 1109.3668154762977, 1109.3668154762977, 1109.3668154762977, 1109.3668154762977, 1109.3668154762977, 1109.3668154762977, 1109.3668154762977, 1109.3668154762977, 1109.3668154762977, 1109.3668154762977, 1109.3668154762977, 1109.3668154762977, 1109.3668154762977, 1109.3668154762977, 1109.3668154762977, 1109.3668154762977, 1109.3668154762977, 1109.3668154762977, 1109.3668154762977, 1109.3668154762977, 1109.3668154762977, 1109.3668154762977, 1109.3668154762977, 1109.3668154762977, 1109.3668154762977, 1109.3668154762977, 1109.3668154762977, 1109.3668154762977, 1109.3668154762977, 1109.3668154762977, 1109.3668154762977, 1109.3668154762977, 1109.3668154762977, 1109.3668154762977, 1109.3668154762977, 1109.3668154762977, 1109.3668154762977, 1109.3668154762977, 1109.3668154762977, 1109.3668154762977, 1109.3668154762977, 1109.3668154762977, 1109.3668154762977, 1109.3668154762977, 1109.3668154762977, 1109.3668154762977, 1109.3668154762977, 1109.3668154762977, 1109.3668154762977, 1109.3668154762977, 1109.3668154762977, 1109.3668154762977, 1109.3668154762977, 1109.3668154762977, 1109.3668154762977, 1109.3668154762977, 1109.3668154762977, 1109.3668154762977, 1109.3668154762977, 1109.3668154762977, 1109.3668154762977, 1109.3668154762977, 1109.3668154762977, 1109.3668154762977, 1109.3668154762977, 1109.3668154762977, 1109.3668154762977, 1109.3668154762977, 1109.3668154762977, 1109.3668154762977, 1109.3668154762977, 1109.3668154762977, 1109.3668154762977, 1109.3668154762977, 1109.3668154762977, 1109.3668154762977, 1109.3668154762977, 1109.3668154762977, 1109.3668154762977, 1109.3668154762977, 1109.3668154762977, 1109.3668154762977, 1109.3668154762977, 1109.3668154762977, 1109.3668154762977, 1109.3668154762977, 1109.3668154762977, 1109.3668154762977, 1109.3668154762977, 1109.3668154762977, 1109.3668154762977, 1109.3668154762977, 1109.3668154762977, 1109.3668154762977, 1109.3668154762977, 1109.3668154762977, 1109.3668154762977, 1109.3668154762977, 1109.3668154762977, 1109.3668154762977, 1109.3668154762977, 1109.3668154762977, 1109.3668154762977, 1109.3668154762977, 1109.3668154762977, 1109.3668154762977, 1109.3668154762977, 1109.3668154762977, 1109.3668154762977, 1109.3668154762977, 1109.3668154762977, 1109.3668154762977, 1109.3668154762977, 1109.3668154762977, 1109.3668154762977, 1109.3668154762977, 1109.3668154762977, 1109.3668154762977, 1109.3668154762977, 1109.3668154762977, 1109.3668154762977, 1109.3668154762977, 1109.3668154762977, 1109.3668154762977, 1109.3668154762977, 1109.3668154762977, 1109.3668154762977, 1109.3668154762977, 1109.3668154762977, 1109.3668154762977, 1109.3668154762977, 1109.3668154762977, 1109.3668154762977, 1109.3668154762977, 1109.3668154762977, 1109.3668154762977, 1109.3668154762977, 1109.3668154762977, 1109.3668154762977, 1109.3668154762977, 1109.3668154762977, 1109.3668154762977, 1109.3668154762977, 1109.3668154762977, 1109.3668154762977, 1109.3668154762977, 1109.3668154762977, 1109.3668154762977, 1109.3668154762977, 1109.3668154762977, 1109.3668154762977, 1109.3668154762977, 1109.3668154762977, 1109.3668154762977, 1109.3668154762977, 1109.3668154762977, 1109.3668154762977, 1109.3668154762977, 1109.3668154762977, 1109.3668154762977, 1109.3668154762977, 1109.3668154762977, 1109.3668154762977, 1109.3668154762977, 1109.3668154762977, 1109.3668154762977, 1109.3668154762977, 1109.3668154762977, 1109.3668154762977, 1109.3668154762977, 1109.3668154762977, 1109.3668154762977, 1109.3668154762977, 1109.3668154762977, 1109.3668154762977, 1109.3668154762977, 1109.3668154762977, 1109.3668154762977, 1109.3668154762977, 1109.3668154762977, 1109.3668154762977, 1109.3668154762977, 1109.3668154762977, 1109.3668154762977, 1109.3668154762977, 1109.3668154762977, 1109.3668154762977, 1109.3668154762977, 1109.3668154762977, 1109.3668154762977, 1109.3668154762977, 1109.3668154762977, 1109.3668154762977, 1109.3668154762977, 1109.3668154762977, 1109.3668154762977, 1109.3668154762977, 1109.3668154762977, 1109.3668154762977, 1109.3668154762977, 1109.3668154762977, 1109.3668154762977, 1109.3668154762977, 1109.3668154762977, 1109.3668154762977, 1109.3668154762977, 1109.3668154762977, 1109.3668154762977, 1109.3668154762977, 1109.3668154762977, 1109.3668154762977, 1109.3668154762977, 1109.3668154762977, 1109.3668154762977, 1109.3668154762977, 1109.3668154762977, 1109.3668154762977, 1109.3668154762977, 1109.3668154762977, 1109.3668154762977, 1109.3668154762977, 1109.3668154762977, 1109.3668154762977, 1109.3668154762977, 1109.3668154762977, 1109.3668154762977, 1109.3668154762977, 1109.3668154762977, 1109.3668154762977, 1109.3668154762977, 1109.3668154762977, 1109.3668154762977, 1109.3668154762977, 1109.3668154762977, 1109.3668154762977, 1109.3668154762977, 1109.3668154762977, 1109.3668154762977, 1109.3668154762977, 1109.3668154762977, 1109.3668154762977, 1109.3668154762977, 1109.3668154762977, 1109.3668154762977, 1109.3668154762977, 1109.3668154762977, 1109.3668154762977, 1109.3668154762977, 1109.3668154762977, 1109.3668154762977, 1109.3668154762977, 1109.3668154762977, 1109.3668154762977, 1109.3668154762977, 1109.3668154762977, 1109.3668154762977, 1109.3668154762977, 1109.3668154762977, 1109.3668154762977, 1109.3668154762977, 1109.3668154762977, 1109.3668154762977, 1109.3668154762977, 1109.3668154762977, 1109.3668154762977, 1109.3668154762977, 1109.3668154762977, 1109.3668154762977, 1109.3668154762977, 1109.3668154762977, 1109.3668154762977, 1109.3668154762977, 1109.3668154762977, 1109.3668154762977, 1109.3668154762977, 1109.3668154762977, 1109.3668154762977, 1109.3668154762977, 1109.3668154762977, 1109.3668154762977, 1109.3668154762977, 1109.3668154762977, 1109.3668154762977, 1109.3668154762977, 1109.3668154762977, 1109.3668154762977, 1109.3668154762977, 1109.3668154762977, 1109.3668154762977, 1109.3668154762977, 1109.3668154762977, 1109.3668154762977, 1109.3668154762977, 1109.3668154762977, 1109.3668154762977, 1109.3668154762977, 1109.3668154762977, 1109.3668154762977, 1109.3668154762977, 1109.3668154762977, 1109.3668154762977, 1109.3668154762977, 1109.3668154762977, 1109.3668154762977, 1109.3668154762977, 1109.3668154762977, 1109.3668154762977, 1109.3668154762977, 1109.3668154762977, 1109.3668154762977, 1109.3668154762977, 1109.3668154762977, 1109.3668154762977, 1109.3668154762977, 1109.3668154762977, 1109.3668154762977, 1109.3668154762977, 1109.3668154762977, 1109.3668154762977, 1109.3668154762977, 1109.3668154762977, 1109.3668154762977, 1109.3668154762977, 1109.3668154762977, 1109.3668154762977, 1109.3668154762977, 1109.3668154762977, 1109.3668154762977, 1109.3668154762977, 1109.3668154762977, 1109.3668154762977, 1109.3668154762977, 1109.3668154762977, 1109.3668154762977, 1109.3668154762977, 1109.3668154762977, 1109.3668154762977, 1109.3668154762977, 1109.3668154762977, 1109.3668154762977, 1109.3668154762977, 1109.3668154762977, 1109.3668154762977, 1109.3668154762977, 1109.3668154762977, 1109.3668154762977, 1109.3668154762977, 1109.3668154762977, 1109.3668154762977, 1109.3668154762977, 1109.3668154762977, 1109.3668154762977, 1109.3668154762977, 1109.3668154762977, 1109.3668154762977, 1109.3668154762977, 1109.3668154762977, 1109.3668154762977, 1109.3668154762977, 1109.3668154762977, 1109.3668154762977, 1109.3668154762977, 1109.3668154762977, 1109.3668154762977, 1109.3668154762977, 1109.3668154762977, 1109.3668154762977, 1109.3668154762977, 1109.3668154762977, 1109.3668154762977, 1109.3668154762977, 1109.3668154762977, 1109.3668154762977, 1109.3668154762977, 1109.3668154762977, 1109.3668154762977, 1109.3668154762977, 1109.3668154762977, 1109.3668154762977, 1109.3668154762977, 1109.3668154762977, 1109.3668154762977, 1109.3668154762977, 1109.3668154762977, 1109.3668154762977, 1109.3668154762977, 1109.3668154762977, 1109.3668154762977, 1109.3668154762977, 1109.3668154762977, 1109.3668154762977, 1109.3668154762977, 1109.3668154762977, 1109.3668154762977, 1109.3668154762977, 1109.3668154762977, 1109.3668154762977, 1109.3668154762977, 1109.3668154762977, 1109.3668154762977, 1109.3668154762977, 1109.3668154762977, 1109.3668154762977, 1109.3668154762977, 1109.3668154762977, 1109.3668154762977, 1109.3668154762977, 1109.3668154762977, 1109.3668154762977, 1109.3668154762977, 1109.3668154762977, 1109.3668154762977, 1109.3668154762977, 1109.3668154762977, 1109.3668154762977, 1109.3668154762977, 1109.3668154762977, 1109.3668154762977, 1109.3668154762977, 1109.3668154762977, 1109.3668154762977, 1109.3668154762977, 1109.3668154762977, 1109.3668154762977, 1109.3668154762977, 1109.3668154762977, 1109.3668154762977, 1109.3668154762977, 1109.3668154762977, 1109.3668154762977, 1109.3668154762977, 1109.3668154762977, 1109.3668154762977, 1109.3668154762977, 1109.3668154762977, 1109.3668154762977, 1109.3668154762977, 1109.3668154762977, 1109.3668154762977, 1109.3668154762977, 1109.3668154762977, 1109.3668154762977, 1109.3668154762977, 1109.3668154762977, 1109.3668154762977, 1109.3668154762977, 1109.3668154762977, 1109.3668154762977, 1109.3668154762977, 1109.3668154762977, 1109.3668154762977, 1109.3668154762977, 1109.3668154762977, 1109.3668154762977, 1109.3668154762977, 1109.3668154762977, 1109.3668154762977, 1109.3668154762977, 1109.3668154762977, 1109.3668154762977, 1109.3668154762977, 1109.3668154762977, 1109.3668154762977, 1109.3668154762977, 1109.3668154762977, 1109.3668154762977, 1109.3668154762977, 1109.3668154762977, 1109.3668154762977, 1109.3668154762977, 1109.3668154762977, 1109.3668154762977, 1109.3668154762977, 1109.3668154762977, 1109.3668154762977, 1109.3668154762977, 1109.3668154762977, 1109.3668154762977, 1109.3668154762977, 1109.3668154762977, 1109.3668154762977, 1109.3668154762977, 1109.3668154762977, 1109.3668154762977, 1109.3668154762977, 1109.3668154762977, 1109.3668154762977, 1109.3668154762977, 1109.3668154762977, 1109.3668154762977, 1109.3668154762977, 1109.3668154762977, 1109.3668154762977, 1109.3668154762977, 1109.3668154762977, 1109.3668154762977, 1109.3668154762977, 1109.3668154762977, 1109.3668154762977, 1109.3668154762977, 1109.3668154762977, 1109.3668154762977, 1109.3668154762977, 1109.3668154762977, 1109.3668154762977, 1109.3668154762977, 1109.3668154762977, 1109.3668154762977, 1109.3668154762977, 1109.3668154762977, 1109.3668154762977, 1109.3668154762977, 1109.3668154762977, 1109.3668154762977, 1109.3668154762977, 1109.3668154762977, 1109.3668154762977, 1109.3668154762977, 1109.3668154762977, 1109.3668154762977, 1109.3668154762977, 1109.3668154762977, 1109.3668154762977, 1109.3668154762977, 1109.3668154762977, 1109.3668154762977, 1109.3668154762977, 1109.3668154762977, 1109.3668154762977, 1109.3668154762977, 1109.3668154762977, 1109.3668154762977, 1109.3668154762977, 1109.3668154762977, 1109.3668154762977, 1109.3668154762977, 1109.3668154762977, 1109.3668154762977, 1109.3668154762977, 1109.3668154762977, 1109.3668154762977, 1109.3668154762977, 1109.3668154762977, 1109.3668154762977, 1109.3668154762977, 1109.3668154762977, 1109.3668154762977, 1109.3668154762977, 1109.3668154762977, 1109.3668154762977, 1109.3668154762977, 1109.3668154762977, 1109.3668154762977, 1109.3668154762977, 1109.3668154762977, 1109.3668154762977, 1109.3668154762977, 1109.3668154762977, 1109.3668154762977, 1109.3668154762977, 1109.3668154762977, 1109.3668154762977, 1109.3668154762977, 1109.3668154762977, 1109.3668154762977, 1109.3668154762977, 1109.3668154762977, 1109.3668154762977, 1109.3668154762977, 1109.3668154762977, 1109.3668154762977, 1109.3668154762977, 1109.3668154762977, 1109.3668154762977, 1109.3668154762977, 1109.3668154762977, 1109.3668154762977, 1109.3668154762977, 1109.3668154762977, 1109.3668154762977, 1109.3668154762977, 1109.3668154762977, 1109.3668154762977, 1109.3668154762977, 1109.3668154762977, 1109.3668154762977, 1109.3668154762977, 1109.3668154762977, 1109.3668154762977, 1109.3668154762977, 1109.3668154762977, 1109.3668154762977, 1109.3668154762977, 1109.3668154762977, 1109.3668154762977, 1109.3668154762977, 1109.3668154762977, 1109.3668154762977, 1109.3668154762977, 1109.3668154762977, 1109.3668154762977, 1109.3668154762977, 1109.3668154762977, 1109.3668154762977, 1109.3668154762977, 1109.3668154762977, 1109.3668154762977, 1109.3668154762977, 1109.3668154762977, 1109.3668154762977, 1109.3668154762977, 1109.3668154762977, 1109.3668154762977, 1109.3668154762977, 1109.3668154762977, 1109.3668154762977, 1109.3668154762977, 1109.3668154762977, 1109.3668154762977, 1109.3668154762977, 1109.3668154762977, 1109.3668154762977, 1109.3668154762977, 1109.3668154762977, 1109.3668154762977, 1109.3668154762977, 1109.3668154762977, 1109.3668154762977, 1109.3668154762977, 1109.3668154762977, 1109.3668154762977, 1109.3668154762977, 1109.3668154762977, 1109.3668154762977, 1109.3668154762977, 1109.3668154762977, 1109.3668154762977, 1109.3668154762977, 1109.3668154762977, 1109.3668154762977, 1109.3668154762977, 1109.3668154762977, 1109.3668154762977, 1109.3668154762977, 1109.3668154762977, 1109.3668154762977, 1109.3668154762977, 1109.3668154762977, 1109.3668154762977, 1109.3668154762977, 1109.3668154762977, 1109.3668154762977, 1109.3668154762977, 1109.3668154762977, 1109.3668154762977, 1109.3668154762977, 1109.3668154762977, 1109.3668154762977, 1109.3668154762977, 1109.3668154762977, 1109.3668154762977, 1109.3668154762977, 1109.3668154762977, 1109.3668154762977, 1109.3668154762977, 1109.3668154762977, 1109.3668154762977, 1109.3668154762977, 1109.3668154762977, 1109.3668154762977, 1109.3668154762977, 1109.3668154762977, 1109.3668154762977, 1109.3668154762977, 1109.3668154762977, 1109.3668154762977, 1109.3668154762977, 1109.3668154762977, 1109.3668154762977, 1109.3668154762977, 1109.3668154762977, 1109.3668154762977, 1109.3668154762977, 1109.3668154762977, 1109.3668154762977, 1109.3668154762977, 1109.3668154762977, 1109.3668154762977, 1109.3668154762977, 1109.3668154762977, 1109.3668154762977, 1109.3668154762977, 1109.3668154762977, 1109.3668154762977, 1109.3668154762977, 1109.3668154762977, 1109.3668154762977, 1109.3668154762977, 1109.3668154762977, 1109.3668154762977, 1109.3668154762977, 1109.3668154762977, 1109.3668154762977, 1109.3668154762977, 1109.3668154762977, 1109.3668154762977, 1109.3668154762977, 1109.3668154762977, 1109.3668154762977, 1109.3668154762977, 1109.3668154762977, 1109.3668154762977, 1109.3668154762977, 1109.3668154762977, 1109.3668154762977, 1109.3668154762977, 1109.3668154762977, 1109.3668154762977, 1109.3668154762977, 1109.3668154762977, 1109.3668154762977, 1109.3668154762977, 1109.3668154762977, 1109.3668154762977, 1109.3668154762977, 1109.3668154762977, 1109.3668154762977, 1109.3668154762977, 1109.3668154762977, 1109.3668154762977, 1109.3668154762977, 1109.3668154762977, 1109.3668154762977, 1109.3668154762977, 1109.3668154762977, 1109.3668154762977, 1109.3668154762977, 1109.3668154762977, 1109.3668154762977, 1109.3668154762977, 1109.3668154762977, 1109.3668154762977, 1109.3668154762977, 1109.3668154762977, 1109.3668154762977, 1109.3668154762977, 1109.3668154762977, 1109.3668154762977, 1109.3668154762977, 1109.3668154762977, 1109.3668154762977, 1109.3668154762977, 1109.3668154762977, 1109.3668154762977, 1109.3668154762977, 1109.3668154762977, 1109.3668154762977, 1109.3668154762977, 1109.3668154762977, 1109.3668154762977, 1109.3668154762977, 1109.3668154762977, 1109.3668154762977, 1109.3668154762977, 1109.3668154762977, 1109.3668154762977, 1109.3668154762977, 1109.3668154762977, 1109.3668154762977, 1109.3668154762977, 1109.3668154762977, 1109.3668154762977, 1109.3668154762977, 1109.3668154762977, 1109.3668154762977, 1109.3668154762977, 1109.3668154762977, 1109.3668154762977, 1109.3668154762977, 1109.3668154762977, 1109.3668154762977, 1109.3668154762977, 1109.3668154762977, 1109.3668154762977, 1109.3668154762977, 1109.3668154762977, 1109.3668154762977, 1109.3668154762977, 1109.3668154762977, 1109.3668154762977, 1109.3668154762977, 1109.3668154762977, 1109.3668154762977, 1109.3668154762977, 1109.3668154762977, 1109.3668154762977, 1109.3668154762977, 1109.3668154762977, 1109.3668154762977, 1109.3668154762977, 1109.3668154762977, 1109.3668154762977, 1109.3668154762977, 1109.3668154762977, 1109.3668154762977, 1109.3668154762977, 1109.3668154762977, 1109.3668154762977, 1109.3668154762977, 1109.3668154762977, 1109.3668154762977, 1109.3668154762977, 1109.3668154762977, 1109.3668154762977, 1109.3668154762977, 1109.3668154762977, 1109.3668154762977, 1109.3668154762977, 1109.3668154762977, 1109.3668154762977, 1109.3668154762977, 1109.3668154762977, 1109.3668154762977, 1109.3668154762977, 1109.3668154762977, 1109.3668154762977, 1109.3668154762977, 1109.3668154762977, 1109.3668154762977, 1109.3668154762977, 1109.3668154762977, 1109.3668154762977, 1109.3668154762977, 1109.3668154762977, 1109.3668154762977, 1109.3668154762977, 1109.3668154762977, 1109.3668154762977, 1109.3668154762977, 1109.3668154762977, 1109.3668154762977, 1109.3668154762977, 1109.3668154762977, 1109.3668154762977, 1109.3668154762977, 1109.3668154762977, 1109.3668154762977, 1109.3668154762977, 1109.3668154762977, 1109.3668154762977, 1109.3668154762977, 1109.3668154762977, 1109.3668154762977, 1109.3668154762977, 1109.3668154762977, 1109.3668154762977, 1109.3668154762977, 1109.3668154762977, 1109.3668154762977, 1109.3668154762977, 1109.3668154762977, 1109.3668154762977, 1109.3668154762977, 1109.3668154762977, 1109.3668154762977, 1109.3668154762977, 1109.3668154762977, 1109.3668154762977, 1109.3668154762977, 1109.3668154762977, 1109.3668154762977, 1109.3668154762977, 1109.3668154762977, 1109.3668154762977, 1109.3668154762977, 1109.3668154762977, 1109.3668154762977, 1109.3668154762977, 1109.3668154762977, 1109.3668154762977, 1109.3668154762977, 1109.3668154762977, 1109.3668154762977, 1109.3668154762977, 1109.3668154762977, 1109.3668154762977, 1109.3668154762977, 1109.3668154762977, 1109.3668154762977]
Computational time : 403.032999992