Name : Ahmed ElMousel
Problem : X-n115-k10 
Whale Algorithm 
cost : 13830.6909999
Routes : 
1->51->30->29->101->36->100->110->4->88->87->74->107->18->1
1->22->83->89->54->79->10->55->63->58->108->19->50->80->48->94->43->60->1
1->16->33->90->67->17->42->92->3->24->66->37->1
1->14->71->57->32->12->82->34->98->81->77->62->104->70->1
1->1
1->1
1->86->75->91->2->8->99->64->35->1
1->53->113->85->76->84->9->15->69->44->41->68->40->38->72->25->103->1
1->6->109->49->61->7->20->1
1->105->26->52->23->97->46->13->114->59->78->39->56->73->27->65->47->1
1->112->111->106->28->45->31->115->95->21->102->5->93->96->1
1->11->1
best solutions : 
[15911.172677856332, 15770.397316173869, 15770.397316173869, 15584.886923948501, 15584.886923948501, 15537.81797391922, 15486.077524756165, 15388.565915856236, 15388.565915856236, 15382.419838094358, 15336.024146920043, 15226.006421352418, 15226.006421352418, 15209.81227919588, 15209.81227919588, 15209.81227919588, 15209.81227919588, 15096.69944567024, 15023.870274839657, 15023.870274839657, 15023.870274839657, 15023.870274839657, 15023.870274839657, 15009.004378263246, 14989.373628997506, 14989.373628997506, 14891.962391181138, 14891.962391181138, 14877.096494604724, 14877.096494604724, 14849.605167495414, 14849.605167495414, 14849.605167495414, 14800.065468412746, 14800.065468412746, 14800.065468412746, 14800.065468412746, 14800.065468412746, 14800.065468412746, 14800.065468412746, 14800.065468412746, 14800.065468412746, 14800.065468412746, 14800.065468412746, 14757.25407090437, 14757.25407090437, 14757.25407090437, 14757.25407090437, 14757.25407090437, 14757.25407090437, 14757.25407090437, 14757.25407090437, 14757.25407090437, 14757.25407090437, 14757.25407090437, 14727.198361422134, 14657.685733275895, 14657.685733275895, 14635.926529389553, 14635.926529389553, 14635.926529389553, 14635.926529389553, 14635.926529389553, 14635.926529389553, 14635.926529389553, 14635.926529389553, 14635.926529389553, 14635.926529389553, 14635.926529389553, 14635.926529389553, 14635.926529389553, 14635.926529389553, 14635.926529389553, 14635.926529389553, 14635.926529389553, 14635.926529389553, 14635.926529389553, 14620.439717395046, 14620.439717395046, 14586.931278846421, 14586.931278846421, 14586.931278846421, 14573.479930842703, 14573.479930842703, 14573.479930842703, 14573.479930842703, 14573.479930842703, 14573.479930842703, 14543.187651241353, 14543.187651241353, 14543.187651241353, 14543.187651241353, 14520.946093354729, 14510.169554480864, 14510.169554480864, 14510.169554480864, 14510.169554480864, 14510.169554480864, 14510.169554480864, 14510.169554480864, 14510.169554480864, 14471.675947424641, 14419.710749204858, 14419.710749204858, 14419.710749204858, 14419.710749204858, 14419.710749204858, 14416.514817947935, 14416.514817947935, 14416.514817947935, 14416.514817947935, 14416.514817947935, 14416.514817947935, 14416.514817947935, 14399.610975715703, 14378.638275573983, 14366.384021135811, 14366.384021135811, 14366.384021135811, 14366.384021135811, 14366.384021135811, 14366.384021135811, 14366.384021135811, 14332.436545894136, 14332.436545894136, 14332.436545894136, 14332.436545894136, 14332.436545894136, 14332.436545894136, 14332.436545894136, 14332.436545894136, 14332.436545894136, 14332.436545894136, 14332.436545894136, 14332.436545894136, 14332.436545894136, 14332.436545894136, 14332.436545894136, 14332.436545894136, 14332.436545894136, 14332.436545894136, 14332.436545894136, 14332.436545894136, 14332.436545894136, 14332.436545894136, 14332.436545894136, 14332.436545894136, 14332.436545894136, 14332.436545894136, 14307.46737807567, 14307.46737807567, 14277.014551422648, 14277.014551422648, 14277.014551422648, 14277.014551422648, 14277.014551422648, 14277.014551422648, 14277.014551422648, 14277.014551422648, 14277.014551422648, 14277.014551422648, 14277.014551422648, 14226.237041140308, 14226.237041140308, 14226.237041140308, 14226.237041140308, 14226.237041140308, 14226.237041140308, 14226.237041140308, 14226.237041140308, 14226.237041140308, 14226.237041140308, 14226.237041140308, 14226.237041140308, 14226.237041140308, 14226.237041140308, 14226.237041140308, 14226.237041140308, 14226.237041140308, 14226.237041140308, 14226.237041140308, 14226.237041140308, 14226.237041140308, 14226.237041140308, 14226.237041140308, 14226.237041140308, 14226.237041140308, 14221.05693907719, 14221.05693907719, 14221.05693907719, 14221.05693907719, 14221.05693907719, 14221.056939077189, 14221.056939077189, 14221.056939077189, 14221.056939077189, 14221.056939077189, 14221.056939077189, 14221.056939077189, 14221.056939077189, 14221.056939077189, 14221.056939077189, 14214.423891310538, 14214.423891310538, 14214.423891310538, 14214.423891310538, 14214.423891310538, 14214.423891310538, 14214.423891310538, 14214.423891310538, 14214.423891310538, 14214.423891310538, 14194.417325141969, 14194.417325141969, 14194.417325141969, 14194.417325141969, 14194.417325141969, 14194.417325141969, 14194.417325141969, 14194.417325141969, 14194.417325141969, 14194.417325141969, 14194.417325141969, 14194.417325141969, 14194.417325141969, 14194.417325141969, 14194.417325141969, 14194.417325141969, 14194.417325141969, 14194.417325141969, 14194.417325141969, 14194.417325141969, 14194.417325141969, 14194.417325141969, 14194.417325141969, 14194.417325141969, 14194.417325141969, 14194.417325141969, 14194.417325141969, 14191.470572634988, 14191.470572634988, 14191.470572634988, 14191.470572634988, 14191.470572634988, 14191.470572634988, 14191.470572634988, 14191.470572634988, 14191.470572634988, 14191.470572634988, 14191.470572634988, 14191.470572634988, 14191.470572634988, 14191.470572634988, 14191.470572634988, 14191.470572634988, 14191.470572634988, 14191.470572634988, 14191.470572634988, 14191.470572634988, 14191.470572634988, 14191.470572634988, 14191.470572634988, 14191.470572634988, 14191.470572634988, 14191.470572634988, 14191.470572634988, 14191.470572634988, 14191.470572634988, 14191.470572634988, 14191.470572634988, 14191.470572634988, 14191.470572634988, 14191.470572634988, 14191.470572634988, 14191.470572634988, 14191.470572634988, 14191.470572634988, 14172.653253357921, 14172.653253357921, 14172.653253357921, 14172.653253357921, 14172.653253357921, 14172.653253357921, 14172.653253357921, 14172.653253357921, 14172.653253357921, 14172.653253357921, 14172.653253357921, 14172.653253357921, 14172.653253357921, 14172.653253357921, 14172.653253357921, 14172.653253357921, 14172.653253357921, 14172.653253357921, 14172.653253357921, 14172.653253357921, 14172.653253357921, 14172.653253357921, 14172.653253357921, 14172.653253357921, 14172.653253357921, 14172.653253357921, 14172.653253357921, 14172.653253357921, 14172.653253357921, 14172.653253357921, 14172.653253357921, 14172.653253357921, 14172.653253357921, 14172.653253357921, 14172.653253357921, 14172.653253357921, 14172.653253357921, 14172.653253357921, 14172.653253357921, 14172.653253357921, 14172.653253357921, 14172.653253357921, 14172.653253357921, 14172.653253357921, 14172.653253357921, 14172.653253357921, 14172.653253357921, 14172.653253357921, 14172.653253357921, 14172.653253357921, 14172.653253357921, 14172.653253357921, 14172.653253357921, 14172.653253357921, 14172.653253357921, 14172.653253357921, 14172.653253357921, 14172.653253357921, 14172.653253357921, 14172.653253357921, 14172.653253357921, 14172.653253357921, 14172.653253357921, 14172.653253357921, 14172.653253357921, 14172.653253357921, 14172.653253357921, 14172.653253357921, 14172.653253357921, 14172.653253357921, 14172.653253357921, 14172.653253357921, 14172.653253357921, 14172.653253357921, 14172.653253357921, 14172.653253357921, 14172.653253357921, 14172.653253357921, 14172.653253357921, 14172.653253357921, 14172.653253357921, 14172.653253357921, 14172.653253357921, 14172.653253357921, 14172.653253357921, 14172.653253357921, 14172.653253357921, 14172.653253357921, 14172.653253357921, 14172.653253357921, 14172.653253357921, 14172.653253357921, 14172.653253357921, 14172.653253357921, 14172.653253357921, 14172.653253357921, 14172.653253357921, 14172.653253357921, 14172.653253357921, 14172.653253357921, 14172.653253357921, 14172.653253357921, 14172.65325335792, 14172.65325335792, 14172.65325335792, 14172.65325335792, 14172.65325335792, 14172.65325335792, 14172.65325335792, 14172.65325335792, 14172.65325335792, 14172.65325335792, 14172.65325335792, 14172.65325335792, 14172.65325335792, 14172.65325335792, 14172.65325335792, 14172.65325335792, 14172.65325335792, 14172.65325335792, 14172.65325335792, 14172.65325335792, 14172.65325335792, 14172.65325335792, 14172.65325335792, 14172.65325335792, 14172.65325335792, 14172.65325335792, 14165.302433971783, 14165.302433971783, 14165.302433971783, 14165.302433971783, 14165.302433971783, 14165.302433971783, 14165.302433971783, 14165.302433971783, 14165.302433971783, 14165.302433971783, 14165.302433971783, 14165.302433971783, 14165.302433971783, 14165.302433971783, 14165.302433971783, 14165.302433971783, 14165.302433971783, 14165.302433971783, 14128.948359873615, 14128.948359873615, 14128.948359873615, 14128.948359873615, 14128.948359873615, 14128.948359873615, 14128.948359873615, 14128.948359873615, 14128.948359873615, 14128.948359873615, 14128.948359873615, 14128.948359873615, 14128.948359873615, 14128.948359873615, 14128.948359873615, 14128.948359873615, 14128.948359873615, 14128.948359873615, 14128.948359873615, 14128.948359873615, 14128.948359873615, 14128.948359873615, 14128.948359873615, 14128.948359873615, 14128.948359873615, 14128.948359873615, 14128.948359873615, 14128.948359873615, 14128.948359873615, 14128.948359873615, 14128.948359873615, 14128.948359873615, 14128.948359873615, 14128.948359873615, 14128.948359873615, 14128.948359873615, 14128.948359873615, 14128.948359873615, 14128.948359873615, 14128.948359873615, 14128.948359873615, 14128.948359873615, 14128.948359873615, 14128.948359873615, 14128.948359873615, 14128.948359873615, 14128.948359873615, 14128.948359873615, 14128.948359873615, 14128.948359873615, 14128.948359873615, 14128.948359873615, 14128.948359873615, 14128.948359873615, 14128.948359873615, 14128.948359873615, 14128.948359873615, 14128.948359873615, 14128.948359873615, 14128.948359873615, 14128.948359873615, 14128.948359873615, 14128.948359873615, 14128.948359873615, 14128.948359873615, 14128.948359873615, 14128.948359873615, 14128.948359873615, 14128.948359873615, 14128.948359873615, 14128.948359873615, 14128.948359873615, 14128.948359873615, 14128.948359873615, 14128.948359873615, 14128.948359873615, 14128.948359873615, 14128.948359873615, 14128.948359873615, 14128.948359873615, 14128.948359873615, 14128.948359873615, 14128.948359873615, 14128.948359873615, 14128.948359873615, 14128.948359873615, 14128.948359873615, 14128.948359873615, 14128.948359873615, 14128.948359873615, 14128.948359873615, 14128.948359873615, 14128.948359873615, 14128.948359873615, 14128.948359873615, 14128.948359873615, 14128.948359873615, 14128.948359873615, 14128.948359873615, 14128.948359873615, 14128.948359873615, 14128.948359873615, 14128.948359873615, 14128.948359873615, 14128.948359873615, 14128.948359873615, 14128.948359873615, 14128.948359873615, 14128.948359873615, 14128.948359873615, 14128.948359873615, 14128.948359873615, 14128.948359873615, 14128.948359873615, 14128.948359873615, 14128.948359873615, 14128.948359873615, 14128.948359873615, 14128.948359873615, 14128.948359873615, 14128.948359873615, 14128.948359873615, 14128.948359873615, 14128.948359873615, 14128.948359873615, 14128.948359873615, 14128.948359873615, 14128.948359873615, 14128.948359873615, 14128.948359873615, 14128.948359873615, 14128.948359873615, 14128.948359873615, 14128.948359873615, 14128.948359873615, 14128.948359873615, 14128.826373169164, 14128.826373169164, 14128.826373169164, 14128.826373169164, 14128.826373169164, 14128.826373169164, 14128.826373169164, 14128.826373169164, 14128.826373169164, 14128.826373169164, 14128.826373169164, 14128.826373169164, 14128.826373169164, 14128.826373169164, 14128.826373169164, 14128.826373169164, 14128.826373169164, 14128.826373169164, 14128.826373169164, 14128.826373169164, 14128.826373169164, 14128.826373169164, 14128.826373169164, 14128.826373169164, 14128.826373169164, 14128.826373169164, 14128.826373169164, 14128.826373169164, 14128.826373169164, 14128.826373169164, 14128.826373169164, 14128.826373169164, 14128.826373169164, 14128.826373169164, 14128.826373169164, 14128.826373169164, 14128.826373169164, 14128.826373169164, 14128.826373169164, 14128.826373169164, 14128.826373169164, 14128.826373169164, 14128.826373169164, 14128.826373169164, 14128.826373169164, 14128.826373169164, 14128.826373169164, 14128.826373169164, 14128.826373169164, 14128.826373169164, 14128.826373169164, 14128.826373169164, 14128.826373169164, 14128.826373169164, 14128.826373169164, 14128.826373169164, 14128.826373169164, 14128.826373169164, 14128.826373169164, 14128.826373169164, 14128.826373169164, 14128.826373169164, 14128.826373169164, 14128.826373169164, 14128.826373169164, 14128.826373169164, 14128.826373169164, 14128.826373169164, 14128.826373169164, 14128.826373169164, 14128.826373169164, 14128.826373169164, 14128.826373169164, 14128.826373169164, 14128.826373169164, 14128.826373169164, 14128.826373169164, 14128.826373169164, 14128.826373169164, 14128.826373169164, 14128.826373169164, 14128.826373169164, 14128.826373169164, 14128.826373169164, 14128.826373169164, 14128.826373169164, 14128.826373169164, 14128.826373169164, 14128.826373169164, 14128.826373169164, 14128.826373169164, 14128.826373169164, 14128.826373169164, 14128.826373169164, 14128.826373169164, 14128.826373169164, 14128.826373169164, 14128.826373169164, 14128.826373169164, 14128.826373169164, 14128.826373169164, 14128.826373169164, 14128.826373169164, 14128.826373169164, 14128.826373169164, 14128.826373169164, 14128.826373169164, 14128.826373169164, 14128.826373169164, 14128.826373169164, 14128.826373169164, 14128.826373169164, 14128.826373169164, 14128.826373169164, 14128.826373169164, 14128.826373169164, 14128.826373169164, 14128.826373169164, 14128.826373169164, 14128.826373169164, 14128.826373169164, 14128.826373169164, 14128.826373169164, 14128.826373169164, 14128.826373169164, 14128.826373169164, 14128.826373169164, 14128.826373169164, 14128.826373169164, 14128.826373169164, 14128.826373169164, 14128.826373169164, 14128.826373169164, 14128.826373169164, 14128.826373169164, 14128.826373169164, 14092.36597847412, 14092.36597847412, 14092.36597847412, 14092.36597847412, 14092.36597847412, 14092.36597847412, 14008.650067205666, 14008.650067205666, 14008.650067205666, 14008.650067205666, 14008.650067205666, 14008.650067205666, 14008.650067205666, 14008.650067205666, 14008.650067205666, 14008.650067205666, 14008.650067205666, 14008.650067205666, 14008.650067205666, 14008.650067205666, 14008.650067205666, 14008.650067205666, 14008.650067205666, 14008.650067205666, 14008.650067205666, 14008.650067205666, 14008.650067205666, 14008.650067205666, 14008.650067205666, 14008.650067205666, 14008.650067205665, 14008.650067205665, 14008.650067205665, 14008.650067205665, 14008.650067205665, 14008.650067205665, 13969.822833374817, 13969.822833374817, 13969.822833374817, 13969.822833374817, 13969.822833374817, 13969.822833374817, 13969.822833374817, 13969.822833374817, 13969.822833374817, 13969.822833374817, 13969.822833374817, 13969.822833374817, 13969.822833374817, 13969.822833374817, 13969.822833374817, 13969.822833374817, 13969.822833374817, 13969.822833374817, 13969.822833374817, 13969.822833374817, 13969.822833374817, 13969.822833374817, 13969.822833374817, 13969.822833374817, 13969.822833374817, 13969.822833374817, 13969.822833374817, 13969.822833374817, 13969.822833374817, 13969.822833374817, 13969.822833374817, 13969.822833374817, 13969.822833374817, 13969.822833374817, 13969.822833374817, 13969.822833374817, 13969.822833374817, 13969.822833374817, 13969.822833374817, 13969.822833374817, 13969.822833374817, 13969.822833374817, 13969.822833374817, 13969.822833374817, 13969.822833374817, 13969.822833374817, 13969.822833374817, 13969.822833374817, 13969.822833374817, 13942.476909826524, 13942.476909826524, 13942.476909826524, 13942.476909826524, 13942.476909826524, 13942.476909826524, 13942.476909826524, 13942.476909826524, 13942.476909826524, 13942.476909826524, 13942.476909826524, 13942.476909826524, 13942.476909826524, 13942.476909826524, 13942.476909826524, 13942.476909826524, 13942.476909826524, 13942.476909826524, 13942.476909826524, 13942.476909826524, 13942.476909826524, 13942.476909826524, 13942.476909826524, 13942.476909826524, 13942.476909826524, 13942.476909826524, 13942.476909826524, 13942.476909826524, 13942.476909826524, 13942.476909826524, 13942.476909826524, 13942.476909826524, 13942.476909826524, 13942.476909826524, 13942.476909826524, 13942.476909826524, 13942.476909826524, 13942.476909826524, 13917.748032992864, 13917.748032992864, 13917.748032992864, 13917.748032992864, 13917.748032992864, 13917.748032992864, 13917.748032992864, 13917.748032992864, 13917.748032992864, 13917.748032992864, 13917.748032992864, 13917.748032992864, 13917.748032992864, 13917.748032992864, 13917.748032992864, 13917.748032992864, 13917.748032992864, 13917.748032992864, 13917.748032992864, 13917.748032992864, 13917.748032992864, 13909.833253288596, 13909.833253288596, 13909.833253288596, 13909.833253288596, 13909.833253288596, 13909.833253288596, 13909.833253288596, 13909.833253288596, 13909.833253288596, 13909.833253288596, 13909.833253288596, 13909.833253288596, 13909.833253288596, 13909.833253288596, 13909.833253288596, 13909.833253288596, 13909.833253288596, 13909.833253288596, 13909.833253288596, 13909.833253288596, 13909.833253288596, 13909.833253288596, 13909.833253288596, 13909.833253288596, 13909.833253288596, 13909.833253288596, 13909.833253288596, 13907.435717150596, 13907.435717150596, 13907.435717150596, 13907.435717150596, 13907.435717150596, 13907.435717150596, 13907.435717150596, 13907.435717150596, 13907.435717150596, 13907.435717150596, 13907.435717150596, 13907.435717150596, 13907.435717150596, 13907.435717150596, 13907.435717150596, 13892.117013441743, 13892.117013441743, 13862.047836266722, 13862.047836266722, 13862.047836266722, 13862.047836266722, 13862.047836266722, 13862.047836266722, 13862.047836266722, 13862.047836266722, 13862.047836266722, 13862.047836266722, 13862.047836266722, 13862.047836266722, 13862.047836266722, 13862.047836266722, 13862.047836266722, 13862.047836266722, 13862.047836266722, 13862.047836266722, 13862.047836266722, 13862.047836266722, 13862.047836266722, 13862.047836266722, 13862.047836266722, 13862.047836266722, 13862.047836266722, 13862.047836266722, 13862.047836266722, 13862.047836266722, 13862.047836266722, 13862.047836266722, 13862.047836266722, 13862.047836266722, 13862.047836266722, 13862.047836266722, 13862.047836266722, 13862.047836266722, 13862.047836266722, 13862.047836266722, 13862.047836266722, 13862.047836266722, 13862.047836266722, 13862.047836266722, 13862.047836266722, 13862.047836266722, 13862.047836266722, 13862.047836266722, 13862.047836266722, 13862.047836266722, 13854.160371692795, 13854.160371692795, 13854.160371692795, 13854.160371692795, 13854.160371692795, 13854.160371692795, 13854.160371692795, 13854.160371692795, 13854.160371692795, 13854.160371692795, 13854.160371692795, 13854.160371692795, 13854.160371692795, 13854.160371692795, 13854.160371692795, 13854.160371692795, 13854.160371692795, 13854.160371692795, 13854.160371692795, 13854.160371692795, 13854.160371692795, 13854.160371692795, 13854.160371692795, 13854.160371692795, 13854.160371692795, 13854.160371692795, 13854.160371692795, 13854.160371692795, 13854.160371692795, 13854.160371692795, 13854.160371692795, 13854.160371692795, 13854.160371692795, 13854.160371692795, 13854.160371692795, 13854.160371692795, 13854.160371692795, 13854.160371692795, 13854.160371692795, 13854.160371692795, 13854.160371692795, 13854.160371692795, 13854.160371692795, 13854.160371692795, 13854.160371692795, 13854.160371692795, 13854.160371692795, 13854.160371692795, 13854.160371692795, 13854.160371692795, 13854.160371692795, 13854.160371692795, 13854.160371692795, 13854.160371692795, 13854.160371692795, 13854.160371692795, 13854.160371692795, 13854.160371692795, 13854.160371692795, 13854.160371692795, 13854.160371692791, 13854.160371692791, 13854.160371692791, 13854.160371692791, 13854.160371692791, 13854.160371692791, 13854.160371692791, 13854.160371692791, 13854.160371692791, 13854.160371692791, 13854.160371692791, 13854.160371692791, 13854.160371692791, 13854.160371692791, 13854.160371692791, 13854.160371692791, 13854.160371692791, 13854.160371692791, 13854.160371692791, 13854.160371692791, 13854.160371692791, 13854.160371692791, 13854.160371692791, 13854.160371692791, 13854.160371692791, 13854.160371692791, 13854.160371692791, 13854.160371692791, 13854.160371692791, 13854.160371692791, 13854.160371692791, 13854.160371692791, 13854.160371692791, 13854.160371692791, 13854.160371692791, 13854.160371692791, 13854.160371692791, 13854.160371692791, 13854.160371692791, 13854.160371692791, 13854.160371692791, 13854.160371692791, 13854.160371692791, 13841.368114684657, 13841.368114684657, 13841.368114684657, 13841.368114684657, 13841.368114684657, 13841.368114684657, 13841.368114684657, 13841.368114684657, 13841.368114684657, 13841.368114684657, 13841.368114684657, 13841.368114684657, 13841.368114684657, 13841.368114684657, 13841.368114684657, 13841.368114684657, 13841.368114684657, 13841.368114684657, 13841.368114684657, 13841.368114684657, 13841.368114684657, 13841.368114684657, 13841.368114684657, 13841.368114684657, 13841.368114684657, 13841.368114684657, 13841.368114684657, 13841.368114684657, 13841.368114684657, 13841.368114684657, 13841.368114684657, 13841.368114684657, 13841.368114684657, 13841.368114684657, 13841.368114684657, 13841.368114684657, 13841.368114684657, 13841.368114684657, 13841.368114684657, 13841.368114684657, 13841.368114684657, 13841.368114684657, 13841.368114684657, 13841.368114684657, 13841.368114684657, 13841.368114684657, 13841.368114684656, 13841.368114684656, 13841.368114684656, 13841.368114684656, 13841.368114684656, 13841.368114684656, 13841.368114684656, 13841.368114684656, 13841.368114684656, 13841.368114684656, 13841.368114684656, 13841.368114684656, 13841.368114684656, 13841.368114684656, 13841.368114684656, 13841.368114684656, 13841.368114684656, 13841.368114684656, 13841.368114684656, 13841.368114684656, 13841.368114684656, 13841.368114684656, 13841.368114684656, 13841.368114684656, 13841.368114684656, 13841.368114684656, 13841.368114684656, 13841.368114684656, 13841.368114684656, 13841.368114684656, 13841.368114684656, 13841.368114684656, 13841.368114684656, 13841.368114684656, 13841.368114684656, 13841.368114684656, 13841.368114684656, 13841.368114684656, 13841.368114684656, 13841.368114684656, 13835.58726507944, 13835.58726507944, 13830.69099993711, 13830.69099993711, 13830.69099993711, 13830.69099993711, 13830.69099993711, 13830.69099993711, 13830.690999937107, 13830.690999937107, 13830.690999937107, 13830.690999937107, 13830.690999937107, 13830.690999937107, 13830.690999937107, 13830.690999937106, 13830.690999937106, 13830.690999937106, 13830.690999937106, 13830.690999937106, 13830.690999937106, 13830.690999937106, 13830.690999937106, 13830.690999937106, 13830.690999937106, 13830.690999937106, 13830.690999937106, 13830.690999937106, 13830.690999937106, 13830.690999937106, 13830.690999937106, 13830.690999937106, 13830.690999937106, 13830.690999937106, 13830.690999937106, 13830.690999937106, 13830.690999937106, 13830.690999937106, 13830.690999937106, 13830.690999937106, 13830.690999937106, 13830.690999937106, 13830.690999937106, 13830.690999937106, 13830.690999937106, 13830.690999937106, 13830.690999937106, 13830.690999937106, 13830.690999937106, 13830.690999937106, 13830.690999937106, 13830.690999937106, 13830.690999937106, 13830.690999937106, 13830.690999937106, 13830.690999937106, 13830.690999937106, 13830.690999937106, 13830.690999937106, 13830.690999937106, 13830.690999937106, 13830.690999937106, 13830.690999937106, 13830.690999937106, 13830.690999937106, 13830.690999937106, 13830.690999937106, 13830.690999937106, 13830.690999937106, 13830.690999937106, 13830.690999937106, 13830.690999937106, 13830.690999937106, 13830.690999937106, 13830.690999937106, 13830.690999937106, 13830.690999937106, 13830.690999937106, 13830.690999937106, 13830.690999937106, 13830.690999937106, 13830.690999937106, 13830.690999937106, 13830.690999937106, 13830.690999937106, 13830.690999937106, 13830.690999937106, 13830.690999937106, 13830.690999937106, 13830.690999937106, 13830.690999937106, 13830.690999937106, 13830.690999937106, 13830.690999937106, 13830.690999937106, 13830.690999937106, 13830.690999937106, 13830.690999937106, 13830.690999937106, 13830.690999937106, 13830.690999937106, 13830.690999937106, 13830.690999937106, 13830.690999937106, 13830.690999937106, 13830.690999937106, 13830.690999937106, 13830.690999937106, 13830.690999937106, 13830.690999937106, 13830.690999937106, 13830.690999937106, 13830.690999937106, 13830.690999937106, 13830.690999937106, 13830.690999937106, 13830.690999937106, 13830.690999937106, 13830.690999937106, 13830.690999937106, 13830.690999937106, 13830.690999937106, 13830.690999937106, 13830.690999937106, 13830.690999937106, 13830.690999937106, 13830.690999937106, 13830.690999937106, 13830.690999937106, 13830.690999937106, 13830.690999937106, 13830.690999937106, 13830.690999937106, 13830.690999937106, 13830.690999937106, 13830.690999937106, 13830.690999937106, 13830.690999937106, 13830.690999937106, 13830.690999937106, 13830.690999937106, 13830.690999937106, 13830.690999937106, 13830.690999937106, 13830.690999937106, 13830.690999937106, 13830.690999937106, 13830.690999937106, 13830.690999937106, 13830.690999937106, 13830.690999937106, 13830.690999937106, 13830.690999937106, 13830.690999937106, 13830.690999937106, 13830.690999937106, 13830.690999937106, 13830.690999937106, 13830.690999937106, 13830.690999937106, 13830.690999937106, 13830.690999937106, 13830.690999937106, 13830.690999937106, 13830.690999937106, 13830.690999937106, 13830.690999937106, 13830.690999937106, 13830.690999937106, 13830.690999937106, 13830.690999937106, 13830.690999937106, 13830.690999937106, 13830.690999937106, 13830.690999937106, 13830.690999937106, 13830.690999937106, 13830.690999937106, 13830.690999937106, 13830.690999937106, 13830.690999937106, 13830.690999937106, 13830.690999937106, 13830.690999937106, 13830.690999937106, 13830.690999937106, 13830.690999937106, 13830.690999937106, 13830.690999937106, 13830.690999937106, 13830.690999937106, 13830.690999937106, 13830.690999937106, 13830.690999937106, 13830.690999937106, 13830.690999937106, 13830.690999937106, 13830.690999937106, 13830.690999937106, 13830.690999937106, 13830.690999937106, 13830.690999937106, 13830.690999937106, 13830.690999937106, 13830.690999937106, 13830.690999937106, 13830.690999937106, 13830.690999937106, 13830.690999937106, 13830.690999937106, 13830.690999937106, 13830.690999937106, 13830.690999937106, 13830.690999937106, 13830.690999937106, 13830.690999937106, 13830.690999937106, 13830.690999937106, 13830.690999937106, 13830.690999937106, 13830.690999937106, 13830.690999937106, 13830.690999937106, 13830.690999937106, 13830.690999937106, 13830.690999937106, 13830.690999937106, 13830.690999937106, 13830.690999937106, 13830.690999937106, 13830.690999937106, 13830.690999937106, 13830.690999937106, 13830.690999937106, 13830.690999937106, 13830.690999937106, 13830.690999937106, 13830.690999937106, 13830.690999937106, 13830.690999937106, 13830.690999937106, 13830.690999937106, 13830.690999937106, 13830.690999937106, 13830.690999937106, 13830.690999937106, 13830.690999937106, 13830.690999937106, 13830.690999937106, 13830.690999937106, 13830.690999937106, 13830.690999937106, 13830.690999937106, 13830.690999937106, 13830.690999937106, 13830.690999937106, 13830.690999937106, 13830.690999937106, 13830.690999937106, 13830.690999937106, 13830.690999937106, 13830.690999937106, 13830.690999937106, 13830.690999937106, 13830.690999937106, 13830.690999937106, 13830.690999937106, 13830.690999937106, 13830.690999937106, 13830.690999937106, 13830.690999937106, 13830.690999937106, 13830.690999937106, 13830.690999937106, 13830.690999937106, 13830.690999937106, 13830.690999937106, 13830.690999937106, 13830.690999937106, 13830.690999937106, 13830.690999937106, 13830.690999937106, 13830.690999937106, 13830.690999937106, 13830.690999937106, 13830.690999937106, 13830.690999937106, 13830.690999937106, 13830.690999937106, 13830.690999937106, 13830.690999937106, 13830.690999937106, 13830.690999937106, 13830.690999937106, 13830.690999937106, 13830.690999937106, 13830.690999937106, 13830.690999937106, 13830.690999937106, 13830.690999937106, 13830.690999937106, 13830.690999937106, 13830.690999937106, 13830.690999937106, 13830.690999937106, 13830.690999937106, 13830.690999937106, 13830.690999937106, 13830.690999937106, 13830.690999937106, 13830.690999937106, 13830.690999937106, 13830.690999937106, 13830.690999937106, 13830.690999937106, 13830.690999937106, 13830.690999937106, 13830.690999937106, 13830.690999937106, 13830.690999937106, 13830.690999937106, 13830.690999937106, 13830.690999937106, 13830.690999937106, 13830.690999937106, 13830.690999937106, 13830.690999937106, 13830.690999937106, 13830.690999937106, 13830.690999937106, 13830.690999937106, 13830.690999937106, 13830.690999937106, 13830.690999937106, 13830.690999937106, 13830.690999937106, 13830.690999937106, 13830.690999937106, 13830.690999937106, 13830.690999937106, 13830.690999937106, 13830.690999937106, 13830.690999937106, 13830.690999937106, 13830.690999937106, 13830.690999937106, 13830.690999937106, 13830.690999937106, 13830.690999937106, 13830.690999937106, 13830.690999937106, 13830.690999937106, 13830.690999937106, 13830.690999937106, 13830.690999937106, 13830.690999937106, 13830.690999937106, 13830.690999937106, 13830.690999937106, 13830.690999937106, 13830.690999937106, 13830.690999937106, 13830.690999937106, 13830.690999937106, 13830.690999937106, 13830.690999937106, 13830.690999937106, 13830.690999937106, 13830.690999937106, 13830.690999937106, 13830.690999937106, 13830.690999937106, 13830.690999937106, 13830.690999937106, 13830.690999937106, 13830.690999937106, 13830.690999937106, 13830.690999937106, 13830.690999937106, 13830.690999937106, 13830.690999937106, 13830.690999937106, 13830.690999937106, 13830.690999937106, 13830.690999937106, 13830.690999937106, 13830.690999937106, 13830.690999937106, 13830.690999937106, 13830.690999937106, 13830.690999937106, 13830.690999937106, 13830.690999937106, 13830.690999937106, 13830.690999937106, 13830.690999937106, 13830.690999937106, 13830.690999937106, 13830.690999937106, 13830.690999937106, 13830.690999937106, 13830.690999937106, 13830.690999937106, 13830.690999937106, 13830.690999937106, 13830.690999937106, 13830.690999937106, 13830.690999937106, 13830.690999937106, 13830.690999937106, 13830.690999937106, 13830.690999937106, 13830.690999937106, 13830.690999937106, 13830.690999937106, 13830.690999937106, 13830.690999937106, 13830.690999937106, 13830.690999937106, 13830.690999937106, 13830.690999937106, 13830.690999937106, 13830.690999937106, 13830.690999937106, 13830.690999937106, 13830.690999937106, 13830.690999937106, 13830.690999937106, 13830.690999937106, 13830.690999937106, 13830.690999937106, 13830.690999937106, 13830.690999937106, 13830.690999937106, 13830.690999937106, 13830.690999937106, 13830.690999937106, 13830.690999937106, 13830.690999937106, 13830.690999937106, 13830.690999937106, 13830.690999937106, 13830.690999937106, 13830.690999937106, 13830.690999937106, 13830.690999937106, 13830.690999937106, 13830.690999937106, 13830.690999937106, 13830.690999937106, 13830.690999937106, 13830.690999937106, 13830.690999937106, 13830.690999937106, 13830.690999937106, 13830.690999937106, 13830.690999937106, 13830.690999937106, 13830.690999937106, 13830.690999937106, 13830.690999937106, 13830.690999937106, 13830.690999937106, 13830.690999937106, 13830.690999937106, 13830.690999937106, 13830.690999937106, 13830.690999937106, 13830.690999937106, 13830.690999937106, 13830.690999937106, 13830.690999937106, 13830.690999937106, 13830.690999937106, 13830.690999937106, 13830.690999937106, 13830.690999937106, 13830.690999937106, 13830.690999937106, 13830.690999937106, 13830.690999937106, 13830.690999937106, 13830.690999937106, 13830.690999937106, 13830.690999937106, 13830.690999937106, 13830.690999937106, 13830.690999937106, 13830.690999937106, 13830.690999937106, 13830.690999937106, 13830.690999937106, 13830.690999937106, 13830.690999937106, 13830.690999937106, 13830.690999937106, 13830.690999937106, 13830.690999937106, 13830.690999937106, 13830.690999937106, 13830.690999937106, 13830.690999937106, 13830.690999937106, 13830.690999937106, 13830.690999937106, 13830.690999937106, 13830.690999937106, 13830.690999937106, 13830.690999937106, 13830.690999937106, 13830.690999937106, 13830.690999937106, 13830.690999937106, 13830.690999937106, 13830.690999937106, 13830.690999937106, 13830.690999937106, 13830.690999937106, 13830.690999937106, 13830.690999937106, 13830.690999937106, 13830.690999937106, 13830.690999937106, 13830.690999937106, 13830.690999937106, 13830.690999937106, 13830.690999937106, 13830.690999937106, 13830.690999937106, 13830.690999937106, 13830.690999937106, 13830.690999937106, 13830.690999937106, 13830.690999937106, 13830.690999937106, 13830.690999937106, 13830.690999937106, 13830.690999937106, 13830.690999937106, 13830.690999937106, 13830.690999937106, 13830.690999937106, 13830.690999937106, 13830.690999937106, 13830.690999937106, 13830.690999937106, 13830.690999937106, 13830.690999937106, 13830.690999937106, 13830.690999937106, 13830.690999937106, 13830.690999937106, 13830.690999937106, 13830.690999937106, 13830.690999937106, 13830.690999937106, 13830.690999937106, 13830.690999937106, 13830.690999937106, 13830.690999937106, 13830.690999937106, 13830.690999937106, 13830.690999937106, 13830.690999937106, 13830.690999937106, 13830.690999937106, 13830.690999937106, 13830.690999937106, 13830.690999937106, 13830.690999937106, 13830.690999937106, 13830.690999937106, 13830.690999937106, 13830.690999937106, 13830.690999937106, 13830.690999937106, 13830.690999937106, 13830.690999937106, 13830.690999937106, 13830.690999937106, 13830.690999937106, 13830.690999937106, 13830.690999937106, 13830.690999937106, 13830.690999937106, 13830.690999937106, 13830.690999937106, 13830.690999937106, 13830.690999937106, 13830.690999937106, 13830.690999937106, 13830.690999937106, 13830.690999937106, 13830.690999937106, 13830.690999937106, 13830.690999937106, 13830.690999937106, 13830.690999937106, 13830.690999937106, 13830.690999937106, 13830.690999937106, 13830.690999937106, 13830.690999937106, 13830.690999937106, 13830.690999937106, 13830.690999937106, 13830.690999937106, 13830.690999937106, 13830.690999937106, 13830.690999937106, 13830.690999937106, 13830.690999937106, 13830.690999937106, 13830.690999937106, 13830.690999937106, 13830.690999937106, 13830.690999937106, 13830.690999937106, 13830.690999937106, 13830.690999937106, 13830.690999937106, 13830.690999937106, 13830.690999937106, 13830.690999937106, 13830.690999937106, 13830.690999937106, 13830.690999937106, 13830.690999937106, 13830.690999937106, 13830.690999937106, 13830.690999937106, 13830.690999937106, 13830.690999937106, 13830.690999937106, 13830.690999937106, 13830.690999937106, 13830.690999937106, 13830.690999937106, 13830.690999937106, 13830.690999937106, 13830.690999937106, 13830.690999937106, 13830.690999937106, 13830.690999937106, 13830.690999937106, 13830.690999937106, 13830.690999937106, 13830.690999937106, 13830.690999937106, 13830.690999937106, 13830.690999937106, 13830.690999937106, 13830.690999937106, 13830.690999937106, 13830.690999937106, 13830.690999937106, 13830.690999937106, 13830.690999937106, 13830.690999937106, 13830.690999937106, 13830.690999937106, 13830.690999937106, 13830.690999937106, 13830.690999937106, 13830.690999937106, 13830.690999937106, 13830.690999937106, 13830.690999937106, 13830.690999937106, 13830.690999937106, 13830.690999937106, 13830.690999937106, 13830.690999937106, 13830.690999937106, 13830.690999937106, 13830.690999937106, 13830.690999937106, 13830.690999937106, 13830.690999937106, 13830.690999937106, 13830.690999937106, 13830.690999937106, 13830.690999937106, 13830.690999937106, 13830.690999937106, 13830.690999937106, 13830.690999937106, 13830.690999937106, 13830.690999937106, 13830.690999937106, 13830.690999937106, 13830.690999937106, 13830.690999937106, 13830.690999937106, 13830.690999937106, 13830.690999937106, 13830.690999937106, 13830.690999937106, 13830.690999937106, 13830.690999937106, 13830.690999937106, 13830.690999937106, 13830.690999937106, 13830.690999937106, 13830.690999937106, 13830.690999937106, 13830.690999937106, 13830.690999937106, 13830.690999937106, 13830.690999937106, 13830.690999937106, 13830.690999937106, 13830.690999937106, 13830.690999937106, 13830.690999937106, 13830.690999937106, 13830.690999937106, 13830.690999937106, 13830.690999937106, 13830.690999937106, 13830.690999937106, 13830.690999937106, 13830.690999937106, 13830.690999937106, 13830.690999937106, 13830.690999937106, 13830.690999937106, 13830.690999937106, 13830.690999937106, 13830.690999937106, 13830.690999937106, 13830.690999937106, 13830.690999937106, 13830.690999937106, 13830.690999937106, 13830.690999937106, 13830.690999937106, 13830.690999937106, 13830.690999937106, 13830.690999937106, 13830.690999937106, 13830.690999937106, 13830.690999937106, 13830.690999937106, 13830.690999937106, 13830.690999937106, 13830.690999937106, 13830.690999937106, 13830.690999937106, 13830.690999937106, 13830.690999937106, 13830.690999937106, 13830.690999937106, 13830.690999937106, 13830.690999937106, 13830.690999937106, 13830.690999937106, 13830.690999937106, 13830.690999937106, 13830.690999937106, 13830.690999937106, 13830.690999937106, 13830.690999937106, 13830.690999937106, 13830.690999937106, 13830.690999937106, 13830.690999937106, 13830.690999937106, 13830.690999937106, 13830.690999937106, 13830.690999937106, 13830.690999937106, 13830.690999937106, 13830.690999937106, 13830.690999937106, 13830.690999937106, 13830.690999937106, 13830.690999937106, 13830.690999937106, 13830.690999937106, 13830.690999937106, 13830.690999937106, 13830.690999937106, 13830.690999937106, 13830.690999937106, 13830.690999937106, 13830.690999937106, 13830.690999937106, 13830.690999937106, 13830.690999937106, 13830.690999937106, 13830.690999937106, 13830.690999937106, 13830.690999937106, 13830.690999937106, 13830.690999937106, 13830.690999937106, 13830.690999937106, 13830.690999937106, 13830.690999937106, 13830.690999937106, 13830.690999937106, 13830.690999937106, 13830.690999937106, 13830.690999937106, 13830.690999937106, 13830.690999937106, 13830.690999937106, 13830.690999937106, 13830.690999937106, 13830.690999937106, 13830.690999937106, 13830.690999937106, 13830.690999937106, 13830.690999937106, 13830.690999937106, 13830.690999937106, 13830.690999937106, 13830.690999937106, 13830.690999937106, 13830.690999937106, 13830.690999937106, 13830.690999937106, 13830.690999937106, 13830.690999937106, 13830.690999937106, 13830.690999937106, 13830.690999937106, 13830.690999937106, 13830.690999937106, 13830.690999937106, 13830.690999937106, 13830.690999937106, 13830.690999937106, 13830.690999937106, 13830.690999937106, 13830.690999937106, 13830.690999937106, 13830.690999937106, 13830.690999937106, 13830.690999937106, 13830.690999937106, 13830.690999937106, 13830.690999937106, 13830.690999937106, 13830.690999937106, 13830.690999937106, 13830.690999937106, 13830.690999937106, 13830.690999937106, 13830.690999937106, 13830.690999937106, 13830.690999937106, 13830.690999937106, 13830.690999937106, 13830.690999937106, 13830.690999937106, 13830.690999937106, 13830.690999937106, 13830.690999937106, 13830.690999937106, 13830.690999937106, 13830.690999937106, 13830.690999937106, 13830.690999937106, 13830.690999937106, 13830.690999937106, 13830.690999937106, 13830.690999937106, 13830.690999937106, 13830.690999937106, 13830.690999937106, 13830.690999937106, 13830.690999937106, 13830.690999937106, 13830.690999937106, 13830.690999937106, 13830.690999937106, 13830.690999937106, 13830.690999937106, 13830.690999937106, 13830.690999937106, 13830.690999937106, 13830.690999937106, 13830.690999937106, 13830.690999937106, 13830.690999937106, 13830.690999937106, 13830.690999937106, 13830.690999937106, 13830.690999937106, 13830.690999937106, 13830.690999937106, 13830.690999937106, 13830.690999937106, 13830.690999937106, 13830.690999937106, 13830.690999937106, 13830.690999937106, 13830.690999937106, 13830.690999937106, 13830.690999937106, 13830.690999937106, 13830.690999937106, 13830.690999937106, 13830.690999937106, 13830.690999937106, 13830.690999937106, 13830.690999937106, 13830.690999937106, 13830.690999937106, 13830.690999937106, 13830.690999937106, 13830.690999937106, 13830.690999937106, 13830.690999937106, 13830.690999937106, 13830.690999937106, 13830.690999937106, 13830.690999937106, 13830.690999937106, 13830.690999937106, 13830.690999937106, 13830.690999937106, 13830.690999937106, 13830.690999937106, 13830.690999937106, 13830.690999937106, 13830.690999937106, 13830.690999937106, 13830.690999937106, 13830.690999937106, 13830.690999937106, 13830.690999937106, 13830.690999937106, 13830.690999937106, 13830.690999937106, 13830.690999937106, 13830.690999937106, 13830.690999937106, 13830.690999937106, 13830.690999937106, 13830.690999937106, 13830.690999937106, 13830.690999937106, 13830.690999937106, 13830.690999937106, 13830.690999937106, 13830.690999937106, 13830.690999937106, 13830.690999937106, 13830.690999937106, 13830.690999937106, 13830.690999937106, 13830.690999937106, 13830.690999937106, 13830.690999937106, 13830.690999937106, 13830.690999937106, 13830.690999937106, 13830.690999937106, 13830.690999937106, 13830.690999937106, 13830.690999937106, 13830.690999937106, 13830.690999937106, 13830.690999937106, 13830.690999937106, 13830.690999937106, 13830.690999937106, 13830.690999937106, 13830.690999937106, 13830.690999937106, 13830.690999937106, 13830.690999937106, 13830.690999937106, 13830.690999937106, 13830.690999937106, 13830.690999937106, 13830.690999937106, 13830.690999937106, 13830.690999937106, 13830.690999937106, 13830.690999937106, 13830.690999937106, 13830.690999937106, 13830.690999937106, 13830.690999937106, 13830.690999937106, 13830.690999937106, 13830.690999937106, 13830.690999937106, 13830.690999937106, 13830.690999937106, 13830.690999937106, 13830.690999937106, 13830.690999937106, 13830.690999937106, 13830.690999937106, 13830.690999937106, 13830.690999937106, 13830.690999937106, 13830.690999937106, 13830.690999937106, 13830.690999937106, 13830.690999937106, 13830.690999937106, 13830.690999937106, 13830.690999937106, 13830.690999937106, 13830.690999937106, 13830.690999937106, 13830.690999937106, 13830.690999937106, 13830.690999937106, 13830.690999937106, 13830.690999937106, 13830.690999937106, 13830.690999937106, 13830.690999937106, 13830.690999937106, 13830.690999937106, 13830.690999937106, 13830.690999937106, 13830.690999937106, 13830.690999937106, 13830.690999937106, 13830.690999937106, 13830.690999937106, 13830.690999937106, 13830.690999937106, 13830.690999937106, 13830.690999937106, 13830.690999937106, 13830.690999937106, 13830.690999937106, 13830.690999937106, 13830.690999937106, 13830.690999937106, 13830.690999937106, 13830.690999937106, 13830.690999937106, 13830.690999937106, 13830.690999937106, 13830.690999937106, 13830.690999937106, 13830.690999937106, 13830.690999937106, 13830.690999937106, 13830.690999937106, 13830.690999937106, 13830.690999937106, 13830.690999937106, 13830.690999937106, 13830.690999937106, 13830.690999937106, 13830.690999937106, 13830.690999937106, 13830.690999937106, 13830.690999937106, 13830.690999937106, 13830.690999937106, 13830.690999937106, 13830.690999937106, 13830.690999937106, 13830.690999937106, 13830.690999937106, 13830.690999937106, 13830.690999937106, 13830.690999937106, 13830.690999937106, 13830.690999937106, 13830.690999937106, 13830.690999937106, 13830.690999937106, 13830.690999937106, 13830.690999937106, 13830.690999937106, 13830.690999937106, 13830.690999937106, 13830.690999937106, 13830.690999937106, 13830.690999937106, 13830.690999937106, 13830.690999937106, 13830.690999937106, 13830.690999937106, 13830.690999937106, 13830.690999937106, 13830.690999937106, 13830.690999937106, 13830.690999937106, 13830.690999937106, 13830.690999937106, 13830.690999937106, 13830.690999937106, 13830.690999937106, 13830.690999937106, 13830.690999937106, 13830.690999937106, 13830.690999937106, 13830.690999937106, 13830.690999937106, 13830.690999937106, 13830.690999937106, 13830.690999937106, 13830.690999937106, 13830.690999937106, 13830.690999937106, 13830.690999937106, 13830.690999937106, 13830.690999937106, 13830.690999937106, 13830.690999937106, 13830.690999937106, 13830.690999937106, 13830.690999937106, 13830.690999937106, 13830.690999937106, 13830.690999937106, 13830.690999937106, 13830.690999937106, 13830.690999937106, 13830.690999937106, 13830.690999937106, 13830.690999937106, 13830.690999937106, 13830.690999937106, 13830.690999937106, 13830.690999937106, 13830.690999937106, 13830.690999937106, 13830.690999937106, 13830.690999937106, 13830.690999937106, 13830.690999937106, 13830.690999937106, 13830.690999937106, 13830.690999937106, 13830.690999937106, 13830.690999937106, 13830.690999937106, 13830.690999937106, 13830.690999937106, 13830.690999937106, 13830.690999937106, 13830.690999937106, 13830.690999937106, 13830.690999937106, 13830.690999937106, 13830.690999937106, 13830.690999937106, 13830.690999937106, 13830.690999937106, 13830.690999937106, 13830.690999937106, 13830.690999937106, 13830.690999937106, 13830.690999937106, 13830.690999937106, 13830.690999937106, 13830.690999937106, 13830.690999937106, 13830.690999937106, 13830.690999937106, 13830.690999937106, 13830.690999937106, 13830.690999937106, 13830.690999937106, 13830.690999937106, 13830.690999937106, 13830.690999937106, 13830.690999937106, 13830.690999937106, 13830.690999937106, 13830.690999937106, 13830.690999937106, 13830.690999937106, 13830.690999937106, 13830.690999937106, 13830.690999937106, 13830.690999937106, 13830.690999937106, 13830.690999937106, 13830.690999937106, 13830.690999937106, 13830.690999937106, 13830.690999937106, 13830.690999937106, 13830.690999937106, 13830.690999937106, 13830.690999937106, 13830.690999937106, 13830.690999937106, 13830.690999937106, 13830.690999937106, 13830.690999937106, 13830.690999937106, 13830.690999937106, 13830.690999937106, 13830.690999937106, 13830.690999937106, 13830.690999937106, 13830.690999937106, 13830.690999937106, 13830.690999937106, 13830.690999937106, 13830.690999937106, 13830.690999937106, 13830.690999937106, 13830.690999937106, 13830.690999937106, 13830.690999937106, 13830.690999937106, 13830.690999937106, 13830.690999937106, 13830.690999937106, 13830.690999937106, 13830.690999937106, 13830.690999937106, 13830.690999937106, 13830.690999937106, 13830.690999937106, 13830.690999937106, 13830.690999937106, 13830.690999937106, 13830.690999937106, 13830.690999937106, 13830.690999937106, 13830.690999937106, 13830.690999937106, 13830.690999937106, 13830.690999937106, 13830.690999937106, 13830.690999937106, 13830.690999937106, 13830.690999937106, 13830.690999937106, 13830.690999937106, 13830.690999937106, 13830.690999937106, 13830.690999937106, 13830.690999937106, 13830.690999937106, 13830.690999937106, 13830.690999937106]
Computational time : 860.049999952