Name : Ahmed ElMousel
Problem : X-n190-k8 
Whale Algorithm 
cost : 1814.85561332
Routes : 
1->50->39->71->68->67->54->37->74->1
1->2->8->22->41->1
1->14->75->4->78->52->43->1
1->63->24->13->45->6->18->30->1
1->59->33->5->23->46->51->73->77->1
1->61->47->21->76->26->42->16->34->65->40->1
1->64->12->35->25->7->31->60->1
1->53->29->80->19->49->15->72->1
1->32->58->20->48->27->36->66->70->57->56->10->55->1
1->11->3->38->9->69->44->17->62->79->28->1
best solutions : 
[1957.9232066681097, 1957.9232066681097, 1942.4978060367578, 1882.3122093368784, 1880.0401018948874, 1862.9194409080562, 1860.8810126844112, 1860.8810126844112, 1860.8810126844112, 1860.8810126844112, 1848.1883931467562, 1847.3960959851418, 1847.3960959851418, 1847.3960959851418, 1840.4491109830144, 1840.4491109830144, 1840.4491109830144, 1840.4491109830144, 1840.4491109830144, 1840.4491109830144, 1840.4491109830144, 1840.4491109830144, 1840.4491109830144, 1839.7785946865258, 1839.7785946865258, 1837.0814607592727, 1837.0814607592727, 1837.0814607592727, 1837.0814607592727, 1837.0814607592727, 1837.0814607592727, 1837.0814607592727, 1837.0814607592727, 1837.0814607592727, 1837.0814607592727, 1837.0814607592727, 1837.0814607592727, 1827.2823722841606, 1827.2823722841606, 1827.2823722841606, 1827.2823722841606, 1827.2823722841606, 1827.2823722841606, 1827.2823722841606, 1827.2823722841606, 1827.2823722841606, 1827.2823722841606, 1827.2823722841606, 1827.2823722841606, 1827.2823722841606, 1827.2823722841606, 1827.2823722841606, 1827.2823722841606, 1827.2823722841606, 1827.2823722841606, 1827.2823722841606, 1827.2823722841606, 1827.2823722841606, 1827.2823722841606, 1827.2823722841606, 1827.2823722841606, 1827.2823722841606, 1827.2823722841606, 1827.2823722841606, 1827.2823722841606, 1827.2823722841606, 1827.2823722841606, 1827.2823722841606, 1827.2823722841606, 1827.2823722841606, 1827.2823722841606, 1827.2823722841606, 1827.2823722841606, 1827.2823722841606, 1827.2823722841606, 1827.2823722841606, 1827.2823722841606, 1827.2823722841606, 1827.2823722841606, 1827.2823722841606, 1827.2823722841606, 1827.2823722841606, 1827.2823722841606, 1827.2823722841606, 1827.2823722841606, 1827.2823722841606, 1827.2823722841606, 1827.2823722841606, 1827.2823722841606, 1827.2823722841606, 1827.2823722841606, 1827.2823722841606, 1826.5149045246967, 1826.5149045246967, 1826.5149045246967, 1826.5149045246967, 1826.5149045246967, 1826.5149045246967, 1826.5149045246967, 1826.5149045246967, 1826.5149045246967, 1826.5149045246967, 1826.5149045246967, 1826.5149045246967, 1826.5149045246967, 1825.6053106411084, 1825.6053106411084, 1825.6053106411084, 1825.6053106411084, 1825.6053106411084, 1825.6053106411084, 1825.6053106411084, 1825.6053106411084, 1825.6053106411084, 1825.6053106411084, 1825.6053106411084, 1822.1567703204644, 1822.1567703204644, 1822.1567703204644, 1822.1567703204644, 1822.1567703204644, 1822.1567703204644, 1822.1567703204644, 1822.1567703204644, 1822.1567703204644, 1822.1567703204644, 1822.1567703204644, 1822.1567703204644, 1822.1567703204644, 1822.1567703204644, 1822.1567703204644, 1822.1567703204644, 1822.1567703204644, 1822.1567703204644, 1822.1567703204644, 1822.1567703204644, 1822.1567703204644, 1822.1567703204644, 1822.1567703204644, 1822.1567703204644, 1822.1567703204644, 1822.1567703204644, 1822.1567703204644, 1822.1567703204644, 1822.1567703204644, 1822.1567703204644, 1822.1567703204644, 1822.1567703204644, 1822.1567703204644, 1822.1567703204644, 1822.1567703204644, 1822.1567703204644, 1822.1567703204644, 1822.1567703204644, 1822.1567703204644, 1822.1567703204644, 1822.1567703204644, 1822.1567703204644, 1822.1567703204644, 1822.1567703204644, 1822.1567703204644, 1822.1567703204644, 1822.1567703204644, 1822.1567703204644, 1822.1567703204644, 1822.1567703204644, 1822.1567703204644, 1822.1567703204644, 1822.1567703204644, 1822.1567703204644, 1822.1567703204644, 1822.1567703204644, 1822.1567703204644, 1822.1567703204644, 1822.1567703204644, 1822.1567703204644, 1822.1567703204644, 1822.1567703204644, 1822.1567703204644, 1822.1567703204644, 1822.1567703204644, 1822.1567703204644, 1822.1567703204644, 1822.1567703204644, 1822.1567703204644, 1822.1567703204644, 1822.1567703204644, 1822.1567703204644, 1822.1567703204644, 1822.1567703204644, 1822.1567703204644, 1822.1567703204644, 1822.1567703204644, 1822.1567703204644, 1822.1567703204644, 1822.1567703204644, 1822.1567703204644, 1822.1567703204644, 1822.1567703204644, 1822.1567703204644, 1822.1567703204644, 1822.1567703204644, 1822.1567703204644, 1822.1567703204644, 1822.1567703204644, 1822.1567703204644, 1822.1567703204644, 1822.1567703204644, 1822.1567703204644, 1822.1567703204644, 1822.1567703204644, 1822.1567703204644, 1822.1567703204644, 1822.1567703204644, 1822.1567703204644, 1822.1567703204644, 1822.1567703204644, 1822.1567703204644, 1822.1567703204644, 1822.1567703204644, 1822.1567703204644, 1822.1567703204644, 1822.1567703204644, 1822.1567703204644, 1822.1567703204644, 1822.1567703204644, 1822.1567703204644, 1822.1567703204644, 1822.1567703204644, 1822.1567703204644, 1822.1567703204644, 1822.1567703204644, 1822.1567703204644, 1822.1567703204644, 1822.1567703204644, 1822.1567703204644, 1822.1567703204644, 1822.1567703204644, 1822.1567703204644, 1822.1567703204644, 1821.599081106322, 1821.599081106322, 1821.599081106322, 1821.599081106322, 1821.599081106322, 1821.599081106322, 1821.599081106322, 1821.599081106322, 1821.599081106322, 1821.599081106322, 1821.599081106322, 1821.599081106322, 1821.599081106322, 1821.599081106322, 1821.599081106322, 1821.599081106322, 1821.599081106322, 1821.599081106322, 1821.599081106322, 1821.599081106322, 1821.599081106322, 1821.599081106322, 1821.599081106322, 1821.599081106322, 1821.599081106322, 1821.599081106322, 1821.599081106322, 1821.599081106322, 1821.599081106322, 1821.599081106322, 1821.599081106322, 1821.599081106322, 1821.599081106322, 1821.599081106322, 1821.599081106322, 1821.599081106322, 1821.599081106322, 1821.599081106322, 1821.599081106322, 1821.599081106322, 1821.599081106322, 1821.599081106322, 1821.599081106322, 1821.599081106322, 1821.599081106322, 1821.599081106322, 1821.599081106322, 1821.599081106322, 1821.599081106322, 1821.599081106322, 1821.599081106322, 1821.599081106322, 1821.599081106322, 1821.599081106322, 1821.599081106322, 1821.599081106322, 1821.599081106322, 1821.599081106322, 1821.599081106322, 1821.599081106322, 1821.599081106322, 1821.599081106322, 1821.599081106322, 1821.599081106322, 1821.599081106322, 1821.599081106322, 1821.599081106322, 1821.599081106322, 1821.599081106322, 1821.599081106322, 1821.599081106322, 1821.599081106322, 1821.599081106322, 1821.599081106322, 1821.599081106322, 1821.599081106322, 1821.599081106322, 1821.599081106322, 1821.599081106322, 1821.599081106322, 1821.599081106322, 1821.599081106322, 1821.599081106322, 1821.599081106322, 1821.599081106322, 1821.599081106322, 1821.599081106322, 1821.599081106322, 1821.599081106322, 1821.599081106322, 1821.599081106322, 1821.599081106322, 1821.599081106322, 1821.599081106322, 1821.599081106322, 1821.599081106322, 1821.599081106322, 1821.599081106322, 1821.599081106322, 1821.599081106322, 1821.599081106322, 1821.599081106322, 1821.599081106322, 1821.599081106322, 1821.599081106322, 1821.599081106322, 1821.599081106322, 1821.599081106322, 1821.599081106322, 1821.599081106322, 1821.599081106322, 1821.599081106322, 1821.599081106322, 1821.599081106322, 1821.599081106322, 1821.599081106322, 1821.599081106322, 1821.599081106322, 1821.599081106322, 1821.599081106322, 1821.599081106322, 1821.599081106322, 1821.599081106322, 1821.599081106322, 1821.599081106322, 1821.599081106322, 1821.599081106322, 1821.599081106322, 1821.599081106322, 1821.599081106322, 1821.599081106322, 1821.599081106322, 1821.599081106322, 1821.599081106322, 1821.599081106322, 1821.599081106322, 1821.599081106322, 1821.599081106322, 1821.599081106322, 1821.599081106322, 1821.599081106322, 1821.599081106322, 1821.599081106322, 1821.599081106322, 1821.599081106322, 1821.599081106322, 1821.599081106322, 1821.599081106322, 1821.599081106322, 1821.599081106322, 1821.599081106322, 1821.599081106322, 1821.599081106322, 1821.599081106322, 1821.599081106322, 1821.599081106322, 1821.599081106322, 1821.599081106322, 1821.599081106322, 1821.599081106322, 1821.599081106322, 1821.599081106322, 1821.599081106322, 1821.599081106322, 1821.599081106322, 1821.599081106322, 1821.599081106322, 1821.599081106322, 1821.599081106322, 1821.599081106322, 1821.599081106322, 1821.599081106322, 1821.599081106322, 1821.599081106322, 1821.599081106322, 1821.599081106322, 1821.599081106322, 1821.599081106322, 1821.599081106322, 1821.599081106322, 1821.599081106322, 1821.599081106322, 1821.599081106322, 1821.599081106322, 1821.599081106322, 1821.599081106322, 1821.599081106322, 1821.599081106322, 1821.599081106322, 1821.599081106322, 1821.599081106322, 1821.599081106322, 1821.599081106322, 1821.599081106322, 1821.599081106322, 1821.599081106322, 1821.599081106322, 1821.599081106322, 1821.599081106322, 1821.599081106322, 1821.599081106322, 1821.599081106322, 1821.599081106322, 1821.599081106322, 1821.599081106322, 1821.599081106322, 1821.599081106322, 1821.599081106322, 1821.599081106322, 1821.599081106322, 1821.599081106322, 1821.599081106322, 1821.599081106322, 1821.599081106322, 1821.599081106322, 1821.599081106322, 1821.599081106322, 1821.599081106322, 1821.599081106322, 1821.599081106322, 1821.599081106322, 1821.599081106322, 1821.599081106322, 1821.599081106322, 1821.599081106322, 1821.599081106322, 1821.599081106322, 1821.599081106322, 1821.599081106322, 1818.6414153829137, 1818.6414153829137, 1818.6414153829137, 1818.6414153829137, 1818.6414153829137, 1818.6414153829137, 1818.6414153829137, 1818.6414153829137, 1818.6414153829137, 1818.6414153829137, 1818.6414153829137, 1818.6414153829137, 1818.6414153829137, 1818.6414153829137, 1818.6414153829137, 1818.6414153829137, 1818.6414153829137, 1818.6414153829137, 1818.6414153829137, 1818.6414153829137, 1818.6414153829137, 1818.6414153829137, 1818.6414153829137, 1818.6414153829137, 1818.6414153829137, 1818.6414153829137, 1818.6414153829137, 1818.6414153829137, 1818.6414153829137, 1818.6414153829137, 1818.6414153829137, 1818.6414153829137, 1818.6414153829137, 1818.6414153829137, 1818.6414153829137, 1818.6414153829137, 1818.6414153829137, 1818.6414153829137, 1818.6414153829137, 1818.6414153829137, 1818.6414153829137, 1818.6414153829137, 1818.6414153829137, 1818.6414153829137, 1818.6414153829137, 1818.6414153829137, 1818.6414153829137, 1818.6414153829137, 1818.6414153829137, 1818.6414153829137, 1818.6414153829137, 1818.6414153829137, 1818.6414153829137, 1818.6414153829137, 1818.6414153829137, 1818.6414153829137, 1818.6414153829137, 1818.6414153829137, 1818.6414153829137, 1818.6414153829137, 1818.6414153829137, 1818.6414153829137, 1818.6414153829137, 1818.6414153829137, 1818.6414153829137, 1818.6414153829137, 1818.6414153829137, 1818.6414153829137, 1818.6414153829137, 1818.2607555505535, 1818.2607555505535, 1818.2607555505535, 1818.2607555505535, 1818.2607555505535, 1818.2607555505535, 1818.2607555505535, 1818.2607555505535, 1818.2607555505535, 1818.2607555505535, 1818.2607555505535, 1818.2607555505535, 1818.2607555505535, 1818.2607555505535, 1818.2607555505535, 1818.2607555505535, 1818.2607555505535, 1818.2607555505535, 1818.2607555505535, 1818.2607555505535, 1818.2607555505535, 1818.2607555505535, 1818.2607555505535, 1818.2607555505535, 1818.2607555505535, 1818.2607555505535, 1815.2941549389232, 1815.2941549389232, 1815.2941549389232, 1815.2941549389232, 1815.2941549389232, 1815.2941549389232, 1815.2941549389232, 1815.2941549389232, 1815.2941549389232, 1815.2941549389232, 1815.2941549389232, 1815.2941549389232, 1815.2941549389232, 1815.2941549389232, 1815.2941549389232, 1815.2941549389232, 1815.2941549389232, 1815.2941549389232, 1815.2941549389232, 1815.2941549389232, 1815.2941549389232, 1815.2941549389232, 1815.2941549389232, 1815.2941549389232, 1815.2941549389232, 1815.2941549389232, 1815.2941549389232, 1815.2941549389232, 1815.2941549389232, 1814.913495106563, 1814.913495106563, 1814.913495106563, 1814.913495106563, 1814.913495106563, 1814.913495106563, 1814.913495106563, 1814.913495106563, 1814.913495106563, 1814.913495106563, 1814.913495106563, 1814.913495106563, 1814.913495106563, 1814.913495106563, 1814.913495106563, 1814.913495106563, 1814.913495106563, 1814.913495106563, 1814.913495106563, 1814.913495106563, 1814.913495106563, 1814.913495106563, 1814.913495106563, 1814.913495106563, 1814.913495106563, 1814.913495106563, 1814.913495106563, 1814.913495106563, 1814.913495106563, 1814.913495106563, 1814.913495106563, 1814.913495106563, 1814.913495106563, 1814.913495106563, 1814.913495106563, 1814.913495106563, 1814.913495106563, 1814.913495106563, 1814.913495106563, 1814.913495106563, 1814.913495106563, 1814.913495106563, 1814.913495106563, 1814.913495106563, 1814.913495106563, 1814.913495106563, 1814.913495106563, 1814.913495106563, 1814.913495106563, 1814.913495106563, 1814.913495106563, 1814.913495106563, 1814.913495106563, 1814.913495106563, 1814.913495106563, 1814.913495106563, 1814.913495106563, 1814.913495106563, 1814.913495106563, 1814.913495106563, 1814.913495106563, 1814.913495106563, 1814.913495106563, 1814.913495106563, 1814.913495106563, 1814.913495106563, 1814.913495106563, 1814.913495106563, 1814.913495106563, 1814.913495106563, 1814.913495106563, 1814.913495106563, 1814.913495106563, 1814.913495106563, 1814.913495106563, 1814.913495106563, 1814.913495106563, 1814.913495106563, 1814.913495106563, 1814.913495106563, 1814.913495106563, 1814.913495106563, 1814.913495106563, 1814.913495106563, 1814.913495106563, 1814.913495106563, 1814.913495106563, 1814.913495106563, 1814.913495106563, 1814.913495106563, 1814.913495106563, 1814.913495106563, 1814.913495106563, 1814.913495106563, 1814.913495106563, 1814.913495106563, 1814.913495106563, 1814.913495106563, 1814.913495106563, 1814.913495106563, 1814.913495106563, 1814.913495106563, 1814.913495106563, 1814.913495106563, 1814.913495106563, 1814.913495106563, 1814.913495106563, 1814.913495106563, 1814.913495106563, 1814.913495106563, 1814.913495106563, 1814.913495106563, 1814.913495106563, 1814.913495106563, 1814.913495106563, 1814.913495106563, 1814.913495106563, 1814.913495106563, 1814.913495106563, 1814.913495106563, 1814.913495106563, 1814.913495106563, 1814.913495106563, 1814.913495106563, 1814.913495106563, 1814.913495106563, 1814.913495106563, 1814.913495106563, 1814.913495106563, 1814.913495106563, 1814.913495106563, 1814.913495106563, 1814.913495106563, 1814.913495106563, 1814.913495106563, 1814.913495106563, 1814.913495106563, 1814.913495106563, 1814.913495106563, 1814.913495106563, 1814.913495106563, 1814.913495106563, 1814.913495106563, 1814.913495106563, 1814.913495106563, 1814.913495106563, 1814.913495106563, 1814.913495106563, 1814.913495106563, 1814.913495106563, 1814.913495106563, 1814.8556133232016, 1814.8556133232016, 1814.8556133232016, 1814.8556133232016, 1814.8556133232016, 1814.8556133232016, 1814.8556133232016, 1814.8556133232016, 1814.8556133232016, 1814.8556133232016, 1814.8556133232016, 1814.8556133232016, 1814.8556133232016, 1814.8556133232016, 1814.8556133232016, 1814.8556133232016, 1814.8556133232016, 1814.8556133232016, 1814.8556133232016, 1814.8556133232016, 1814.8556133232016, 1814.8556133232016, 1814.8556133232016, 1814.8556133232016, 1814.8556133232016, 1814.8556133232016, 1814.8556133232016, 1814.8556133232016, 1814.8556133232016, 1814.8556133232016, 1814.8556133232016, 1814.8556133232016, 1814.8556133232016, 1814.8556133232016, 1814.8556133232016, 1814.8556133232016, 1814.8556133232016, 1814.8556133232016, 1814.8556133232016, 1814.8556133232016, 1814.8556133232016, 1814.8556133232016, 1814.8556133232016, 1814.8556133232016, 1814.8556133232016, 1814.8556133232016, 1814.8556133232016, 1814.8556133232016, 1814.8556133232016, 1814.8556133232016, 1814.8556133232016, 1814.8556133232016, 1814.8556133232016, 1814.8556133232016, 1814.8556133232016, 1814.8556133232016, 1814.8556133232016, 1814.8556133232016, 1814.8556133232016, 1814.8556133232016, 1814.8556133232016, 1814.8556133232016, 1814.8556133232016, 1814.8556133232016, 1814.8556133232016, 1814.8556133232016, 1814.8556133232016, 1814.8556133232016, 1814.8556133232016, 1814.8556133232016, 1814.8556133232016, 1814.8556133232016, 1814.8556133232016, 1814.8556133232016, 1814.8556133232016, 1814.8556133232016, 1814.8556133232016, 1814.8556133232016, 1814.8556133232016, 1814.8556133232016, 1814.8556133232016, 1814.8556133232016, 1814.8556133232016, 1814.8556133232016, 1814.8556133232016, 1814.8556133232016, 1814.8556133232016, 1814.8556133232016, 1814.8556133232016, 1814.8556133232016, 1814.8556133232016, 1814.8556133232016, 1814.8556133232016, 1814.8556133232016, 1814.8556133232016, 1814.8556133232016, 1814.8556133232016, 1814.8556133232016, 1814.8556133232016, 1814.8556133232016, 1814.8556133232016, 1814.8556133232016, 1814.8556133232016, 1814.8556133232016, 1814.8556133232016, 1814.8556133232016, 1814.8556133232016, 1814.8556133232016, 1814.8556133232016, 1814.8556133232016, 1814.8556133232016, 1814.8556133232016, 1814.8556133232016, 1814.8556133232016, 1814.8556133232016, 1814.8556133232016, 1814.8556133232016, 1814.8556133232016, 1814.8556133232016, 1814.8556133232016, 1814.8556133232016, 1814.8556133232016, 1814.8556133232016, 1814.8556133232016, 1814.8556133232016, 1814.8556133232016, 1814.8556133232016, 1814.8556133232016, 1814.8556133232016, 1814.8556133232016, 1814.8556133232016, 1814.8556133232016, 1814.8556133232016, 1814.8556133232016, 1814.8556133232016, 1814.8556133232016, 1814.8556133232016, 1814.8556133232016, 1814.8556133232016, 1814.8556133232016, 1814.8556133232016, 1814.8556133232016, 1814.8556133232016, 1814.8556133232016, 1814.8556133232016, 1814.8556133232016, 1814.8556133232016, 1814.8556133232016, 1814.8556133232016, 1814.8556133232016, 1814.8556133232016, 1814.8556133232016, 1814.8556133232016, 1814.8556133232016, 1814.8556133232016, 1814.8556133232016, 1814.8556133232016, 1814.8556133232016, 1814.8556133232016, 1814.8556133232016, 1814.8556133232016, 1814.8556133232016, 1814.8556133232016, 1814.8556133232016, 1814.8556133232016, 1814.8556133232016, 1814.8556133232016, 1814.8556133232016, 1814.8556133232016, 1814.8556133232016, 1814.8556133232016, 1814.8556133232016, 1814.8556133232016, 1814.8556133232016, 1814.8556133232016, 1814.8556133232016, 1814.8556133232016, 1814.8556133232016, 1814.8556133232016, 1814.8556133232016, 1814.8556133232016, 1814.8556133232016, 1814.8556133232016, 1814.8556133232016, 1814.8556133232016, 1814.8556133232016, 1814.8556133232016, 1814.8556133232016, 1814.8556133232016, 1814.8556133232016, 1814.8556133232016, 1814.8556133232016, 1814.8556133232016, 1814.8556133232016, 1814.8556133232016, 1814.8556133232016, 1814.8556133232016, 1814.8556133232016, 1814.8556133232016, 1814.8556133232016, 1814.8556133232016, 1814.8556133232016, 1814.8556133232016, 1814.8556133232016, 1814.8556133232016, 1814.8556133232016, 1814.8556133232016, 1814.8556133232016, 1814.8556133232016, 1814.8556133232016, 1814.8556133232016, 1814.8556133232016, 1814.8556133232016, 1814.8556133232016, 1814.8556133232016, 1814.8556133232016, 1814.8556133232016, 1814.8556133232016, 1814.8556133232016, 1814.8556133232016, 1814.8556133232016, 1814.8556133232016, 1814.8556133232016, 1814.8556133232016, 1814.8556133232016, 1814.8556133232016, 1814.8556133232016, 1814.8556133232016, 1814.8556133232016, 1814.8556133232016, 1814.8556133232016, 1814.8556133232016, 1814.8556133232016, 1814.8556133232016, 1814.8556133232016, 1814.8556133232016, 1814.8556133232016, 1814.8556133232016, 1814.8556133232016, 1814.8556133232016, 1814.8556133232016, 1814.8556133232016, 1814.8556133232016, 1814.8556133232016, 1814.8556133232016, 1814.8556133232016, 1814.8556133232016, 1814.8556133232016, 1814.8556133232016, 1814.8556133232016, 1814.8556133232016, 1814.8556133232016, 1814.8556133232016, 1814.8556133232016, 1814.8556133232016, 1814.8556133232016, 1814.8556133232016, 1814.8556133232016, 1814.8556133232016, 1814.8556133232016, 1814.8556133232016, 1814.8556133232016, 1814.8556133232016, 1814.8556133232016, 1814.8556133232016, 1814.8556133232016, 1814.8556133232016, 1814.8556133232016, 1814.8556133232016, 1814.8556133232016, 1814.8556133232016, 1814.8556133232016, 1814.8556133232016, 1814.8556133232016, 1814.8556133232016, 1814.8556133232016, 1814.8556133232016, 1814.8556133232016, 1814.8556133232016, 1814.8556133232016, 1814.8556133232016, 1814.8556133232016, 1814.8556133232016, 1814.8556133232016, 1814.8556133232016, 1814.8556133232016, 1814.8556133232016, 1814.8556133232016, 1814.8556133232016, 1814.8556133232016, 1814.8556133232016, 1814.8556133232016, 1814.8556133232016, 1814.8556133232016, 1814.8556133232016, 1814.8556133232016, 1814.8556133232016, 1814.8556133232016, 1814.8556133232016, 1814.8556133232016, 1814.8556133232016, 1814.8556133232016, 1814.8556133232016, 1814.8556133232016, 1814.8556133232016, 1814.8556133232016, 1814.8556133232016, 1814.8556133232016, 1814.8556133232016, 1814.8556133232016, 1814.8556133232016, 1814.8556133232016, 1814.8556133232016, 1814.8556133232016, 1814.8556133232016, 1814.8556133232016, 1814.8556133232016, 1814.8556133232016, 1814.8556133232016, 1814.8556133232016, 1814.8556133232016, 1814.8556133232016, 1814.8556133232016, 1814.8556133232016, 1814.8556133232016, 1814.8556133232016, 1814.8556133232016, 1814.8556133232016, 1814.8556133232016, 1814.8556133232016, 1814.8556133232016, 1814.8556133232016, 1814.8556133232016, 1814.8556133232016, 1814.8556133232016, 1814.8556133232016, 1814.8556133232016, 1814.8556133232016, 1814.8556133232016, 1814.8556133232016, 1814.8556133232016, 1814.8556133232016, 1814.8556133232016, 1814.8556133232016, 1814.8556133232016, 1814.8556133232016, 1814.8556133232016, 1814.8556133232016, 1814.8556133232016, 1814.8556133232016, 1814.8556133232016, 1814.8556133232016, 1814.8556133232016, 1814.8556133232016, 1814.8556133232016, 1814.8556133232016, 1814.8556133232016, 1814.8556133232016, 1814.8556133232016, 1814.8556133232016, 1814.8556133232016, 1814.8556133232016, 1814.8556133232016, 1814.8556133232016, 1814.8556133232016, 1814.8556133232016, 1814.8556133232016, 1814.8556133232016, 1814.8556133232016, 1814.8556133232016, 1814.8556133232016, 1814.8556133232016, 1814.8556133232016, 1814.8556133232016, 1814.8556133232016, 1814.8556133232016, 1814.8556133232016, 1814.8556133232016, 1814.8556133232016, 1814.8556133232016, 1814.8556133232016, 1814.8556133232016, 1814.8556133232016, 1814.8556133232016, 1814.8556133232016, 1814.8556133232016, 1814.8556133232016, 1814.8556133232016, 1814.8556133232016, 1814.8556133232016, 1814.8556133232016, 1814.8556133232016, 1814.8556133232016, 1814.8556133232016, 1814.8556133232016, 1814.8556133232016, 1814.8556133232016, 1814.8556133232016, 1814.8556133232016, 1814.8556133232016, 1814.8556133232016, 1814.8556133232016, 1814.8556133232016, 1814.8556133232016, 1814.8556133232016, 1814.8556133232016, 1814.8556133232016, 1814.8556133232016, 1814.8556133232016, 1814.8556133232016, 1814.8556133232016, 1814.8556133232016, 1814.8556133232016, 1814.8556133232016, 1814.8556133232016, 1814.8556133232016, 1814.8556133232016, 1814.8556133232016, 1814.8556133232016, 1814.8556133232016, 1814.8556133232016, 1814.8556133232016, 1814.8556133232016, 1814.8556133232016, 1814.8556133232016, 1814.8556133232016, 1814.8556133232016, 1814.8556133232016, 1814.8556133232016, 1814.8556133232016, 1814.8556133232016, 1814.8556133232016, 1814.8556133232016, 1814.8556133232016, 1814.8556133232016, 1814.8556133232016, 1814.8556133232016, 1814.8556133232016, 1814.8556133232016, 1814.8556133232016, 1814.8556133232016, 1814.8556133232016, 1814.8556133232016, 1814.8556133232016, 1814.8556133232016, 1814.8556133232016, 1814.8556133232016, 1814.8556133232016, 1814.8556133232016, 1814.8556133232016, 1814.8556133232016, 1814.8556133232016, 1814.8556133232016, 1814.8556133232016, 1814.8556133232016, 1814.8556133232016, 1814.8556133232016, 1814.8556133232016, 1814.8556133232016, 1814.8556133232016, 1814.8556133232016, 1814.8556133232016, 1814.8556133232016, 1814.8556133232016, 1814.8556133232016, 1814.8556133232016, 1814.8556133232016, 1814.8556133232016, 1814.8556133232016, 1814.8556133232016, 1814.8556133232016, 1814.8556133232016, 1814.8556133232016, 1814.8556133232016, 1814.8556133232016, 1814.8556133232016, 1814.8556133232016, 1814.8556133232016, 1814.8556133232016, 1814.8556133232016, 1814.8556133232016, 1814.8556133232016, 1814.8556133232016, 1814.8556133232016, 1814.8556133232016, 1814.8556133232016, 1814.8556133232016, 1814.8556133232016, 1814.8556133232016, 1814.8556133232016, 1814.8556133232016, 1814.8556133232016, 1814.8556133232016, 1814.8556133232016, 1814.8556133232016, 1814.8556133232016, 1814.8556133232016, 1814.8556133232016, 1814.8556133232016, 1814.8556133232016, 1814.8556133232016, 1814.8556133232016, 1814.8556133232016, 1814.8556133232016, 1814.8556133232016, 1814.8556133232016, 1814.8556133232016, 1814.8556133232016, 1814.8556133232016, 1814.8556133232016, 1814.8556133232016, 1814.8556133232016, 1814.8556133232016, 1814.8556133232016, 1814.8556133232016, 1814.8556133232016, 1814.8556133232016, 1814.8556133232016, 1814.8556133232016, 1814.8556133232016, 1814.8556133232016, 1814.8556133232016, 1814.8556133232016, 1814.8556133232016, 1814.8556133232016, 1814.8556133232016, 1814.8556133232016, 1814.8556133232016, 1814.8556133232016, 1814.8556133232016, 1814.8556133232016, 1814.8556133232016, 1814.8556133232016, 1814.8556133232016, 1814.8556133232016, 1814.8556133232016, 1814.8556133232016, 1814.8556133232016, 1814.8556133232016, 1814.8556133232016, 1814.8556133232016, 1814.8556133232016, 1814.8556133232016, 1814.8556133232016, 1814.8556133232016, 1814.8556133232016, 1814.8556133232016, 1814.8556133232016, 1814.8556133232016, 1814.8556133232016, 1814.8556133232016, 1814.8556133232016, 1814.8556133232016, 1814.8556133232016, 1814.8556133232016, 1814.8556133232016, 1814.8556133232016, 1814.8556133232016, 1814.8556133232016, 1814.8556133232016, 1814.8556133232016, 1814.8556133232016, 1814.8556133232016, 1814.8556133232016, 1814.8556133232016, 1814.8556133232016, 1814.8556133232016, 1814.8556133232016, 1814.8556133232016, 1814.8556133232016, 1814.8556133232016, 1814.8556133232016, 1814.8556133232016, 1814.8556133232016, 1814.8556133232016, 1814.8556133232016, 1814.8556133232016, 1814.8556133232016, 1814.8556133232016, 1814.8556133232016, 1814.8556133232016, 1814.8556133232016, 1814.8556133232016, 1814.8556133232016, 1814.8556133232016, 1814.8556133232016, 1814.8556133232016, 1814.8556133232016, 1814.8556133232016, 1814.8556133232016, 1814.8556133232016, 1814.8556133232016, 1814.8556133232016, 1814.8556133232016, 1814.8556133232016, 1814.8556133232016, 1814.8556133232016, 1814.8556133232016, 1814.8556133232016, 1814.8556133232016, 1814.8556133232016, 1814.8556133232016, 1814.8556133232016, 1814.8556133232016, 1814.8556133232016, 1814.8556133232016, 1814.8556133232016, 1814.8556133232016, 1814.8556133232016, 1814.8556133232016, 1814.8556133232016, 1814.8556133232016, 1814.8556133232016, 1814.8556133232016, 1814.8556133232016, 1814.8556133232016, 1814.8556133232016, 1814.8556133232016, 1814.8556133232016, 1814.8556133232016, 1814.8556133232016, 1814.8556133232016, 1814.8556133232016, 1814.8556133232016, 1814.8556133232016, 1814.8556133232016, 1814.8556133232016, 1814.8556133232016, 1814.8556133232016, 1814.8556133232016, 1814.8556133232016, 1814.8556133232016, 1814.8556133232016, 1814.8556133232016, 1814.8556133232016, 1814.8556133232016, 1814.8556133232016, 1814.8556133232016, 1814.8556133232016, 1814.8556133232016, 1814.8556133232016, 1814.8556133232016, 1814.8556133232016, 1814.8556133232016, 1814.8556133232016, 1814.8556133232016, 1814.8556133232016, 1814.8556133232016, 1814.8556133232016, 1814.8556133232016, 1814.8556133232016, 1814.8556133232016, 1814.8556133232016, 1814.8556133232016, 1814.8556133232016, 1814.8556133232016, 1814.8556133232016, 1814.8556133232016, 1814.8556133232016, 1814.8556133232016, 1814.8556133232016, 1814.8556133232016, 1814.8556133232016, 1814.8556133232016, 1814.8556133232016, 1814.8556133232016, 1814.8556133232016, 1814.8556133232016, 1814.8556133232016, 1814.8556133232016, 1814.8556133232016, 1814.8556133232016, 1814.8556133232016, 1814.8556133232016, 1814.8556133232016, 1814.8556133232016, 1814.8556133232016, 1814.8556133232016, 1814.8556133232016, 1814.8556133232016, 1814.8556133232016, 1814.8556133232016, 1814.8556133232016, 1814.8556133232016, 1814.8556133232016, 1814.8556133232016, 1814.8556133232016, 1814.8556133232016, 1814.8556133232016, 1814.8556133232016, 1814.8556133232016, 1814.8556133232016, 1814.8556133232016, 1814.8556133232016, 1814.8556133232016, 1814.8556133232016, 1814.8556133232016, 1814.8556133232016, 1814.8556133232016, 1814.8556133232016, 1814.8556133232016, 1814.8556133232016, 1814.8556133232016, 1814.8556133232016, 1814.8556133232016, 1814.8556133232016, 1814.8556133232016, 1814.8556133232016, 1814.8556133232016, 1814.8556133232016, 1814.8556133232016, 1814.8556133232016, 1814.8556133232016, 1814.8556133232016, 1814.8556133232016, 1814.8556133232016, 1814.8556133232016, 1814.8556133232016, 1814.8556133232016, 1814.8556133232016, 1814.8556133232016, 1814.8556133232016, 1814.8556133232016, 1814.8556133232016, 1814.8556133232016, 1814.8556133232016, 1814.8556133232016, 1814.8556133232016, 1814.8556133232016, 1814.8556133232016, 1814.8556133232016, 1814.8556133232016, 1814.8556133232016, 1814.8556133232016, 1814.8556133232016, 1814.8556133232016, 1814.8556133232016, 1814.8556133232016, 1814.8556133232016, 1814.8556133232016, 1814.8556133232016, 1814.8556133232016, 1814.8556133232016, 1814.8556133232016, 1814.8556133232016, 1814.8556133232016, 1814.8556133232016, 1814.8556133232016, 1814.8556133232016, 1814.8556133232016, 1814.8556133232016, 1814.8556133232016, 1814.8556133232016, 1814.8556133232016, 1814.8556133232016, 1814.8556133232016, 1814.8556133232016, 1814.8556133232016, 1814.8556133232016, 1814.8556133232016, 1814.8556133232016, 1814.8556133232016, 1814.8556133232016, 1814.8556133232016, 1814.8556133232016, 1814.8556133232016, 1814.8556133232016, 1814.8556133232016, 1814.8556133232016, 1814.8556133232016, 1814.8556133232016, 1814.8556133232016, 1814.8556133232016, 1814.8556133232016, 1814.8556133232016, 1814.8556133232016, 1814.8556133232016, 1814.8556133232016, 1814.8556133232016, 1814.8556133232016, 1814.8556133232016, 1814.8556133232016, 1814.8556133232016, 1814.8556133232016, 1814.8556133232016, 1814.8556133232016, 1814.8556133232016, 1814.8556133232016, 1814.8556133232016, 1814.8556133232016, 1814.8556133232016, 1814.8556133232016, 1814.8556133232016, 1814.8556133232016, 1814.8556133232016, 1814.8556133232016, 1814.8556133232016, 1814.8556133232016, 1814.8556133232016, 1814.8556133232016, 1814.8556133232016, 1814.8556133232016, 1814.8556133232016, 1814.8556133232016, 1814.8556133232016, 1814.8556133232016, 1814.8556133232016, 1814.8556133232016, 1814.8556133232016, 1814.8556133232016, 1814.8556133232016, 1814.8556133232016, 1814.8556133232016, 1814.8556133232016, 1814.8556133232016, 1814.8556133232016, 1814.8556133232016, 1814.8556133232016, 1814.8556133232016, 1814.8556133232016, 1814.8556133232016, 1814.8556133232016, 1814.8556133232016, 1814.8556133232016, 1814.8556133232016, 1814.8556133232016, 1814.8556133232016, 1814.8556133232016, 1814.8556133232016, 1814.8556133232016, 1814.8556133232016, 1814.8556133232016, 1814.8556133232016, 1814.8556133232016, 1814.8556133232016, 1814.8556133232016, 1814.8556133232016, 1814.8556133232016, 1814.8556133232016, 1814.8556133232016, 1814.8556133232016, 1814.8556133232016, 1814.8556133232016, 1814.8556133232016, 1814.8556133232016, 1814.8556133232016, 1814.8556133232016, 1814.8556133232016, 1814.8556133232016, 1814.8556133232016, 1814.8556133232016, 1814.8556133232016, 1814.8556133232016, 1814.8556133232016, 1814.8556133232016, 1814.8556133232016, 1814.8556133232016, 1814.8556133232016, 1814.8556133232016, 1814.8556133232016, 1814.8556133232016, 1814.8556133232016, 1814.8556133232016, 1814.8556133232016, 1814.8556133232016, 1814.8556133232016, 1814.8556133232016, 1814.8556133232016, 1814.8556133232016, 1814.8556133232016, 1814.8556133232016, 1814.8556133232016, 1814.8556133232016, 1814.8556133232016, 1814.8556133232016, 1814.8556133232016, 1814.8556133232016, 1814.8556133232016, 1814.8556133232016, 1814.8556133232016, 1814.8556133232016, 1814.8556133232016, 1814.8556133232016, 1814.8556133232016, 1814.8556133232016, 1814.8556133232016, 1814.8556133232016, 1814.8556133232016, 1814.8556133232016, 1814.8556133232016, 1814.8556133232016, 1814.8556133232016, 1814.8556133232016, 1814.8556133232016, 1814.8556133232016, 1814.8556133232016, 1814.8556133232016, 1814.8556133232016, 1814.8556133232016, 1814.8556133232016, 1814.8556133232016, 1814.8556133232016, 1814.8556133232016, 1814.8556133232016, 1814.8556133232016, 1814.8556133232016, 1814.8556133232016, 1814.8556133232016, 1814.8556133232016, 1814.8556133232016, 1814.8556133232016, 1814.8556133232016, 1814.8556133232016, 1814.8556133232016, 1814.8556133232016, 1814.8556133232016, 1814.8556133232016, 1814.8556133232016, 1814.8556133232016, 1814.8556133232016, 1814.8556133232016, 1814.8556133232016, 1814.8556133232016, 1814.8556133232016, 1814.8556133232016, 1814.8556133232016, 1814.8556133232016, 1814.8556133232016, 1814.8556133232016, 1814.8556133232016, 1814.8556133232016, 1814.8556133232016, 1814.8556133232016, 1814.8556133232016, 1814.8556133232016, 1814.8556133232016, 1814.8556133232016, 1814.8556133232016, 1814.8556133232016, 1814.8556133232016, 1814.8556133232016, 1814.8556133232016, 1814.8556133232016, 1814.8556133232016, 1814.8556133232016, 1814.8556133232016, 1814.8556133232016, 1814.8556133232016, 1814.8556133232016, 1814.8556133232016, 1814.8556133232016, 1814.8556133232016, 1814.8556133232016, 1814.8556133232016, 1814.8556133232016, 1814.8556133232016, 1814.8556133232016, 1814.8556133232016, 1814.8556133232016, 1814.8556133232016, 1814.8556133232016, 1814.8556133232016, 1814.8556133232016, 1814.8556133232016, 1814.8556133232016, 1814.8556133232016, 1814.8556133232016, 1814.8556133232016, 1814.8556133232016, 1814.8556133232016, 1814.8556133232016, 1814.8556133232016, 1814.8556133232016, 1814.8556133232016, 1814.8556133232016, 1814.8556133232016, 1814.8556133232016, 1814.8556133232016, 1814.8556133232016, 1814.8556133232016, 1814.8556133232016, 1814.8556133232016, 1814.8556133232016, 1814.8556133232016, 1814.8556133232016, 1814.8556133232016, 1814.8556133232016, 1814.8556133232016, 1814.8556133232016, 1814.8556133232016, 1814.8556133232016, 1814.8556133232016, 1814.8556133232016, 1814.8556133232016, 1814.8556133232016, 1814.8556133232016, 1814.8556133232016, 1814.8556133232016, 1814.8556133232016, 1814.8556133232016, 1814.8556133232016, 1814.8556133232016, 1814.8556133232016, 1814.8556133232016, 1814.8556133232016, 1814.8556133232016, 1814.8556133232016, 1814.8556133232016, 1814.8556133232016, 1814.8556133232016, 1814.8556133232016, 1814.8556133232016, 1814.8556133232016, 1814.8556133232016, 1814.8556133232016, 1814.8556133232016, 1814.8556133232016, 1814.8556133232016, 1814.8556133232016, 1814.8556133232016, 1814.8556133232016, 1814.8556133232016, 1814.8556133232016, 1814.8556133232016, 1814.8556133232016, 1814.8556133232016, 1814.8556133232016, 1814.8556133232016, 1814.8556133232016, 1814.8556133232016, 1814.8556133232016, 1814.8556133232016, 1814.8556133232016, 1814.8556133232016, 1814.8556133232016, 1814.8556133232016, 1814.8556133232016, 1814.8556133232016, 1814.8556133232016, 1814.8556133232016, 1814.8556133232016, 1814.8556133232016, 1814.8556133232016, 1814.8556133232016, 1814.8556133232016, 1814.8556133232016, 1814.8556133232016, 1814.8556133232016, 1814.8556133232016, 1814.8556133232016, 1814.8556133232016, 1814.8556133232016, 1814.8556133232016, 1814.8556133232016, 1814.8556133232016, 1814.8556133232016, 1814.8556133232016, 1814.8556133232016, 1814.8556133232016, 1814.8556133232016, 1814.8556133232016, 1814.8556133232016, 1814.8556133232016, 1814.8556133232016, 1814.8556133232016, 1814.8556133232016, 1814.8556133232016, 1814.8556133232016, 1814.8556133232016, 1814.8556133232016, 1814.8556133232016, 1814.8556133232016, 1814.8556133232016, 1814.8556133232016, 1814.8556133232016, 1814.8556133232016, 1814.8556133232016, 1814.8556133232016, 1814.8556133232016, 1814.8556133232016, 1814.8556133232016, 1814.8556133232016, 1814.8556133232016, 1814.8556133232016, 1814.8556133232016, 1814.8556133232016, 1814.8556133232016, 1814.8556133232016, 1814.8556133232016, 1814.8556133232016, 1814.8556133232016, 1814.8556133232016, 1814.8556133232016, 1814.8556133232016, 1814.8556133232016, 1814.8556133232016, 1814.8556133232016, 1814.8556133232016, 1814.8556133232016, 1814.8556133232016, 1814.8556133232016, 1814.8556133232016, 1814.8556133232016, 1814.8556133232016, 1814.8556133232016, 1814.8556133232016, 1814.8556133232016, 1814.8556133232016, 1814.8556133232016, 1814.8556133232016, 1814.8556133232016, 1814.8556133232016, 1814.8556133232016, 1814.8556133232016, 1814.8556133232016, 1814.8556133232016, 1814.8556133232016, 1814.8556133232016, 1814.8556133232016, 1814.8556133232016, 1814.8556133232016, 1814.8556133232016, 1814.8556133232016, 1814.8556133232016, 1814.8556133232016, 1814.8556133232016, 1814.8556133232016, 1814.8556133232016, 1814.8556133232016, 1814.8556133232016, 1814.8556133232016, 1814.8556133232016, 1814.8556133232016, 1814.8556133232016, 1814.8556133232016, 1814.8556133232016, 1814.8556133232016, 1814.8556133232016, 1814.8556133232016, 1814.8556133232016, 1814.8556133232016, 1814.8556133232016, 1814.8556133232016, 1814.8556133232016, 1814.8556133232016, 1814.8556133232016, 1814.8556133232016, 1814.8556133232016, 1814.8556133232016, 1814.8556133232016, 1814.8556133232016, 1814.8556133232016, 1814.8556133232016, 1814.8556133232016, 1814.8556133232016, 1814.8556133232016, 1814.8556133232016, 1814.8556133232016, 1814.8556133232016, 1814.8556133232016, 1814.8556133232016, 1814.8556133232016, 1814.8556133232016, 1814.8556133232016, 1814.8556133232016, 1814.8556133232016, 1814.8556133232016, 1814.8556133232016, 1814.8556133232016, 1814.8556133232016, 1814.8556133232016, 1814.8556133232016, 1814.8556133232016, 1814.8556133232016, 1814.8556133232016, 1814.8556133232016, 1814.8556133232016, 1814.8556133232016, 1814.8556133232016, 1814.8556133232016, 1814.8556133232016, 1814.8556133232016, 1814.8556133232016, 1814.8556133232016, 1814.8556133232016, 1814.8556133232016, 1814.8556133232016, 1814.8556133232016, 1814.8556133232016, 1814.8556133232016, 1814.8556133232016, 1814.8556133232016, 1814.8556133232016, 1814.8556133232016, 1814.8556133232016, 1814.8556133232016, 1814.8556133232016, 1814.8556133232016, 1814.8556133232016, 1814.8556133232016, 1814.8556133232016, 1814.8556133232016, 1814.8556133232016, 1814.8556133232016, 1814.8556133232016, 1814.8556133232016, 1814.8556133232016, 1814.8556133232016, 1814.8556133232016, 1814.8556133232016, 1814.8556133232016, 1814.8556133232016, 1814.8556133232016, 1814.8556133232016, 1814.8556133232016, 1814.8556133232016, 1814.8556133232016, 1814.8556133232016, 1814.8556133232016, 1814.8556133232016, 1814.8556133232016, 1814.8556133232016, 1814.8556133232016, 1814.8556133232016, 1814.8556133232016, 1814.8556133232016, 1814.8556133232016, 1814.8556133232016, 1814.8556133232016, 1814.8556133232016, 1814.8556133232016, 1814.8556133232016, 1814.8556133232016, 1814.8556133232016, 1814.8556133232016, 1814.8556133232016, 1814.8556133232016, 1814.8556133232016, 1814.8556133232016, 1814.8556133232016, 1814.8556133232016, 1814.8556133232016, 1814.8556133232016, 1814.8556133232016, 1814.8556133232016, 1814.8556133232016, 1814.8556133232016, 1814.8556133232016, 1814.8556133232016, 1814.8556133232016, 1814.8556133232016, 1814.8556133232016, 1814.8556133232016, 1814.8556133232016, 1814.8556133232016, 1814.8556133232016, 1814.8556133232016, 1814.8556133232016, 1814.8556133232016, 1814.8556133232016, 1814.8556133232016, 1814.8556133232016, 1814.8556133232016, 1814.8556133232016, 1814.8556133232016, 1814.8556133232016, 1814.8556133232016, 1814.8556133232016, 1814.8556133232016, 1814.8556133232016, 1814.8556133232016, 1814.8556133232016, 1814.8556133232016, 1814.8556133232016, 1814.8556133232016, 1814.8556133232016, 1814.8556133232016, 1814.8556133232016, 1814.8556133232016, 1814.8556133232016, 1814.8556133232016, 1814.8556133232016, 1814.8556133232016, 1814.8556133232016, 1814.8556133232016, 1814.8556133232016, 1814.8556133232016, 1814.8556133232016, 1814.8556133232016, 1814.8556133232016, 1814.8556133232016, 1814.8556133232016, 1814.8556133232016, 1814.8556133232016, 1814.8556133232016, 1814.8556133232016, 1814.8556133232016, 1814.8556133232016, 1814.8556133232016, 1814.8556133232016, 1814.8556133232016, 1814.8556133232016, 1814.8556133232016, 1814.8556133232016, 1814.8556133232016, 1814.8556133232016, 1814.8556133232016, 1814.8556133232016, 1814.8556133232016, 1814.8556133232016, 1814.8556133232016, 1814.8556133232016, 1814.8556133232016, 1814.8556133232016, 1814.8556133232016, 1814.8556133232016, 1814.8556133232016, 1814.8556133232016, 1814.8556133232016, 1814.8556133232016, 1814.8556133232016, 1814.8556133232016, 1814.8556133232016, 1814.8556133232016, 1814.8556133232016, 1814.8556133232016, 1814.8556133232016, 1814.8556133232016, 1814.8556133232016, 1814.8556133232016, 1814.8556133232016, 1814.8556133232016, 1814.8556133232016, 1814.8556133232016, 1814.8556133232016, 1814.8556133232016, 1814.8556133232016, 1814.8556133232016, 1814.8556133232016, 1814.8556133232016, 1814.8556133232016, 1814.8556133232016, 1814.8556133232016, 1814.8556133232016, 1814.8556133232016, 1814.8556133232016, 1814.8556133232016, 1814.8556133232016, 1814.8556133232016, 1814.8556133232016, 1814.8556133232016, 1814.8556133232016, 1814.8556133232016, 1814.8556133232016, 1814.8556133232016, 1814.8556133232016, 1814.8556133232016, 1814.8556133232016, 1814.8556133232016, 1814.8556133232016, 1814.8556133232016, 1814.8556133232016, 1814.8556133232016, 1814.8556133232016, 1814.8556133232016, 1814.8556133232016, 1814.8556133232016, 1814.8556133232016, 1814.8556133232016, 1814.8556133232016, 1814.8556133232016, 1814.8556133232016, 1814.8556133232016, 1814.8556133232016, 1814.8556133232016, 1814.8556133232016, 1814.8556133232016, 1814.8556133232016, 1814.8556133232016, 1814.8556133232016, 1814.8556133232016, 1814.8556133232016, 1814.8556133232016, 1814.8556133232016, 1814.8556133232016, 1814.8556133232016, 1814.8556133232016, 1814.8556133232016, 1814.8556133232016, 1814.8556133232016, 1814.8556133232016, 1814.8556133232016, 1814.8556133232016, 1814.8556133232016, 1814.8556133232016, 1814.8556133232016, 1814.8556133232016, 1814.8556133232016, 1814.8556133232016, 1814.8556133232016, 1814.8556133232016, 1814.8556133232016, 1814.8556133232016, 1814.8556133232016, 1814.8556133232016, 1814.8556133232016, 1814.8556133232016, 1814.8556133232016, 1814.8556133232016, 1814.8556133232016, 1814.8556133232016, 1814.8556133232016, 1814.8556133232016, 1814.8556133232016, 1814.8556133232016, 1814.8556133232016, 1814.8556133232016, 1814.8556133232016, 1814.8556133232016, 1814.8556133232016, 1814.8556133232016, 1814.8556133232016, 1814.8556133232016, 1814.8556133232016, 1814.8556133232016, 1814.8556133232016, 1814.8556133232016, 1814.8556133232016, 1814.8556133232016, 1814.8556133232016, 1814.8556133232016, 1814.8556133232016, 1814.8556133232016, 1814.8556133232016, 1814.8556133232016, 1814.8556133232016, 1814.8556133232016, 1814.8556133232016, 1814.8556133232016, 1814.8556133232016, 1814.8556133232016, 1814.8556133232016, 1814.8556133232016, 1814.8556133232016, 1814.8556133232016, 1814.8556133232016, 1814.8556133232016, 1814.8556133232016, 1814.8556133232016, 1814.8556133232016, 1814.8556133232016, 1814.8556133232016, 1814.8556133232016, 1814.8556133232016, 1814.8556133232016, 1814.8556133232016, 1814.8556133232016, 1814.8556133232016, 1814.8556133232016, 1814.8556133232016, 1814.8556133232016, 1814.8556133232016, 1814.8556133232016, 1814.8556133232016, 1814.8556133232016, 1814.8556133232016, 1814.8556133232016, 1814.8556133232016, 1814.8556133232016, 1814.8556133232016, 1814.8556133232016, 1814.8556133232016, 1814.8556133232016, 1814.8556133232016, 1814.8556133232016, 1814.8556133232016, 1814.8556133232016, 1814.8556133232016, 1814.8556133232016, 1814.8556133232016, 1814.8556133232016, 1814.8556133232016, 1814.8556133232016, 1814.8556133232016, 1814.8556133232016, 1814.8556133232016, 1814.8556133232016, 1814.8556133232016, 1814.8556133232016, 1814.8556133232016, 1814.8556133232016, 1814.8556133232016, 1814.8556133232016, 1814.8556133232016, 1814.8556133232016, 1814.8556133232016, 1814.8556133232016, 1814.8556133232016, 1814.8556133232016, 1814.8556133232016, 1814.8556133232016, 1814.8556133232016, 1814.8556133232016, 1814.8556133232016, 1814.8556133232016, 1814.8556133232016, 1814.8556133232016, 1814.8556133232016, 1814.8556133232016, 1814.8556133232016, 1814.8556133232016, 1814.8556133232016, 1814.8556133232016, 1814.8556133232016, 1814.8556133232016, 1814.8556133232016, 1814.8556133232016, 1814.8556133232016, 1814.8556133232016, 1814.8556133232016, 1814.8556133232016, 1814.8556133232016, 1814.8556133232016, 1814.8556133232016, 1814.8556133232016, 1814.8556133232016, 1814.8556133232016, 1814.8556133232016, 1814.8556133232016, 1814.8556133232016, 1814.8556133232016, 1814.8556133232016, 1814.8556133232016, 1814.8556133232016, 1814.8556133232016, 1814.8556133232016, 1814.8556133232016, 1814.8556133232016, 1814.8556133232016, 1814.8556133232016, 1814.8556133232016, 1814.8556133232016, 1814.8556133232016, 1814.8556133232016, 1814.8556133232016, 1814.8556133232016, 1814.8556133232016, 1814.8556133232016, 1814.8556133232016, 1814.8556133232016, 1814.8556133232016, 1814.8556133232016, 1814.8556133232016, 1814.8556133232016, 1814.8556133232016, 1814.8556133232016, 1814.8556133232016, 1814.8556133232016, 1814.8556133232016, 1814.8556133232016, 1814.8556133232016, 1814.8556133232016, 1814.8556133232016, 1814.8556133232016, 1814.8556133232016, 1814.8556133232016, 1814.8556133232016, 1814.8556133232016, 1814.8556133232016, 1814.8556133232016, 1814.8556133232016, 1814.8556133232016, 1814.8556133232016, 1814.8556133232016, 1814.8556133232016, 1814.8556133232016, 1814.8556133232016, 1814.8556133232016, 1814.8556133232016, 1814.8556133232016, 1814.8556133232016, 1814.8556133232016, 1814.8556133232016, 1814.8556133232016, 1814.8556133232016, 1814.8556133232016, 1814.8556133232016, 1814.8556133232016]
Computational time : 543.81099987