Name : Ahmed ElMousel
Problem : X-n115-k10 
Whale Algorithm 
cost : 752.952474175
Routes : 
1->27->13->41->1
1->76->46->30->49->48->22->29->63->74->34->7->1
1->68->8->36->54->15->20->55->14->28->53->35->1
1->69->3->2->44->42->43->65->23->62->75->31->5->1
1->18->4->45->33->51->19->25->50->57->24->64->17->52->1
1->59->73->40->10->26->56->32->11->12->9->47->1
1->6->37->70->72->61->71->21->38->16->58->60->67->66->39->1
best solutions : 
[811.9502063558625, 807.4802418673004, 803.787931596012, 803.787931596012, 803.787931596012, 796.2109391012428, 796.2109391012428, 796.2109391012428, 796.2109391012428, 796.2109391012428, 796.2109391012428, 796.2109391012428, 796.2109391012428, 796.2109391012428, 796.2109391012428, 796.2109391012428, 796.2109391012428, 796.2109391012428, 796.2109391012428, 793.0750568176038, 793.0750568176038, 793.0750568176038, 793.0750568176038, 793.0750568176038, 793.0750568176038, 793.0750568176038, 793.0750568176038, 789.5388004904036, 789.5388004904036, 789.5388004904036, 789.5388004904036, 789.5388004904036, 789.5388004904036, 789.5388004904036, 789.5388004904036, 789.5388004904036, 789.5388004904036, 789.5388004904036, 789.5388004904036, 789.5388004904036, 787.707310514054, 787.707310514054, 787.707310514054, 787.707310514054, 787.707310514054, 787.707310514054, 787.707310514054, 787.707310514054, 787.707310514054, 787.707310514054, 787.3787224658979, 787.3787224658979, 786.6599186529975, 786.6599186529975, 786.6599186529975, 786.6599186529975, 786.6599186529975, 786.6599186529975, 785.4999388301085, 785.4999388301085, 785.4999388301085, 784.5196785964749, 784.5196785964749, 784.5196785964749, 784.2349574420955, 775.8988786488787, 775.8988786488787, 775.8988786488787, 775.8988786488787, 775.8988786488787, 775.8988786488787, 775.8988786488787, 775.8988786488787, 775.8988786488787, 775.8988786488787, 775.8988786488787, 775.8988786488787, 775.8988786488787, 775.8988786488787, 775.8988786488787, 775.8988786488787, 775.8988786488787, 775.8988786488787, 775.8988786488787, 775.8988786488787, 775.8988786488787, 775.8988786488787, 775.8988786488787, 775.8988786488787, 775.8988786488787, 775.8988786488787, 775.8674395603, 775.8674395603, 775.8674395603, 775.5366718419032, 775.5366718419032, 775.5366718419032, 775.5366718419032, 771.1130079536069, 771.1130079536069, 771.1130079536069, 771.1130079536069, 771.1130079536069, 771.1130079536069, 771.1130079536069, 771.1130079536069, 771.1130079536069, 771.1130079536069, 771.1130079536069, 771.1130079536069, 771.1130079536069, 771.1130079536069, 771.1130079536069, 771.1130079536069, 771.1130079536069, 771.1130079536069, 771.1130079536069, 771.1130079536069, 771.1130079536069, 771.1130079536069, 771.1130079536069, 771.1130079536069, 771.1130079536069, 771.1130079536069, 771.1130079536069, 771.1130079536069, 766.5148230883615, 766.5148230883615, 766.5148230883615, 766.5148230883615, 766.5148230883615, 766.5148230883615, 766.5148230883615, 766.5148230883615, 766.5148230883615, 766.5148230883615, 766.5148230883615, 766.5148230883615, 766.5148230883615, 766.5148230883615, 766.5148230883615, 766.5148230883615, 766.5148230883615, 766.5148230883615, 761.8696119657675, 761.8696119657675, 761.8696119657675, 761.8696119657675, 761.8696119657675, 761.8696119657675, 761.8696119657675, 761.8696119657675, 761.8696119657675, 761.8696119657675, 761.8696119657675, 761.8696119657675, 761.8696119657675, 761.8696119657675, 761.8696119657675, 761.8696119657675, 761.8696119657675, 761.8696119657675, 761.8696119657675, 761.8696119657675, 761.8696119657675, 761.8696119657675, 761.8696119657675, 761.8696119657675, 761.8696119657675, 761.8696119657675, 761.8696119657675, 761.8696119657675, 761.8696119657675, 761.8696119657675, 761.8696119657675, 761.8696119657675, 761.8696119657675, 761.8696119657675, 761.8696119657675, 761.8696119657675, 761.8696119657675, 761.8696119657675, 761.8696119657675, 761.8696119657675, 761.8696119657675, 760.617279176862, 760.617279176862, 760.617279176862, 760.617279176862, 760.617279176862, 760.617279176862, 760.617279176862, 760.617279176862, 760.617279176862, 760.617279176862, 760.617279176862, 760.617279176862, 760.617279176862, 760.617279176862, 760.617279176862, 760.617279176862, 760.617279176862, 760.617279176862, 760.617279176862, 760.617279176862, 760.617279176862, 760.617279176862, 760.617279176862, 760.617279176862, 760.617279176862, 760.617279176862, 760.617279176862, 760.617279176862, 760.617279176862, 760.617279176862, 760.617279176862, 760.617279176862, 760.617279176862, 760.617279176862, 760.617279176862, 760.617279176862, 760.617279176862, 760.617279176862, 760.617279176862, 760.617279176862, 760.617279176862, 760.617279176862, 760.617279176862, 760.617279176862, 760.617279176862, 760.617279176862, 760.617279176862, 760.617279176862, 760.617279176862, 760.617279176862, 760.617279176862, 760.617279176862, 760.617279176862, 760.617279176862, 760.617279176862, 760.617279176862, 760.617279176862, 760.617279176862, 760.617279176862, 760.617279176862, 760.617279176862, 760.617279176862, 760.617279176862, 760.617279176862, 760.617279176862, 760.617279176862, 760.617279176862, 760.617279176862, 760.617279176862, 760.617279176862, 760.617279176862, 760.617279176862, 760.617279176862, 760.617279176862, 760.617279176862, 760.617279176862, 760.617279176862, 760.617279176862, 760.617279176862, 760.617279176862, 760.617279176862, 760.617279176862, 760.617279176862, 760.617279176862, 760.617279176862, 760.617279176862, 760.617279176862, 760.617279176862, 760.617279176862, 760.617279176862, 760.617279176862, 760.617279176862, 760.617279176862, 760.617279176862, 760.617279176862, 760.617279176862, 760.617279176862, 760.617279176862, 760.617279176862, 760.617279176862, 760.617279176862, 760.617279176862, 760.617279176862, 760.617279176862, 760.617279176862, 760.617279176862, 760.617279176862, 760.617279176862, 760.617279176862, 760.617279176862, 760.617279176862, 760.617279176862, 760.617279176862, 760.617279176862, 760.617279176862, 760.617279176862, 760.617279176862, 760.617279176862, 760.617279176862, 760.617279176862, 760.617279176862, 760.617279176862, 760.617279176862, 760.617279176862, 760.617279176862, 760.617279176862, 760.617279176862, 760.617279176862, 760.617279176862, 760.617279176862, 760.617279176862, 760.617279176862, 760.617279176862, 760.617279176862, 760.617279176862, 760.617279176862, 760.617279176862, 760.617279176862, 760.617279176862, 760.617279176862, 760.617279176862, 760.617279176862, 760.617279176862, 760.617279176862, 760.617279176862, 760.617279176862, 760.617279176862, 760.617279176862, 760.617279176862, 760.617279176862, 760.617279176862, 760.617279176862, 760.617279176862, 760.617279176862, 760.617279176862, 760.617279176862, 760.617279176862, 760.617279176862, 760.617279176862, 760.617279176862, 760.617279176862, 760.617279176862, 760.617279176862, 760.617279176862, 760.617279176862, 760.617279176862, 760.617279176862, 760.617279176862, 760.617279176862, 760.617279176862, 760.617279176862, 760.617279176862, 760.617279176862, 760.617279176862, 760.617279176862, 760.617279176862, 760.617279176862, 760.617279176862, 760.617279176862, 760.617279176862, 760.617279176862, 760.617279176862, 760.617279176862, 760.617279176862, 760.617279176862, 760.617279176862, 760.617279176862, 760.617279176862, 760.617279176862, 760.617279176862, 760.617279176862, 760.617279176862, 760.617279176862, 760.617279176862, 760.617279176862, 760.617279176862, 760.617279176862, 760.617279176862, 760.617279176862, 760.617279176862, 760.617279176862, 760.617279176862, 760.617279176862, 760.617279176862, 760.617279176862, 760.617279176862, 760.617279176862, 760.617279176862, 760.617279176862, 760.617279176862, 760.617279176862, 760.617279176862, 760.617279176862, 760.617279176862, 760.617279176862, 757.4404720182495, 757.4404720182495, 757.4404720182495, 757.4404720182495, 757.4404720182495, 757.4404720182495, 757.4404720182495, 757.4404720182495, 757.4404720182495, 757.4404720182495, 757.4404720182495, 757.4404720182495, 757.4404720182495, 757.4404720182495, 757.4404720182495, 757.4404720182495, 757.4404720182495, 757.4404720182495, 757.4404720182495, 757.4404720182495, 757.4404720182495, 757.4404720182495, 757.4404720182495, 757.4404720182495, 757.4404720182495, 757.4404720182495, 757.4404720182495, 757.4404720182495, 757.4404720182495, 757.4404720182495, 757.4404720182495, 757.4404720182495, 757.4404720182495, 757.4404720182495, 757.4404720182495, 757.4404720182495, 757.4404720182495, 757.4404720182495, 757.4404720182495, 757.4404720182495, 757.4404720182495, 757.4404720182495, 757.4404720182495, 757.4404720182495, 757.2691155838847, 757.2691155838847, 757.2691155838847, 757.2691155838847, 757.2691155838847, 757.2691155838847, 757.2691155838847, 757.2691155838847, 757.2691155838847, 757.2691155838847, 757.2691155838847, 757.2691155838847, 757.2691155838847, 757.2691155838847, 757.2691155838847, 757.2691155838847, 757.2691155838847, 757.2691155838847, 757.2691155838847, 757.2691155838847, 757.2691155838847, 757.2691155838847, 757.2691155838847, 757.2691155838847, 757.2691155838847, 757.2691155838847, 757.2691155838847, 757.2691155838847, 757.2691155838847, 757.2691155838847, 757.2691155838847, 757.2691155838847, 757.2691155838847, 757.2691155838847, 757.2691155838847, 757.2691155838847, 757.2691155838847, 757.2691155838847, 757.2691155838847, 757.2691155838847, 757.2691155838847, 757.2691155838847, 757.2691155838847, 757.2691155838847, 757.2691155838847, 757.2691155838847, 757.2691155838847, 757.2691155838847, 757.2691155838847, 757.2691155838847, 757.2691155838847, 757.2691155838847, 757.2691155838847, 757.2691155838847, 757.2691155838847, 757.2691155838847, 757.2691155838847, 757.2691155838847, 757.2691155838847, 757.2691155838847, 757.2691155838847, 757.2691155838847, 757.2691155838847, 757.2691155838847, 757.2691155838847, 757.2691155838847, 757.2691155838847, 757.2691155838847, 757.2691155838847, 757.2691155838847, 757.2691155838847, 757.2691155838847, 757.2691155838847, 757.2691155838847, 757.2691155838847, 757.2691155838847, 757.2691155838847, 757.2691155838847, 757.2691155838847, 757.2691155838847, 757.2691155838847, 757.2691155838847, 757.2691155838847, 757.2691155838847, 757.2691155838847, 757.2691155838847, 757.2691155838847, 757.2691155838847, 757.2691155838847, 757.2691155838847, 757.2691155838847, 757.2691155838847, 757.2691155838847, 757.2691155838847, 757.2691155838847, 757.2691155838847, 757.2691155838847, 757.2691155838847, 757.2691155838847, 757.2691155838847, 757.2691155838847, 757.2691155838847, 757.2691155838847, 757.2691155838847, 757.2691155838847, 757.2691155838847, 757.2691155838847, 757.2691155838847, 757.2691155838847, 757.2691155838847, 757.2691155838847, 757.2691155838847, 757.2691155838847, 757.2691155838847, 757.2691155838847, 757.2691155838847, 757.2691155838847, 757.2691155838847, 757.2691155838847, 757.2691155838847, 757.2691155838847, 757.2691155838847, 757.2691155838847, 757.2691155838847, 757.2691155838847, 757.2691155838847, 757.2691155838847, 757.2691155838847, 757.2691155838847, 757.2691155838847, 757.2691155838847, 757.2691155838847, 757.2691155838847, 757.2691155838847, 757.2691155838847, 757.2691155838847, 757.2691155838847, 757.2691155838847, 757.2691155838847, 757.2691155838847, 757.2691155838847, 757.2691155838847, 757.2691155838847, 757.2691155838847, 757.2691155838847, 757.2691155838847, 757.2691155838847, 757.2691155838847, 757.2691155838847, 757.2691155838847, 757.2691155838847, 757.2691155838847, 757.2691155838847, 757.2691155838847, 757.2691155838847, 756.9145812203897, 756.9145812203897, 756.9145812203897, 756.9145812203897, 756.9145812203897, 756.9145812203897, 756.9145812203897, 756.9145812203897, 756.9145812203897, 756.9145812203897, 756.9145812203897, 756.9145812203897, 756.9145812203897, 756.9145812203897, 756.9145812203897, 756.9145812203897, 756.9145812203897, 756.9145812203897, 756.9145812203897, 756.9145812203897, 756.9145812203897, 756.9145812203897, 756.9145812203897, 756.9145812203897, 756.9145812203897, 756.9145812203897, 756.9145812203897, 756.9145812203897, 756.9145812203897, 756.9145812203897, 756.9145812203897, 756.9145812203897, 756.9145812203897, 756.9145812203897, 756.9145812203897, 756.9145812203897, 756.9145812203897, 756.9145812203897, 756.9145812203897, 756.9145812203897, 755.079220635713, 755.079220635713, 755.079220635713, 755.079220635713, 755.079220635713, 755.079220635713, 755.079220635713, 755.079220635713, 755.079220635713, 755.079220635713, 755.079220635713, 755.079220635713, 755.079220635713, 755.079220635713, 755.079220635713, 755.079220635713, 755.079220635713, 755.079220635713, 755.079220635713, 755.079220635713, 755.079220635713, 755.079220635713, 755.079220635713, 755.079220635713, 755.079220635713, 755.079220635713, 755.079220635713, 755.079220635713, 755.079220635713, 755.079220635713, 755.079220635713, 755.079220635713, 755.079220635713, 755.079220635713, 755.079220635713, 755.079220635713, 755.079220635713, 755.079220635713, 755.079220635713, 755.079220635713, 755.079220635713, 755.079220635713, 755.079220635713, 755.079220635713, 755.079220635713, 755.079220635713, 755.079220635713, 755.079220635713, 755.079220635713, 755.079220635713, 755.079220635713, 755.079220635713, 755.079220635713, 755.079220635713, 755.079220635713, 755.079220635713, 755.079220635713, 755.079220635713, 755.079220635713, 755.079220635713, 755.079220635713, 755.079220635713, 755.079220635713, 755.079220635713, 755.079220635713, 755.079220635713, 755.079220635713, 755.079220635713, 755.079220635713, 755.079220635713, 755.079220635713, 755.079220635713, 755.079220635713, 755.079220635713, 755.079220635713, 755.079220635713, 755.079220635713, 755.079220635713, 755.079220635713, 755.079220635713, 755.079220635713, 755.079220635713, 755.079220635713, 755.079220635713, 755.079220635713, 755.079220635713, 755.079220635713, 755.079220635713, 755.079220635713, 755.079220635713, 755.079220635713, 755.079220635713, 755.079220635713, 755.079220635713, 755.079220635713, 755.079220635713, 755.079220635713, 755.079220635713, 755.079220635713, 755.079220635713, 755.079220635713, 755.079220635713, 755.079220635713, 755.079220635713, 755.079220635713, 755.079220635713, 755.079220635713, 755.079220635713, 755.079220635713, 755.079220635713, 755.079220635713, 755.079220635713, 755.079220635713, 755.079220635713, 755.079220635713, 755.079220635713, 755.079220635713, 755.079220635713, 755.079220635713, 755.079220635713, 755.079220635713, 755.079220635713, 755.079220635713, 755.079220635713, 755.079220635713, 755.079220635713, 755.079220635713, 755.079220635713, 755.079220635713, 755.079220635713, 755.079220635713, 755.079220635713, 755.079220635713, 755.079220635713, 755.079220635713, 755.079220635713, 755.079220635713, 755.079220635713, 755.079220635713, 755.079220635713, 755.079220635713, 755.079220635713, 755.079220635713, 755.079220635713, 755.079220635713, 755.079220635713, 755.079220635713, 755.079220635713, 755.079220635713, 755.079220635713, 755.079220635713, 755.079220635713, 755.079220635713, 755.079220635713, 755.079220635713, 755.079220635713, 755.079220635713, 755.079220635713, 755.079220635713, 755.079220635713, 755.079220635713, 755.079220635713, 755.079220635713, 755.079220635713, 755.079220635713, 755.079220635713, 755.079220635713, 755.079220635713, 755.079220635713, 755.079220635713, 755.079220635713, 755.079220635713, 755.079220635713, 755.079220635713, 755.079220635713, 755.079220635713, 755.079220635713, 755.079220635713, 755.079220635713, 755.079220635713, 755.079220635713, 755.079220635713, 755.079220635713, 755.079220635713, 755.079220635713, 755.079220635713, 755.079220635713, 755.079220635713, 755.079220635713, 755.079220635713, 755.079220635713, 755.079220635713, 755.079220635713, 755.079220635713, 755.079220635713, 755.079220635713, 755.079220635713, 755.079220635713, 755.079220635713, 755.079220635713, 755.079220635713, 755.079220635713, 755.079220635713, 755.079220635713, 755.079220635713, 755.079220635713, 755.079220635713, 755.079220635713, 755.079220635713, 755.079220635713, 755.079220635713, 755.079220635713, 755.079220635713, 755.079220635713, 755.079220635713, 755.079220635713, 755.079220635713, 755.079220635713, 755.079220635713, 755.079220635713, 755.079220635713, 755.079220635713, 755.079220635713, 755.079220635713, 755.079220635713, 755.079220635713, 755.079220635713, 755.079220635713, 755.079220635713, 755.079220635713, 755.079220635713, 755.079220635713, 755.079220635713, 755.079220635713, 755.079220635713, 755.079220635713, 755.079220635713, 755.079220635713, 755.079220635713, 755.079220635713, 755.079220635713, 755.079220635713, 755.079220635713, 755.079220635713, 755.079220635713, 755.079220635713, 755.079220635713, 755.079220635713, 755.079220635713, 755.079220635713, 755.079220635713, 755.079220635713, 755.079220635713, 755.079220635713, 755.079220635713, 755.079220635713, 755.079220635713, 755.079220635713, 755.079220635713, 755.079220635713, 755.079220635713, 755.079220635713, 755.079220635713, 755.079220635713, 755.079220635713, 755.079220635713, 755.079220635713, 755.079220635713, 755.079220635713, 755.079220635713, 755.079220635713, 755.079220635713, 755.079220635713, 755.079220635713, 755.079220635713, 755.079220635713, 755.079220635713, 755.079220635713, 755.079220635713, 755.079220635713, 755.079220635713, 755.079220635713, 755.079220635713, 755.079220635713, 755.079220635713, 755.079220635713, 755.079220635713, 755.079220635713, 755.079220635713, 755.079220635713, 755.079220635713, 755.079220635713, 755.079220635713, 755.079220635713, 755.079220635713, 755.079220635713, 755.079220635713, 755.079220635713, 755.079220635713, 755.079220635713, 755.079220635713, 755.079220635713, 755.079220635713, 755.079220635713, 755.079220635713, 755.079220635713, 755.079220635713, 755.079220635713, 755.079220635713, 755.079220635713, 755.079220635713, 755.079220635713, 755.079220635713, 755.079220635713, 755.079220635713, 755.079220635713, 755.079220635713, 755.079220635713, 755.079220635713, 755.079220635713, 755.079220635713, 755.079220635713, 755.079220635713, 755.079220635713, 755.079220635713, 755.079220635713, 755.079220635713, 755.079220635713, 755.079220635713, 755.079220635713, 755.079220635713, 755.079220635713, 755.079220635713, 755.079220635713, 755.079220635713, 755.079220635713, 755.079220635713, 755.079220635713, 755.079220635713, 755.079220635713, 755.079220635713, 755.079220635713, 755.079220635713, 755.079220635713, 755.079220635713, 755.079220635713, 755.079220635713, 755.079220635713, 755.079220635713, 755.079220635713, 755.079220635713, 755.079220635713, 755.079220635713, 755.079220635713, 755.079220635713, 755.079220635713, 755.079220635713, 755.079220635713, 755.079220635713, 755.079220635713, 755.079220635713, 755.079220635713, 755.079220635713, 755.079220635713, 755.079220635713, 755.079220635713, 755.079220635713, 755.079220635713, 755.079220635713, 755.079220635713, 755.079220635713, 755.079220635713, 755.079220635713, 755.079220635713, 755.079220635713, 755.079220635713, 755.079220635713, 755.079220635713, 755.079220635713, 755.079220635713, 755.079220635713, 755.079220635713, 755.079220635713, 755.079220635713, 755.079220635713, 755.079220635713, 755.079220635713, 755.079220635713, 755.079220635713, 755.079220635713, 755.079220635713, 755.079220635713, 755.079220635713, 755.079220635713, 755.079220635713, 755.079220635713, 755.079220635713, 755.079220635713, 755.079220635713, 755.079220635713, 755.079220635713, 755.079220635713, 755.079220635713, 755.079220635713, 755.079220635713, 755.079220635713, 755.079220635713, 755.079220635713, 755.079220635713, 755.079220635713, 755.079220635713, 755.079220635713, 755.079220635713, 755.079220635713, 755.079220635713, 755.079220635713, 755.079220635713, 755.079220635713, 755.079220635713, 755.079220635713, 755.079220635713, 755.079220635713, 755.079220635713, 755.079220635713, 755.079220635713, 755.079220635713, 755.079220635713, 755.079220635713, 755.079220635713, 755.079220635713, 755.079220635713, 755.079220635713, 755.079220635713, 755.079220635713, 755.079220635713, 755.079220635713, 755.079220635713, 755.079220635713, 755.079220635713, 755.079220635713, 755.079220635713, 755.079220635713, 755.079220635713, 755.079220635713, 755.079220635713, 755.079220635713, 755.079220635713, 755.079220635713, 755.079220635713, 755.079220635713, 755.079220635713, 755.079220635713, 755.079220635713, 755.079220635713, 755.079220635713, 755.079220635713, 755.079220635713, 755.079220635713, 755.079220635713, 755.079220635713, 755.079220635713, 755.079220635713, 755.079220635713, 755.079220635713, 755.079220635713, 755.079220635713, 755.079220635713, 755.079220635713, 755.079220635713, 755.079220635713, 755.079220635713, 755.079220635713, 755.079220635713, 755.079220635713, 755.079220635713, 755.079220635713, 755.079220635713, 755.079220635713, 755.079220635713, 755.079220635713, 755.079220635713, 755.079220635713, 755.079220635713, 755.079220635713, 755.079220635713, 755.079220635713, 755.079220635713, 755.079220635713, 755.079220635713, 755.079220635713, 755.079220635713, 755.079220635713, 755.079220635713, 755.079220635713, 755.079220635713, 755.079220635713, 755.079220635713, 755.079220635713, 755.079220635713, 755.079220635713, 755.079220635713, 755.079220635713, 755.079220635713, 755.079220635713, 755.079220635713, 755.079220635713, 755.079220635713, 755.079220635713, 755.079220635713, 755.079220635713, 755.079220635713, 755.079220635713, 755.079220635713, 755.079220635713, 755.079220635713, 755.079220635713, 755.079220635713, 755.079220635713, 755.079220635713, 755.079220635713, 755.079220635713, 755.079220635713, 755.079220635713, 755.079220635713, 755.079220635713, 755.079220635713, 755.079220635713, 755.079220635713, 755.079220635713, 755.079220635713, 755.079220635713, 755.079220635713, 755.079220635713, 755.079220635713, 755.079220635713, 755.079220635713, 755.079220635713, 755.079220635713, 755.079220635713, 755.079220635713, 755.079220635713, 755.079220635713, 755.079220635713, 755.079220635713, 755.079220635713, 755.079220635713, 755.079220635713, 755.079220635713, 755.079220635713, 755.079220635713, 755.079220635713, 755.079220635713, 755.079220635713, 755.079220635713, 755.079220635713, 755.079220635713, 755.079220635713, 755.079220635713, 755.079220635713, 755.079220635713, 755.079220635713, 755.079220635713, 755.079220635713, 755.079220635713, 755.079220635713, 755.079220635713, 755.079220635713, 755.079220635713, 755.079220635713, 755.079220635713, 755.079220635713, 755.079220635713, 755.079220635713, 755.079220635713, 755.079220635713, 755.079220635713, 755.079220635713, 755.079220635713, 755.079220635713, 755.079220635713, 755.079220635713, 755.079220635713, 755.079220635713, 755.079220635713, 755.079220635713, 755.079220635713, 755.079220635713, 755.079220635713, 755.079220635713, 755.079220635713, 755.079220635713, 755.079220635713, 755.079220635713, 755.079220635713, 755.079220635713, 755.079220635713, 755.079220635713, 755.079220635713, 755.079220635713, 755.079220635713, 755.079220635713, 755.079220635713, 755.079220635713, 755.079220635713, 755.079220635713, 755.079220635713, 755.079220635713, 755.079220635713, 755.079220635713, 755.079220635713, 755.079220635713, 755.079220635713, 755.079220635713, 755.079220635713, 755.079220635713, 755.079220635713, 755.079220635713, 755.079220635713, 755.079220635713, 755.079220635713, 755.079220635713, 755.079220635713, 755.079220635713, 755.079220635713, 755.079220635713, 755.079220635713, 755.079220635713, 755.079220635713, 755.079220635713, 755.079220635713, 755.079220635713, 755.079220635713, 755.079220635713, 755.079220635713, 755.079220635713, 755.079220635713, 755.079220635713, 755.079220635713, 755.079220635713, 755.079220635713, 755.079220635713, 755.079220635713, 755.079220635713, 755.079220635713, 755.079220635713, 755.079220635713, 755.079220635713, 755.079220635713, 755.079220635713, 755.079220635713, 755.079220635713, 755.079220635713, 755.079220635713, 755.079220635713, 755.079220635713, 755.079220635713, 755.079220635713, 755.079220635713, 755.079220635713, 755.079220635713, 755.079220635713, 755.079220635713, 755.079220635713, 755.079220635713, 755.079220635713, 755.079220635713, 755.079220635713, 755.079220635713, 755.079220635713, 755.079220635713, 755.079220635713, 755.079220635713, 755.079220635713, 755.079220635713, 755.079220635713, 755.079220635713, 755.079220635713, 755.079220635713, 755.079220635713, 755.079220635713, 755.079220635713, 755.079220635713, 755.079220635713, 755.079220635713, 755.079220635713, 755.079220635713, 755.079220635713, 755.079220635713, 755.079220635713, 755.079220635713, 755.079220635713, 755.079220635713, 755.079220635713, 755.079220635713, 755.079220635713, 755.079220635713, 755.079220635713, 755.079220635713, 755.079220635713, 755.079220635713, 755.079220635713, 755.079220635713, 755.079220635713, 755.079220635713, 755.079220635713, 755.079220635713, 755.079220635713, 755.079220635713, 755.079220635713, 755.079220635713, 755.079220635713, 755.079220635713, 755.079220635713, 755.079220635713, 755.079220635713, 755.079220635713, 755.079220635713, 755.079220635713, 755.079220635713, 755.079220635713, 755.079220635713, 755.079220635713, 755.079220635713, 755.079220635713, 755.079220635713, 755.079220635713, 755.079220635713, 755.079220635713, 755.079220635713, 755.079220635713, 755.079220635713, 755.079220635713, 755.079220635713, 755.079220635713, 755.079220635713, 755.079220635713, 755.079220635713, 755.079220635713, 755.079220635713, 755.079220635713, 755.079220635713, 755.079220635713, 755.079220635713, 755.079220635713, 755.079220635713, 755.079220635713, 755.079220635713, 755.079220635713, 755.079220635713, 755.079220635713, 755.079220635713, 755.079220635713, 755.079220635713, 755.079220635713, 755.079220635713, 755.079220635713, 755.079220635713, 755.079220635713, 755.079220635713, 755.079220635713, 755.079220635713, 755.079220635713, 755.079220635713, 755.079220635713, 755.079220635713, 755.079220635713, 755.079220635713, 755.079220635713, 755.079220635713, 755.079220635713, 755.079220635713, 755.079220635713, 755.079220635713, 755.079220635713, 755.079220635713, 755.079220635713, 755.079220635713, 755.079220635713, 755.079220635713, 755.079220635713, 755.079220635713, 755.079220635713, 755.079220635713, 755.079220635713, 755.079220635713, 755.079220635713, 755.079220635713, 755.079220635713, 755.079220635713, 755.079220635713, 755.079220635713, 755.079220635713, 755.079220635713, 755.079220635713, 755.079220635713, 755.079220635713, 755.079220635713, 755.079220635713, 755.079220635713, 755.079220635713, 755.079220635713, 755.079220635713, 755.079220635713, 755.079220635713, 755.079220635713, 755.079220635713, 755.079220635713, 755.079220635713, 755.079220635713, 755.079220635713, 755.079220635713, 755.079220635713, 755.079220635713, 755.079220635713, 755.079220635713, 755.079220635713, 755.079220635713, 755.079220635713, 755.079220635713, 755.079220635713, 755.079220635713, 755.079220635713, 755.079220635713, 755.079220635713, 755.079220635713, 755.079220635713, 755.079220635713, 755.079220635713, 755.079220635713, 755.079220635713, 755.079220635713, 755.079220635713, 755.079220635713, 755.079220635713, 755.079220635713, 755.079220635713, 755.079220635713, 755.079220635713, 755.079220635713, 755.079220635713, 755.079220635713, 755.079220635713, 755.079220635713, 755.079220635713, 755.079220635713, 755.079220635713, 755.079220635713, 755.079220635713, 755.079220635713, 755.079220635713, 755.079220635713, 755.079220635713, 755.079220635713, 755.079220635713, 755.079220635713, 755.079220635713, 755.079220635713, 755.079220635713, 755.079220635713, 755.079220635713, 755.079220635713, 755.079220635713, 755.079220635713, 755.079220635713, 755.079220635713, 755.079220635713, 755.079220635713, 755.079220635713, 755.079220635713, 755.079220635713, 755.079220635713, 755.079220635713, 755.079220635713, 755.079220635713, 755.079220635713, 755.079220635713, 755.079220635713, 755.079220635713, 755.079220635713, 755.079220635713, 755.079220635713, 755.079220635713, 755.079220635713, 755.079220635713, 755.079220635713, 755.079220635713, 755.079220635713, 755.079220635713, 755.079220635713, 755.079220635713, 755.079220635713, 755.079220635713, 755.079220635713, 755.079220635713, 755.079220635713, 755.079220635713, 755.079220635713, 755.079220635713, 755.079220635713, 755.079220635713, 755.079220635713, 755.079220635713, 755.079220635713, 755.079220635713, 755.079220635713, 755.079220635713, 755.079220635713, 755.079220635713, 755.079220635713, 755.079220635713, 755.079220635713, 755.079220635713, 755.079220635713, 755.079220635713, 755.079220635713, 755.079220635713, 755.079220635713, 755.079220635713, 755.079220635713, 755.079220635713, 755.079220635713, 755.079220635713, 755.079220635713, 755.079220635713, 755.079220635713, 755.079220635713, 755.079220635713, 755.079220635713, 755.079220635713, 755.079220635713, 755.079220635713, 755.079220635713, 755.079220635713, 755.079220635713, 755.079220635713, 755.079220635713, 755.079220635713, 755.079220635713, 755.079220635713, 755.079220635713, 755.079220635713, 755.079220635713, 755.079220635713, 755.079220635713, 755.079220635713, 755.079220635713, 755.079220635713, 755.079220635713, 755.079220635713, 755.079220635713, 755.079220635713, 755.079220635713, 755.079220635713, 755.079220635713, 755.079220635713, 755.079220635713, 755.079220635713, 755.079220635713, 755.079220635713, 755.079220635713, 755.079220635713, 755.079220635713, 755.079220635713, 755.079220635713, 755.079220635713, 755.079220635713, 755.079220635713, 755.079220635713, 755.079220635713, 755.079220635713, 755.079220635713, 755.079220635713, 755.079220635713, 755.079220635713, 755.079220635713, 755.079220635713, 755.079220635713, 755.079220635713, 755.079220635713, 755.079220635713, 755.079220635713, 755.079220635713, 755.079220635713, 755.079220635713, 755.079220635713, 755.079220635713, 755.079220635713, 755.079220635713, 755.079220635713, 755.079220635713, 755.079220635713, 755.079220635713, 755.079220635713, 755.079220635713, 755.079220635713, 755.079220635713, 755.079220635713, 755.079220635713, 755.079220635713, 755.079220635713, 755.079220635713, 755.079220635713, 755.079220635713, 755.079220635713, 755.079220635713, 755.079220635713, 755.079220635713, 755.079220635713, 755.079220635713, 755.079220635713, 755.079220635713, 755.079220635713, 755.079220635713, 755.079220635713, 755.079220635713, 755.079220635713, 755.079220635713, 755.079220635713, 755.079220635713, 755.079220635713, 755.079220635713, 755.079220635713, 755.079220635713, 755.079220635713, 755.079220635713, 755.079220635713, 755.079220635713, 755.079220635713, 755.079220635713, 755.079220635713, 755.079220635713, 755.079220635713, 755.079220635713, 755.079220635713, 755.079220635713, 755.079220635713, 755.079220635713, 755.079220635713, 755.079220635713, 755.079220635713, 755.079220635713, 755.079220635713, 755.079220635713, 755.079220635713, 755.079220635713, 755.079220635713, 755.079220635713, 755.079220635713, 755.079220635713, 755.079220635713, 755.079220635713, 755.079220635713, 755.079220635713, 755.079220635713, 755.079220635713, 755.079220635713, 755.079220635713, 755.079220635713, 755.079220635713, 755.079220635713, 755.079220635713, 755.079220635713, 755.079220635713, 755.079220635713, 755.079220635713, 755.079220635713, 755.079220635713, 755.079220635713, 755.079220635713, 755.079220635713, 755.079220635713, 755.079220635713, 755.079220635713, 755.079220635713, 755.079220635713, 755.079220635713, 755.079220635713, 755.079220635713, 755.079220635713, 755.079220635713, 755.079220635713, 755.079220635713, 755.079220635713, 755.079220635713, 755.079220635713, 755.079220635713, 755.079220635713, 755.079220635713, 755.079220635713, 755.079220635713, 755.079220635713, 755.079220635713, 755.079220635713, 755.079220635713, 755.079220635713, 755.079220635713, 755.079220635713, 755.079220635713, 755.079220635713, 755.079220635713, 755.079220635713, 755.079220635713, 755.079220635713, 755.079220635713, 755.079220635713, 755.079220635713, 752.9524741746718, 752.9524741746718, 752.9524741746718, 752.9524741746718, 752.9524741746718, 752.9524741746718, 752.9524741746718, 752.9524741746718, 752.9524741746718, 752.9524741746718, 752.9524741746718, 752.9524741746718, 752.9524741746718, 752.9524741746718, 752.9524741746718, 752.9524741746718, 752.9524741746718, 752.9524741746718, 752.9524741746718, 752.9524741746718, 752.9524741746718, 752.9524741746718, 752.9524741746718, 752.9524741746718, 752.9524741746718, 752.9524741746718, 752.9524741746718, 752.9524741746718, 752.9524741746718, 752.9524741746718, 752.9524741746718, 752.9524741746718, 752.9524741746718, 752.9524741746718, 752.9524741746718, 752.9524741746718, 752.9524741746718, 752.9524741746718, 752.9524741746718, 752.9524741746718, 752.9524741746718, 752.9524741746718, 752.9524741746718, 752.9524741746718, 752.9524741746718, 752.9524741746718, 752.9524741746718, 752.9524741746718, 752.9524741746718, 752.9524741746718, 752.9524741746718, 752.9524741746718, 752.9524741746718, 752.9524741746718, 752.9524741746718, 752.9524741746718, 752.9524741746718, 752.9524741746718, 752.9524741746718, 752.9524741746718, 752.9524741746718, 752.9524741746718, 752.9524741746718]
Computational time : 288.035000086