Name : Ahmed ElMousel
Problem : X-n190-k8 
Whale Algorithm 
cost : 823.162254301
Routes : 
1->11->8->27->1
1->12->25->22->23->33->19->28->1
1->16->9->36->3->35->15->21->1
1->7->4->5->20->32->34->30->31->18->14->2->17->1
1->6->10->29->24->13->26->1
best solutions : 
[855.7489417666068, 855.7489417666068, 855.7489417666068, 855.7489417666068, 855.7489417666068, 844.9223559879426, 844.9223559879426, 844.9223559879426, 831.9206609458552, 831.9206609458552, 831.9206609458552, 826.297611511244, 823.1622543011779, 823.1622543011779, 823.1622543011779, 823.1622543011779, 823.1622543011779, 823.1622543011779, 823.1622543011779, 823.1622543011779, 823.1622543011779, 823.1622543011779, 823.1622543011779, 823.1622543011779, 823.1622543011779, 823.1622543011779, 823.1622543011779, 823.1622543011779, 823.1622543011779, 823.1622543011779, 823.1622543011779, 823.1622543011779, 823.1622543011779, 823.1622543011779, 823.1622543011779, 823.1622543011779, 823.1622543011779, 823.1622543011779, 823.1622543011779, 823.1622543011779, 823.1622543011779, 823.1622543011779, 823.1622543011779, 823.1622543011779, 823.1622543011779, 823.1622543011779, 823.1622543011779, 823.1622543011779, 823.1622543011779, 823.1622543011779, 823.1622543011779, 823.1622543011779, 823.1622543011779, 823.1622543011779, 823.1622543011779, 823.1622543011779, 823.1622543011779, 823.1622543011779, 823.1622543011779, 823.1622543011779, 823.1622543011779, 823.1622543011779, 823.1622543011779, 823.1622543011779, 823.1622543011779, 823.1622543011779, 823.1622543011779, 823.1622543011779, 823.1622543011779, 823.1622543011779, 823.1622543011779, 823.1622543011779, 823.1622543011779, 823.1622543011779, 823.1622543011779, 823.1622543011779, 823.1622543011779, 823.1622543011779, 823.1622543011779, 823.1622543011779, 823.1622543011779, 823.1622543011779, 823.1622543011779, 823.1622543011779, 823.1622543011779, 823.1622543011779, 823.1622543011779, 823.1622543011779, 823.1622543011779, 823.1622543011779, 823.1622543011779, 823.1622543011779, 823.1622543011779, 823.1622543011779, 823.1622543011779, 823.1622543011779, 823.1622543011779, 823.1622543011779, 823.1622543011779, 823.1622543011779, 823.1622543011779, 823.1622543011779, 823.1622543011779, 823.1622543011779, 823.1622543011779, 823.1622543011779, 823.1622543011779, 823.1622543011779, 823.1622543011779, 823.1622543011779, 823.1622543011779, 823.1622543011779, 823.1622543011779, 823.1622543011779, 823.1622543011779, 823.1622543011779, 823.1622543011779, 823.1622543011779, 823.1622543011779, 823.1622543011779, 823.1622543011779, 823.1622543011779, 823.1622543011779, 823.1622543011779, 823.1622543011779, 823.1622543011779, 823.1622543011779, 823.1622543011779, 823.1622543011779, 823.1622543011779, 823.1622543011779, 823.1622543011779, 823.1622543011779, 823.1622543011779, 823.1622543011779, 823.1622543011779, 823.1622543011779, 823.1622543011779, 823.1622543011779, 823.1622543011779, 823.1622543011779, 823.1622543011779, 823.1622543011779, 823.1622543011779, 823.1622543011779, 823.1622543011779, 823.1622543011779, 823.1622543011779, 823.1622543011779, 823.1622543011779, 823.1622543011779, 823.1622543011779, 823.1622543011779, 823.1622543011779, 823.1622543011779, 823.1622543011779, 823.1622543011779, 823.1622543011779, 823.1622543011779, 823.1622543011779, 823.1622543011779, 823.1622543011779, 823.1622543011779, 823.1622543011779, 823.1622543011779, 823.1622543011779, 823.1622543011779, 823.1622543011779, 823.1622543011779, 823.1622543011779, 823.1622543011779, 823.1622543011779, 823.1622543011779, 823.1622543011779, 823.1622543011779, 823.1622543011779, 823.1622543011779, 823.1622543011779, 823.1622543011779, 823.1622543011779, 823.1622543011779, 823.1622543011779, 823.1622543011779, 823.1622543011779, 823.1622543011779, 823.1622543011779, 823.1622543011779, 823.1622543011779, 823.1622543011779, 823.1622543011779, 823.1622543011779, 823.1622543011779, 823.1622543011779, 823.1622543011779, 823.1622543011779, 823.1622543011779, 823.1622543011779, 823.1622543011779, 823.1622543011779, 823.1622543011779, 823.1622543011779, 823.1622543011779, 823.1622543011779, 823.1622543011779, 823.1622543011779, 823.1622543011779, 823.1622543011779, 823.1622543011779, 823.1622543011779, 823.1622543011779, 823.1622543011779, 823.1622543011779, 823.1622543011779, 823.1622543011779, 823.1622543011779, 823.1622543011779, 823.1622543011779, 823.1622543011779, 823.1622543011779, 823.1622543011779, 823.1622543011779, 823.1622543011779, 823.1622543011779, 823.1622543011779, 823.1622543011779, 823.1622543011779, 823.1622543011779, 823.1622543011779, 823.1622543011779, 823.1622543011779, 823.1622543011779, 823.1622543011779, 823.1622543011779, 823.1622543011779, 823.1622543011779, 823.1622543011779, 823.1622543011779, 823.1622543011779, 823.1622543011779, 823.1622543011779, 823.1622543011779, 823.1622543011779, 823.1622543011779, 823.1622543011779, 823.1622543011779, 823.1622543011779, 823.1622543011779, 823.1622543011779, 823.1622543011779, 823.1622543011779, 823.1622543011779, 823.1622543011779, 823.1622543011779, 823.1622543011779, 823.1622543011779, 823.1622543011779, 823.1622543011779, 823.1622543011779, 823.1622543011779, 823.1622543011779, 823.1622543011779, 823.1622543011779, 823.1622543011779, 823.1622543011779, 823.1622543011779, 823.1622543011779, 823.1622543011779, 823.1622543011779, 823.1622543011779, 823.1622543011779, 823.1622543011779, 823.1622543011779, 823.1622543011779, 823.1622543011779, 823.1622543011779, 823.1622543011779, 823.1622543011779, 823.1622543011779, 823.1622543011779, 823.1622543011779, 823.1622543011779, 823.1622543011779, 823.1622543011779, 823.1622543011779, 823.1622543011779, 823.1622543011779, 823.1622543011779, 823.1622543011779, 823.1622543011779, 823.1622543011779, 823.1622543011779, 823.1622543011779, 823.1622543011779, 823.1622543011779, 823.1622543011779, 823.1622543011779, 823.1622543011779, 823.1622543011779, 823.1622543011779, 823.1622543011779, 823.1622543011779, 823.1622543011779, 823.1622543011779, 823.1622543011779, 823.1622543011779, 823.1622543011779, 823.1622543011779, 823.1622543011779, 823.1622543011779, 823.1622543011779, 823.1622543011779, 823.1622543011779, 823.1622543011779, 823.1622543011779, 823.1622543011779, 823.1622543011779, 823.1622543011779, 823.1622543011779, 823.1622543011779, 823.1622543011779, 823.1622543011779, 823.1622543011779, 823.1622543011779, 823.1622543011779, 823.1622543011779, 823.1622543011779, 823.1622543011779, 823.1622543011779, 823.1622543011779, 823.1622543011779, 823.1622543011779, 823.1622543011779, 823.1622543011779, 823.1622543011779, 823.1622543011779, 823.1622543011779, 823.1622543011779, 823.1622543011779, 823.1622543011779, 823.1622543011779, 823.1622543011779, 823.1622543011779, 823.1622543011779, 823.1622543011779, 823.1622543011779, 823.1622543011779, 823.1622543011779, 823.1622543011779, 823.1622543011779, 823.1622543011779, 823.1622543011779, 823.1622543011779, 823.1622543011779, 823.1622543011779, 823.1622543011779, 823.1622543011779, 823.1622543011779, 823.1622543011779, 823.1622543011779, 823.1622543011779, 823.1622543011779, 823.1622543011779, 823.1622543011779, 823.1622543011779, 823.1622543011779, 823.1622543011779, 823.1622543011779, 823.1622543011779, 823.1622543011779, 823.1622543011779, 823.1622543011779, 823.1622543011779, 823.1622543011779, 823.1622543011779, 823.1622543011779, 823.1622543011779, 823.1622543011779, 823.1622543011779, 823.1622543011779, 823.1622543011779, 823.1622543011779, 823.1622543011779, 823.1622543011779, 823.1622543011779, 823.1622543011779, 823.1622543011779, 823.1622543011779, 823.1622543011779, 823.1622543011779, 823.1622543011779, 823.1622543011779, 823.1622543011779, 823.1622543011779, 823.1622543011779, 823.1622543011779, 823.1622543011779, 823.1622543011779, 823.1622543011779, 823.1622543011779, 823.1622543011779, 823.1622543011779, 823.1622543011779, 823.1622543011779, 823.1622543011779, 823.1622543011779, 823.1622543011779, 823.1622543011779, 823.1622543011779, 823.1622543011779, 823.1622543011779, 823.1622543011779, 823.1622543011779, 823.1622543011779, 823.1622543011779, 823.1622543011779, 823.1622543011779, 823.1622543011779, 823.1622543011779, 823.1622543011779, 823.1622543011779, 823.1622543011779, 823.1622543011779, 823.1622543011779, 823.1622543011779, 823.1622543011779, 823.1622543011779, 823.1622543011779, 823.1622543011779, 823.1622543011779, 823.1622543011779, 823.1622543011779, 823.1622543011779, 823.1622543011779, 823.1622543011779, 823.1622543011779, 823.1622543011779, 823.1622543011779, 823.1622543011779, 823.1622543011779, 823.1622543011779, 823.1622543011779, 823.1622543011779, 823.1622543011779, 823.1622543011779, 823.1622543011779, 823.1622543011779, 823.1622543011779, 823.1622543011779, 823.1622543011779, 823.1622543011779, 823.1622543011779, 823.1622543011779, 823.1622543011779, 823.1622543011779, 823.1622543011779, 823.1622543011779, 823.1622543011779, 823.1622543011779, 823.1622543011779, 823.1622543011779, 823.1622543011779, 823.1622543011779, 823.1622543011779, 823.1622543011779, 823.1622543011779, 823.1622543011779, 823.1622543011779, 823.1622543011779, 823.1622543011779, 823.1622543011779, 823.1622543011779, 823.1622543011779, 823.1622543011779, 823.1622543011779, 823.1622543011779, 823.1622543011779, 823.1622543011779, 823.1622543011779, 823.1622543011779, 823.1622543011779, 823.1622543011779, 823.1622543011779, 823.1622543011779, 823.1622543011779, 823.1622543011779, 823.1622543011779, 823.1622543011779, 823.1622543011779, 823.1622543011779, 823.1622543011779, 823.1622543011779, 823.1622543011779, 823.1622543011779, 823.1622543011779, 823.1622543011779, 823.1622543011779, 823.1622543011779, 823.1622543011779, 823.1622543011779, 823.1622543011779, 823.1622543011779, 823.1622543011779, 823.1622543011779, 823.1622543011779, 823.1622543011779, 823.1622543011779, 823.1622543011779, 823.1622543011779, 823.1622543011779, 823.1622543011779, 823.1622543011779, 823.1622543011779, 823.1622543011779, 823.1622543011779, 823.1622543011779, 823.1622543011779, 823.1622543011779, 823.1622543011779, 823.1622543011779, 823.1622543011779, 823.1622543011779, 823.1622543011779, 823.1622543011779, 823.1622543011779, 823.1622543011779, 823.1622543011779, 823.1622543011779, 823.1622543011779, 823.1622543011779, 823.1622543011779, 823.1622543011779, 823.1622543011779, 823.1622543011779, 823.1622543011779, 823.1622543011779, 823.1622543011779, 823.1622543011779, 823.1622543011779, 823.1622543011779, 823.1622543011779, 823.1622543011779, 823.1622543011779, 823.1622543011779, 823.1622543011779, 823.1622543011779, 823.1622543011779, 823.1622543011779, 823.1622543011779, 823.1622543011779, 823.1622543011779, 823.1622543011779, 823.1622543011779, 823.1622543011779, 823.1622543011779, 823.1622543011779, 823.1622543011779, 823.1622543011779, 823.1622543011779, 823.1622543011779, 823.1622543011779, 823.1622543011779, 823.1622543011779, 823.1622543011779, 823.1622543011779, 823.1622543011779, 823.1622543011779, 823.1622543011779, 823.1622543011779, 823.1622543011779, 823.1622543011779, 823.1622543011779, 823.1622543011779, 823.1622543011779, 823.1622543011779, 823.1622543011779, 823.1622543011779, 823.1622543011779, 823.1622543011779, 823.1622543011779, 823.1622543011779, 823.1622543011779, 823.1622543011779, 823.1622543011779, 823.1622543011779, 823.1622543011779, 823.1622543011779, 823.1622543011779, 823.1622543011779, 823.1622543011779, 823.1622543011779, 823.1622543011779, 823.1622543011779, 823.1622543011779, 823.1622543011779, 823.1622543011779, 823.1622543011779, 823.1622543011779, 823.1622543011779, 823.1622543011779, 823.1622543011779, 823.1622543011779, 823.1622543011779, 823.1622543011779, 823.1622543011779, 823.1622543011779, 823.1622543011779, 823.1622543011779, 823.1622543011779, 823.1622543011779, 823.1622543011779, 823.1622543011779, 823.1622543011779, 823.1622543011779, 823.1622543011779, 823.1622543011779, 823.1622543011779, 823.1622543011779, 823.1622543011779, 823.1622543011779, 823.1622543011779, 823.1622543011779, 823.1622543011779, 823.1622543011779, 823.1622543011779, 823.1622543011779, 823.1622543011779, 823.1622543011779, 823.1622543011779, 823.1622543011779, 823.1622543011779, 823.1622543011779, 823.1622543011779, 823.1622543011779, 823.1622543011779, 823.1622543011779, 823.1622543011779, 823.1622543011779, 823.1622543011779, 823.1622543011779, 823.1622543011779, 823.1622543011779, 823.1622543011779, 823.1622543011779, 823.1622543011779, 823.1622543011779, 823.1622543011779, 823.1622543011779, 823.1622543011779, 823.1622543011779, 823.1622543011779, 823.1622543011779, 823.1622543011779, 823.1622543011779, 823.1622543011779, 823.1622543011779, 823.1622543011779, 823.1622543011779, 823.1622543011779, 823.1622543011779, 823.1622543011779, 823.1622543011779, 823.1622543011779, 823.1622543011779, 823.1622543011779, 823.1622543011779, 823.1622543011779, 823.1622543011779, 823.1622543011779, 823.1622543011779, 823.1622543011779, 823.1622543011779, 823.1622543011779, 823.1622543011779, 823.1622543011779, 823.1622543011779, 823.1622543011779, 823.1622543011779, 823.1622543011779, 823.1622543011779, 823.1622543011779, 823.1622543011779, 823.1622543011779, 823.1622543011779, 823.1622543011779, 823.1622543011779, 823.1622543011779, 823.1622543011779]
Computational time : -0.141000032425