Name : Ahmed ElMousel
Problem : X-n190-k8 
Whale Algorithm 
cost : 19204.5336689
Routes : 
1->1
1->1
1->107->120->50->27->140->166->161->183->84->185->46->100->38->1
1->1
1->1
1->1
1->1
1->1
1->1
1->1
1->2->139->31->40->69->131->57->9->101->63->91->16->125->188->28->4->97->10->34->108->114->180->179->15->1
1->121->144->98->13->37->3->7->39->23->78->87->126->177->6->48->102->53->72->178->124->168->137->184->26->111->172->14->1
1->106->189->58->64->173->44->59->29->170->81->115->66->21->163->8->135->18->80->117->61->12->176->118->171->17->1
1->74->11->105->90->110->138->152->153->88->147->187->42->182->127->55->175->36->145->116->146->82->93->136->47->1
1->1
1->89->73->134->130->109->104->92->60->43->77->41->186->19->85->99->142->71->49->164->5->128->45->1
1->20->65->67->129->35->149->154->181->62->33->141->54->190->155->156->56->70->159->165->24->112->75->162->133->174->158->1
1->132->119->32->150->157->68->167->52->94->76->123->83->122->51->95->22->143->160->86->151->148->25->79->113->96->103->169->30->1
best solutions : 
[33851.95244744539, 32480.737923299468, 30667.640292693108, 30623.11173229361, 28753.471771062814, 28475.69841505047, 28188.82344684155, 26582.448679196626, 26440.09986785591, 25600.501692965943, 24541.18316356093, 23489.112438176424, 23489.112438176424, 23459.347472156715, 23459.347472156715, 23459.347472156715, 23316.41769782679, 22374.180796823603, 22374.180796823603, 22374.180796823603, 22256.997076100924, 22256.997076100924, 22256.997076100924, 22256.997076100924, 22256.997076100924, 22256.997076100924, 22256.997076100924, 22190.987196953924, 22012.83553570792, 22012.83553570792, 22012.83553570792, 22012.83553570792, 21800.595543665182, 21800.595543665182, 21596.27707349328, 21596.27707349328, 20790.912086096498, 20790.912086096498, 20790.912086096498, 20790.912086096498, 20719.335087420004, 20719.335087420004, 20719.335087420004, 20719.335087420004, 20719.335087420004, 20719.335087420004, 20719.335087420004, 20719.335087420004, 20719.335087420004, 20719.335087420004, 20719.335087420004, 20719.335087420004, 20719.335087420004, 20719.335087420004, 20705.623189044472, 20705.623189044472, 20705.623189044472, 20705.623189044472, 20705.623189044472, 20705.623189044472, 20705.623189044472, 20705.623189044472, 20670.181953821288, 20670.181953821288, 20670.181953821288, 20670.181953821288, 20670.181953821288, 20670.181953821288, 20670.181953821288, 20646.7947790254, 20646.7947790254, 20646.7947790254, 20646.7947790254, 20646.7947790254, 20646.7947790254, 20643.515353440987, 20643.515353440987, 20643.515353440987, 20643.515353440987, 20643.515353440987, 20643.515353440987, 20643.515353440987, 20643.515353440987, 20643.515353440987, 20643.515353440987, 20643.515353440987, 20643.515353440987, 20643.515353440987, 20643.515353440987, 20643.515353440987, 20643.515353440987, 20592.81648325087, 20592.81648325087, 20592.81648325087, 20592.81648325087, 20592.81648325087, 20592.81648325087, 20592.81648325087, 20592.81648325087, 20592.81648325087, 20592.81648325087, 20592.81648325087, 20592.81648325087, 20592.81648325087, 20592.81648325087, 20592.81648325087, 20592.81648325087, 20592.81648325087, 20592.81648325087, 20592.81648325087, 20592.81648325087, 20538.553844997718, 20538.553844997718, 20538.553844997718, 20538.553844997718, 20538.553844997718, 20538.553844997718, 20538.553844997718, 20538.553844997718, 20538.553844997718, 20538.553844997718, 20538.553844997718, 20538.553844997718, 20538.553844997718, 20538.553844997718, 20538.553844997718, 20538.553844997718, 20538.553844997718, 20538.553844997718, 20538.553844997718, 20538.553844997718, 20538.553844997718, 20538.553844997718, 20538.553844997718, 20538.553844997718, 20538.553844997718, 20538.553844997718, 20538.553844997718, 20538.553844997718, 20538.553844997718, 20538.553844997718, 20538.553844997718, 20538.553844997718, 20538.553844997718, 20538.553844997718, 20538.553844997718, 20538.553844997718, 20538.553844997718, 20538.553844997718, 20538.553844997718, 20538.553844997718, 20538.553844997718, 20538.553844997718, 20538.553844997718, 20538.553844997718, 20538.553844997718, 20538.553844997718, 20538.553844997718, 20538.553844997718, 20538.553844997718, 20538.553844997718, 20538.553844997718, 20538.553844997718, 20538.553844997718, 20538.553844997718, 20538.553844997718, 20538.553844997718, 20538.553844997718, 20538.553844997718, 20538.553844997718, 20538.553844997718, 20538.553844997718, 20538.553844997718, 20538.553844997718, 20538.553844997718, 20538.553844997718, 20538.553844997718, 20538.553844997718, 20538.553844997718, 20538.553844997718, 20538.553844997718, 20538.553844997718, 20538.553844997718, 20538.553844997718, 20538.553844997718, 20538.553844997718, 20538.553844997718, 20502.5247204857, 20502.5247204857, 20502.5247204857, 20502.5247204857, 20502.5247204857, 20502.5247204857, 20502.5247204857, 20502.5247204857, 20502.5247204857, 20502.5247204857, 20502.5247204857, 20502.5247204857, 20502.5247204857, 20502.5247204857, 20502.5247204857, 20468.056618273964, 20468.056618273964, 20468.056618273964, 20468.056618273964, 20468.056618273964, 20468.056618273964, 20468.056618273964, 20468.056618273964, 20468.056618273964, 20468.056618273964, 20468.056618273964, 20468.056618273964, 20468.056618273964, 20468.056618273964, 20468.056618273964, 20468.056618273964, 20468.056618273964, 20468.056618273964, 20468.056618273964, 20468.056618273964, 20468.056618273964, 20468.056618273964, 20468.056618273964, 20468.056618273964, 20468.056618273964, 20468.056618273964, 20468.056618273964, 20468.056618273964, 20468.056618273964, 20468.056618273964, 20468.056618273964, 20468.056618273964, 20468.056618273964, 20468.056618273964, 20468.056618273964, 20468.056618273964, 20468.056618273964, 20468.056618273964, 20468.056618273964, 20431.110551137863, 20431.110551137863, 20431.110551137863, 20431.110551137863, 20431.110551137863, 20431.110551137863, 20431.110551137863, 20431.110551137863, 20431.110551137863, 20431.110551137863, 20431.110551137863, 20431.110551137863, 20431.110551137863, 20431.110551137863, 20431.110551137863, 20431.110551137863, 20431.110551137863, 20431.110551137863, 20431.110551137863, 20431.110551137863, 20431.110551137863, 20431.110551137863, 20431.110551137863, 20431.110551137863, 20431.110551137863, 20431.110551137863, 20431.110551137863, 20431.110551137863, 20431.110551137863, 20431.110551137863, 20431.110551137863, 20431.110551137863, 20431.110551137863, 20431.110551137863, 20431.110551137863, 20431.110551137863, 20431.110551137863, 20431.110551137863, 20431.110551137863, 20431.110551137863, 20431.110551137863, 20431.110551137863, 20431.110551137863, 20431.110551137863, 20431.110551137863, 20431.110551137863, 20431.110551137863, 20431.110551137863, 20431.110551137863, 20431.110551137863, 20431.110551137863, 20431.110551137863, 20431.110551137863, 20431.110551137863, 20431.110551137863, 20431.110551137863, 20431.110551137863, 20431.110551137863, 20431.110551137863, 20431.110551137863, 20431.110551137863, 20431.110551137863, 20431.110551137863, 20431.110551137863, 20431.110551137863, 20431.110551137863, 20431.110551137863, 20431.110551137863, 20431.110551137863, 20431.110551137863, 20431.110551137863, 20431.110551137863, 20431.110551137863, 20431.110551137863, 20431.110551137863, 20431.110551137863, 20431.110551137863, 20431.110551137863, 20431.110551137863, 20431.110551137863, 20431.110551137863, 20431.110551137863, 20431.110551137863, 20398.1131350701, 20398.1131350701, 20398.1131350701, 20398.1131350701, 20398.1131350701, 20398.1131350701, 20398.1131350701, 20398.1131350701, 20398.1131350701, 20398.1131350701, 20398.1131350701, 20398.1131350701, 20398.1131350701, 20398.1131350701, 20398.1131350701, 20398.1131350701, 20398.1131350701, 20398.1131350701, 20398.1131350701, 20398.1131350701, 20398.1131350701, 20398.1131350701, 20398.1131350701, 20398.1131350701, 20398.1131350701, 20398.1131350701, 20398.1131350701, 20398.1131350701, 20398.1131350701, 20398.1131350701, 20398.1131350701, 20398.1131350701, 20398.1131350701, 20398.1131350701, 20398.1131350701, 20398.1131350701, 20398.1131350701, 20398.1131350701, 20398.1131350701, 20398.1131350701, 20398.1131350701, 20398.1131350701, 20398.1131350701, 20398.1131350701, 20398.1131350701, 20398.1131350701, 20398.1131350701, 20398.1131350701, 20398.1131350701, 20398.1131350701, 20398.1131350701, 20398.1131350701, 20398.1131350701, 20398.1131350701, 20398.1131350701, 20398.1131350701, 20398.1131350701, 20398.1131350701, 20398.1131350701, 20398.1131350701, 20398.1131350701, 20398.1131350701, 20398.1131350701, 20398.1131350701, 20398.1131350701, 20398.1131350701, 20398.1131350701, 20398.1131350701, 20398.1131350701, 20398.1131350701, 20398.1131350701, 20398.1131350701, 20398.1131350701, 20398.1131350701, 20398.1131350701, 20398.1131350701, 20398.1131350701, 20398.1131350701, 20398.1131350701, 20398.1131350701, 20398.1131350701, 20398.1131350701, 20398.1131350701, 20398.1131350701, 20398.1131350701, 20398.1131350701, 20398.1131350701, 20398.1131350701, 20398.1131350701, 20398.1131350701, 20398.1131350701, 20398.1131350701, 20398.1131350701, 20398.1131350701, 20398.1131350701, 20398.1131350701, 20398.1131350701, 20398.1131350701, 20398.1131350701, 20398.1131350701, 20398.1131350701, 20398.1131350701, 20398.1131350701, 20398.1131350701, 20398.1131350701, 20398.1131350701, 20398.1131350701, 20398.1131350701, 20398.1131350701, 20398.1131350701, 20398.1131350701, 20398.1131350701, 20398.1131350701, 20398.1131350701, 20398.1131350701, 20398.1131350701, 20398.1131350701, 20398.1131350701, 20398.1131350701, 20398.1131350701, 20398.1131350701, 20398.1131350701, 20398.1131350701, 20398.1131350701, 20398.1131350701, 20398.1131350701, 20398.1131350701, 20398.1131350701, 20398.1131350701, 20398.1131350701, 20398.1131350701, 20398.1131350701, 20398.1131350701, 20398.1131350701, 20398.1131350701, 20398.1131350701, 20398.1131350701, 20398.1131350701, 20398.1131350701, 20398.1131350701, 20398.1131350701, 20398.1131350701, 20398.1131350701, 20398.1131350701, 20398.1131350701, 20398.1131350701, 20398.1131350701, 20398.1131350701, 20398.1131350701, 20398.1131350701, 20398.1131350701, 20398.1131350701, 20398.1131350701, 20398.1131350701, 20398.1131350701, 20398.1131350701, 20398.1131350701, 20398.1131350701, 20398.1131350701, 20398.1131350701, 20398.1131350701, 20398.1131350701, 20398.1131350701, 20398.1131350701, 20398.1131350701, 20398.1131350701, 20398.1131350701, 20398.1131350701, 20398.1131350701, 20398.1131350701, 20398.1131350701, 20398.1131350701, 20398.1131350701, 20398.1131350701, 20398.1131350701, 20398.1131350701, 20398.1131350701, 20398.1131350701, 20398.1131350701, 20398.1131350701, 20398.1131350701, 20398.1131350701, 20398.1131350701, 20398.1131350701, 20398.1131350701, 20398.1131350701, 20398.1131350701, 20398.1131350701, 20398.1131350701, 20398.1131350701, 20398.1131350701, 20398.1131350701, 20398.1131350701, 20398.1131350701, 20398.1131350701, 20398.1131350701, 20398.1131350701, 20376.230533457667, 20376.230533457667, 20376.230533457667, 20376.230533457667, 20376.230533457667, 20376.230533457667, 20376.230533457667, 20376.230533457667, 20376.230533457667, 20376.230533457667, 20376.230533457667, 20376.230533457667, 20376.230533457667, 20376.230533457667, 20376.230533457667, 20376.230533457667, 20376.230533457667, 20376.230533457667, 20376.230533457667, 20376.230533457667, 20376.230533457667, 20376.230533457667, 20376.230533457667, 20376.230533457667, 20376.230533457667, 20376.230533457667, 20376.230533457667, 20376.230533457667, 20376.230533457667, 20376.230533457667, 20376.230533457667, 20376.230533457667, 20376.230533457667, 20376.230533457667, 20376.230533457667, 20376.230533457667, 20376.230533457667, 20376.230533457667, 20376.230533457667, 20376.230533457667, 20376.230533457667, 20376.230533457667, 20376.230533457667, 20376.230533457667, 20376.230533457667, 20376.230533457667, 20376.230533457667, 20376.230533457667, 20376.230533457667, 20376.230533457667, 20376.230533457667, 20376.230533457667, 20376.230533457667, 20376.230533457667, 20376.230533457667, 20376.230533457667, 20376.230533457667, 20376.230533457667, 20376.230533457667, 20376.230533457667, 20376.230533457667, 20376.230533457667, 20376.230533457667, 20376.230533457667, 20376.230533457667, 20376.230533457667, 20376.230533457667, 20376.230533457667, 20376.230533457667, 20376.230533457667, 20376.230533457667, 20376.230533457667, 20376.230533457667, 20376.230533457667, 20376.230533457667, 20376.230533457667, 20376.230533457667, 20376.230533457667, 20376.230533457667, 20376.230533457667, 20376.230533457667, 20376.230533457667, 20376.230533457667, 20376.230533457667, 20376.230533457667, 20376.230533457667, 20376.230533457667, 20335.394214224983, 20335.394214224983, 20335.394214224983, 20335.394214224983, 20335.394214224983, 20335.394214224983, 20335.394214224983, 20335.394214224983, 20335.394214224983, 20335.394214224983, 20335.394214224983, 20335.394214224983, 20335.394214224983, 20335.394214224983, 20335.394214224983, 20335.394214224983, 20335.394214224983, 20335.394214224983, 20335.394214224983, 20335.394214224983, 20335.394214224983, 20335.394214224983, 20335.394214224983, 20335.394214224983, 20335.394214224983, 20335.394214224983, 20335.394214224983, 20335.394214224983, 20335.394214224983, 20335.394214224983, 20335.394214224983, 20335.394214224983, 20335.394214224983, 20335.394214224983, 20335.394214224983, 20335.394214224983, 20335.394214224983, 20335.394214224983, 20335.394214224983, 20335.394214224983, 20335.394214224983, 20335.394214224983, 20335.394214224983, 20335.394214224983, 20335.394214224983, 20335.394214224983, 20335.394214224983, 20335.394214224983, 20335.394214224983, 20335.394214224983, 20335.394214224983, 20335.394214224983, 20335.394214224983, 20335.394214224983, 20335.394214224983, 20335.394214224983, 20335.394214224983, 20335.394214224983, 20335.394214224983, 20335.394214224983, 20335.394214224983, 20335.394214224983, 20335.394214224983, 20335.394214224983, 20335.394214224983, 20335.394214224983, 20333.34941369709, 20333.34941369709, 20333.34941369709, 20333.34941369709, 20333.34941369709, 20333.34941369709, 20333.34941369709, 20333.34941369709, 20333.34941369709, 20333.34941369709, 20333.34941369709, 20333.34941369709, 20333.34941369709, 20333.34941369709, 20333.34941369709, 20333.34941369709, 20333.34941369709, 20333.34941369709, 20333.34941369709, 20333.34941369709, 20333.34941369709, 20333.34941369709, 20333.34941369709, 20333.34941369709, 20333.34941369709, 20333.34941369709, 20333.34941369709, 20333.34941369709, 20333.34941369709, 20333.34941369709, 20333.34941369709, 20333.34941369709, 20333.34941369709, 20333.34941369709, 20333.34941369709, 20333.34941369709, 20333.34941369709, 20333.34941369709, 20333.34941369709, 20333.34941369709, 20327.238201424247, 20327.238201424247, 20327.238201424247, 20327.238201424247, 20327.238201424247, 20327.238201424247, 20327.238201424247, 20327.238201424247, 20327.238201424247, 20327.238201424247, 20327.238201424247, 20327.238201424247, 20327.238201424247, 20327.238201424247, 20303.979288049984, 20303.979288049984, 20303.979288049984, 20303.979288049984, 20303.979288049984, 20303.979288049984, 20303.979288049984, 20303.979288049984, 20303.979288049984, 20303.979288049984, 20303.979288049984, 20303.979288049984, 20303.979288049984, 20303.979288049984, 20303.979288049984, 20303.979288049984, 20303.979288049984, 20303.979288049984, 20303.979288049984, 20303.979288049984, 20303.979288049984, 20303.979288049984, 20303.979288049984, 20303.979288049984, 20303.979288049984, 20303.979288049984, 20303.979288049984, 20303.979288049984, 20303.979288049984, 20303.979288049984, 20303.979288049984, 20303.979288049984, 20303.979288049984, 20303.979288049984, 20303.979288049984, 20303.979288049984, 20303.979288049984, 20303.979288049984, 20303.979288049984, 20303.979288049984, 20303.979288049984, 20303.979288049984, 20303.979288049984, 20303.979288049984, 20303.979288049984, 20303.979288049984, 20303.979288049984, 20302.473521008473, 20302.473521008473, 20302.473521008473, 20302.473521008473, 20302.473521008473, 20302.473521008473, 20302.473521008473, 20302.473521008473, 20302.473521008473, 20302.473521008473, 20302.473521008473, 20302.473521008473, 20302.473521008473, 20302.473521008473, 20302.473521008473, 20302.473521008473, 20302.473521008473, 20302.473521008473, 20302.473521008473, 20302.473521008473, 20302.473521008473, 20302.473521008473, 20302.473521008473, 20302.473521008473, 20302.473521008473, 20302.473521008473, 20302.473521008473, 20302.473521008473, 20302.473521008473, 20302.473521008473, 20302.473521008473, 20302.473521008473, 20302.473521008473, 20302.473521008473, 20302.473521008473, 20302.473521008473, 20302.473521008473, 20302.473521008473, 20302.473521008473, 20302.473521008473, 20302.473521008473, 20302.473521008473, 20302.473521008473, 20302.473521008473, 20302.473521008473, 20302.473521008473, 20302.473521008473, 20302.473521008473, 20302.473521008473, 20302.473521008473, 20302.473521008473, 20302.473521008473, 20302.473521008473, 20302.473521008473, 20302.473521008473, 20302.473521008473, 20302.473521008473, 20302.473521008473, 20302.473521008473, 20302.473521008473, 20302.473521008473, 20302.473521008473, 20302.473521008473, 20302.473521008473, 20302.473521008473, 20302.473521008473, 20302.473521008473, 20302.473521008473, 20302.473521008473, 20302.473521008473, 20302.473521008473, 20302.473521008473, 20302.473521008473, 20302.473521008473, 20302.473521008473, 20302.473521008473, 20302.473521008473, 20302.473521008473, 20302.473521008473, 20302.473521008473, 20302.473521008473, 20302.473521008473, 20302.473521008473, 20302.473521008473, 20302.473521008473, 20302.473521008473, 20302.473521008473, 20302.473521008473, 20302.473521008473, 20302.473521008473, 20302.473521008473, 20302.473521008473, 20302.473521008473, 20302.473521008473, 20302.473521008473, 20301.740845670734, 20301.740845670734, 20301.740845670734, 20301.740845670734, 20301.740845670734, 20301.740845670734, 20285.72254088316, 20181.853150852465, 20181.853150852465, 20181.853150852465, 20181.853150852465, 20181.853150852465, 20181.853150852465, 20181.853150852465, 20181.853150852465, 20181.853150852465, 20181.853150852465, 20181.853150852465, 20181.853150852465, 20181.853150852465, 20181.853150852465, 20181.853150852465, 20181.853150852465, 20181.853150852465, 20181.853150852465, 20181.853150852465, 20181.853150852465, 20181.853150852465, 20181.853150852465, 20181.853150852465, 20181.853150852465, 20181.853150852465, 20181.853150852465, 20181.853150852465, 20181.853150852465, 20181.853150852465, 20181.853150852465, 20181.853150852465, 20181.853150852465, 20181.853150852465, 20181.853150852465, 20181.853150852465, 20181.853150852465, 20181.853150852465, 20181.853150852465, 20181.853150852465, 20181.853150852465, 20181.853150852465, 20181.853150852465, 20181.853150852465, 20181.853150852465, 20181.853150852465, 20181.853150852465, 20181.853150852465, 20181.853150852465, 20181.853150852465, 20181.853150852465, 20181.853150852465, 20181.853150852465, 20181.853150852465, 20181.853150852465, 20181.853150852465, 20181.853150852465, 20181.853150852465, 20181.853150852465, 20181.853150852465, 20181.853150852465, 20181.853150852465, 20181.853150852465, 20181.853150852465, 20181.853150852465, 20181.853150852465, 20181.853150852465, 20181.853150852465, 20181.853150852465, 20181.853150852465, 20181.853150852465, 20181.853150852465, 20181.853150852465, 20181.853150852465, 20181.853150852465, 20181.853150852465, 20181.853150852465, 20181.853150852465, 20181.853150852465, 20181.853150852465, 20181.853150852465, 20181.853150852465, 20181.853150852465, 20181.853150852465, 20173.240365235073, 20173.240365235073, 20173.240365235073, 20173.240365235073, 20173.240365235073, 20173.240365235073, 20173.240365235073, 20173.240365235073, 20173.240365235073, 20173.240365235073, 20173.240365235073, 20173.240365235073, 20173.240365235073, 20173.240365235073, 20173.240365235073, 20173.240365235073, 20173.240365235073, 20173.240365235073, 20173.240365235073, 20173.240365235073, 20173.240365235073, 20173.240365235073, 20173.240365235073, 20173.240365235073, 20173.240365235073, 20173.240365235073, 20173.240365235073, 20173.240365235073, 20173.240365235073, 20173.240365235073, 20173.240365235073, 20173.240365235073, 20173.240365235073, 20173.240365235073, 20173.240365235073, 20173.240365235073, 20173.240365235073, 20173.240365235073, 20173.240365235073, 20173.240365235073, 20173.240365235073, 20173.240365235073, 20173.240365235073, 20173.240365235073, 20173.240365235073, 20173.240365235073, 20173.240365235073, 20173.240365235073, 20173.240365235073, 20173.240365235073, 20173.240365235073, 20173.240365235073, 20173.240365235073, 20173.240365235073, 20173.240365235073, 20173.240365235073, 20173.240365235073, 20173.240365235073, 20173.240365235073, 20173.240365235073, 20173.240365235073, 20173.240365235073, 20173.240365235073, 20173.240365235073, 20173.240365235073, 20173.240365235073, 20173.240365235073, 20173.240365235073, 20173.240365235073, 20173.240365235073, 20173.240365235073, 20173.240365235073, 20173.240365235073, 20173.240365235073, 20173.240365235073, 20173.240365235073, 20173.240365235073, 20173.240365235073, 20173.240365235073, 20173.240365235073, 20173.240365235073, 20173.240365235073, 20173.240365235073, 20173.240365235073, 20173.240365235073, 20173.240365235073, 20173.240365235073, 20173.240365235073, 20173.240365235073, 20173.240365235073, 20173.240365235073, 20173.240365235073, 20173.240365235073, 20173.240365235073, 20173.240365235073, 20173.240365235073, 20173.240365235073, 20173.240365235073, 20173.240365235073, 20173.240365235073, 20173.240365235073, 20173.240365235073, 20173.240365235073, 20173.240365235073, 20173.240365235073, 20173.240365235073, 20173.240365235073, 20173.240365235073, 20173.240365235073, 20173.240365235073, 20173.240365235073, 20173.240365235073, 20173.240365235073, 20173.240365235073, 20173.240365235073, 20173.240365235073, 20173.240365235073, 20173.240365235073, 20173.240365235073, 20173.240365235073, 20173.240365235073, 20173.240365235073, 20173.240365235073, 20173.240365235073, 20173.240365235073, 20173.240365235073, 20173.240365235073, 20173.240365235073, 19805.152688338716, 19805.152688338716, 19805.152688338716, 19805.152688338716, 19716.13379564007, 19716.13379564007, 19716.13379564007, 19716.13379564007, 19716.13379564007, 19716.13379564007, 19716.13379564007, 19716.13379564007, 19716.13379564007, 19716.13379564007, 19707.870355459356, 19707.870355459356, 19707.870355459356, 19707.870355459356, 19707.870355459356, 19707.870355459356, 19707.870355459356, 19707.870355459356, 19707.870355459356, 19513.9480198472, 19513.9480198472, 19513.9480198472, 19513.9480198472, 19513.9480198472, 19513.9480198472, 19513.9480198472, 19513.9480198472, 19513.9480198472, 19513.9480198472, 19474.073441313834, 19474.073441313834, 19474.073441313834, 19474.073441313834, 19474.073441313834, 19474.073441313834, 19474.073441313834, 19474.073441313834, 19474.073441313834, 19474.073441313834, 19474.073441313834, 19474.073441313834, 19474.073441313834, 19474.073441313834, 19474.073441313834, 19474.073441313834, 19474.073441313834, 19474.073441313834, 19474.073441313834, 19474.073441313834, 19474.073441313834, 19474.073441313834, 19474.073441313834, 19474.073441313834, 19474.073441313834, 19474.073441313834, 19474.073441313834, 19474.073441313834, 19474.073441313834, 19474.073441313834, 19474.073441313834, 19474.073441313834, 19474.073441313834, 19474.073441313834, 19474.073441313834, 19474.073441313834, 19474.073441313834, 19474.073441313834, 19474.073441313834, 19457.76515311776, 19457.76515311776, 19387.76240957044, 19387.76240957044, 19387.76240957044, 19387.76240957044, 19387.76240957044, 19387.76240957044, 19387.76240957044, 19387.76240957044, 19387.76240957044, 19387.76240957044, 19387.76240957044, 19387.76240957044, 19387.76240957044, 19387.76240957044, 19387.76240957044, 19387.76240957044, 19387.76240957044, 19387.76240957044, 19387.76240957044, 19387.76240957044, 19387.76240957044, 19387.76240957044, 19387.76240957044, 19387.76240957044, 19387.76240957044, 19387.76240957044, 19387.76240957044, 19387.76240957044, 19387.76240957044, 19387.76240957044, 19387.76240957044, 19387.76240957044, 19387.76240957044, 19387.76240957044, 19387.76240957044, 19387.76240957044, 19387.76240957044, 19387.76240957044, 19387.76240957044, 19387.76240957044, 19387.76240957044, 19387.76240957044, 19387.76240957044, 19387.76240957044, 19387.76240957044, 19387.76240957044, 19387.76240957044, 19387.76240957044, 19387.76240957044, 19387.76240957044, 19387.76240957044, 19387.76240957044, 19387.76240957044, 19387.76240957044, 19387.76240957044, 19387.76240957044, 19387.76240957044, 19387.76240957044, 19387.76240957044, 19387.76240957044, 19387.76240957044, 19387.76240957044, 19387.76240957044, 19387.76240957044, 19387.76240957044, 19387.76240957044, 19387.76240957044, 19387.76240957044, 19387.76240957044, 19387.76240957044, 19387.76240957044, 19387.76240957044, 19387.76240957044, 19387.76240957044, 19387.76240957044, 19387.76240957044, 19387.76240957044, 19387.76240957044, 19387.76240957044, 19387.76240957044, 19387.76240957044, 19387.76240957044, 19387.76240957044, 19387.76240957044, 19387.76240957044, 19387.76240957044, 19387.76240957044, 19387.76240957044, 19387.76240957044, 19387.76240957044, 19387.76240957044, 19387.76240957044, 19387.76240957044, 19387.76240957044, 19387.76240957044, 19387.76240957044, 19387.76240957044, 19387.76240957044, 19387.76240957044, 19387.76240957044, 19387.76240957044, 19387.76240957044, 19387.76240957044, 19387.76240957044, 19387.76240957044, 19387.76240957044, 19387.76240957044, 19387.76240957044, 19387.76240957044, 19387.76240957044, 19387.76240957044, 19387.76240957044, 19387.76240957044, 19387.76240957044, 19387.76240957044, 19387.76240957044, 19387.76240957044, 19387.76240957044, 19387.76240957044, 19387.76240957044, 19387.76240957044, 19387.76240957044, 19387.76240957044, 19387.76240957044, 19387.76240957044, 19387.76240957044, 19387.76240957044, 19387.76240957044, 19387.76240957044, 19387.76240957044, 19387.76240957044, 19387.76240957044, 19387.76240957044, 19387.76240957044, 19387.76240957044, 19387.76240957044, 19387.76240957044, 19387.76240957044, 19387.76240957044, 19387.76240957044, 19387.76240957044, 19387.76240957044, 19387.76240957044, 19387.76240957044, 19387.76240957044, 19387.76240957044, 19387.76240957044, 19387.76240957044, 19387.76240957044, 19387.76240957044, 19387.76240957044, 19387.76240957044, 19387.76240957044, 19387.76240957044, 19387.76240957044, 19387.76240957044, 19387.76240957044, 19387.76240957044, 19387.76240957044, 19387.76240957044, 19387.76240957044, 19387.76240957044, 19387.76240957044, 19387.76240957044, 19387.76240957044, 19387.76240957044, 19387.76240957044, 19387.76240957044, 19387.76240957044, 19387.76240957044, 19387.76240957044, 19387.76240957044, 19387.76240957044, 19387.76240957044, 19387.76240957044, 19387.76240957044, 19387.76240957044, 19387.76240957044, 19387.76240957044, 19387.76240957044, 19387.76240957044, 19387.76240957044, 19387.76240957044, 19387.76240957044, 19387.76240957044, 19387.76240957044, 19387.76240957044, 19387.76240957044, 19387.76240957044, 19387.76240957044, 19387.76240957044, 19387.76240957044, 19387.76240957044, 19387.76240957044, 19387.76240957044, 19387.76240957044, 19387.76240957044, 19387.76240957044, 19387.76240957044, 19387.76240957044, 19387.76240957044, 19387.76240957044, 19387.76240957044, 19387.76240957044, 19387.76240957044, 19387.76240957044, 19387.76240957044, 19387.76240957044, 19387.76240957044, 19387.76240957044, 19387.76240957044, 19387.76240957044, 19387.76240957044, 19387.76240957044, 19387.76240957044, 19387.76240957044, 19387.76240957044, 19387.76240957044, 19387.76240957044, 19387.76240957044, 19387.76240957044, 19387.76240957044, 19387.76240957044, 19387.76240957044, 19387.76240957044, 19387.76240957044, 19387.76240957044, 19387.76240957044, 19387.76240957044, 19387.76240957044, 19387.76240957044, 19387.76240957044, 19387.76240957044, 19387.76240957044, 19387.76240957044, 19387.76240957044, 19387.76240957044, 19387.76240957044, 19387.76240957044, 19387.76240957044, 19387.76240957044, 19387.76240957044, 19387.76240957044, 19387.76240957044, 19387.76240957044, 19387.76240957044, 19387.76240957044, 19387.76240957044, 19387.76240957044, 19387.76240957044, 19387.76240957044, 19387.76240957044, 19387.76240957044, 19387.76240957044, 19387.76240957044, 19387.76240957044, 19387.76240957044, 19387.76240957044, 19387.76240957044, 19387.76240957044, 19387.76240957044, 19387.76240957044, 19387.76240957044, 19387.76240957044, 19387.76240957044, 19387.76240957044, 19387.76240957044, 19387.76240957044, 19387.76240957044, 19381.760785722967, 19381.760785722967, 19381.760785722967, 19381.760785722967, 19381.760785722967, 19381.760785722967, 19381.760785722967, 19381.760785722967, 19381.760785722967, 19381.760785722967, 19381.760785722967, 19381.760785722967, 19381.760785722967, 19381.760785722967, 19381.760785722967, 19381.760785722967, 19381.760785722967, 19381.760785722967, 19381.760785722967, 19381.760785722967, 19381.760785722967, 19381.760785722967, 19381.760785722967, 19381.760785722967, 19381.760785722967, 19381.760785722967, 19381.760785722967, 19381.760785722967, 19381.760785722967, 19381.760785722967, 19381.760785722967, 19381.760785722967, 19381.760785722967, 19381.760785722967, 19381.760785722967, 19381.760785722967, 19381.760785722967, 19381.760785722967, 19381.760785722967, 19381.760785722967, 19381.760785722967, 19381.760785722967, 19381.760785722967, 19381.760785722967, 19381.760785722967, 19381.760785722967, 19381.760785722967, 19381.760785722967, 19381.760785722967, 19381.760785722967, 19381.760785722967, 19381.760785722967, 19381.760785722967, 19381.760785722967, 19381.760785722967, 19381.760785722967, 19381.760785722967, 19381.760785722967, 19381.760785722967, 19381.760785722967, 19381.760785722967, 19381.760785722967, 19381.760785722967, 19381.760785722967, 19381.760785722967, 19381.760785722967, 19381.760785722967, 19381.760785722967, 19381.760785722967, 19381.760785722967, 19381.760785722967, 19381.760785722967, 19381.760785722967, 19381.760785722967, 19381.760785722967, 19381.760785722967, 19381.760785722967, 19381.760785722967, 19381.760785722967, 19381.760785722967, 19381.760785722967, 19381.760785722967, 19381.760785722967, 19381.760785722967, 19381.760785722967, 19381.760785722967, 19381.760785722967, 19381.760785722967, 19381.760785722967, 19381.760785722967, 19381.760785722967, 19381.760785722967, 19381.760785722967, 19381.760785722967, 19381.760785722967, 19381.760785722967, 19381.760785722967, 19381.760785722967, 19381.760785722967, 19381.760785722967, 19381.760785722967, 19381.760785722967, 19381.760785722967, 19381.760785722967, 19381.760785722967, 19381.760785722967, 19381.760785722967, 19381.760785722967, 19381.760785722967, 19381.760785722967, 19381.760785722967, 19381.760785722967, 19381.760785722967, 19381.760785722967, 19381.760785722967, 19381.760785722967, 19381.760785722967, 19381.760785722967, 19381.760785722967, 19381.760785722967, 19381.760785722967, 19381.760785722967, 19381.760785722967, 19381.760785722967, 19381.760785722967, 19381.760785722967, 19381.760785722967, 19381.760785722967, 19381.760785722967, 19381.760785722967, 19381.760785722967, 19381.760785722967, 19381.760785722967, 19381.760785722967, 19381.760785722967, 19381.760785722967, 19381.760785722967, 19381.760785722967, 19381.760785722967, 19381.760785722967, 19381.760785722967, 19381.760785722967, 19381.760785722967, 19381.760785722967, 19381.760785722967, 19381.760785722967, 19381.760785722967, 19381.760785722967, 19381.760785722967, 19381.760785722967, 19381.760785722967, 19381.760785722967, 19381.760785722967, 19381.760785722967, 19381.760785722967, 19381.760785722967, 19381.760785722967, 19381.760785722967, 19381.760785722967, 19381.760785722967, 19381.760785722967, 19381.760785722967, 19381.760785722967, 19381.760785722967, 19380.779117547965, 19380.779117547965, 19380.779117547965, 19380.779117547965, 19380.779117547965, 19380.779117547965, 19380.779117547965, 19380.779117547965, 19380.779117547965, 19380.779117547965, 19380.779117547965, 19380.779117547965, 19380.779117547965, 19380.779117547965, 19380.779117547965, 19380.779117547965, 19380.779117547965, 19380.779117547965, 19380.779117547965, 19380.779117547965, 19380.779117547965, 19380.779117547965, 19380.779117547965, 19380.779117547965, 19380.779117547965, 19380.779117547965, 19380.779117547965, 19380.779117547965, 19380.779117547965, 19380.779117547965, 19380.779117547965, 19380.779117547965, 19380.779117547965, 19380.779117547965, 19380.779117547965, 19380.779117547965, 19380.779117547965, 19380.779117547965, 19380.779117547965, 19380.779117547965, 19380.779117547965, 19380.779117547965, 19380.779117547965, 19380.779117547965, 19380.779117547965, 19380.779117547965, 19380.779117547965, 19380.779117547965, 19380.779117547965, 19380.779117547965, 19380.779117547965, 19380.779117547965, 19380.779117547965, 19380.779117547965, 19380.779117547965, 19380.779117547965, 19380.779117547965, 19380.779117547965, 19380.779117547965, 19380.779117547965, 19380.779117547965, 19380.779117547965, 19380.779117547965, 19380.779117547965, 19380.779117547965, 19380.779117547965, 19380.779117547965, 19380.779117547965, 19380.779117547965, 19380.779117547965, 19380.779117547965, 19380.779117547965, 19380.779117547965, 19380.779117547965, 19380.779117547965, 19299.230929779475, 19299.230929779475, 19299.230929779475, 19299.230929779475, 19299.230929779475, 19299.230929779475, 19299.230929779475, 19299.230929779475, 19299.230929779475, 19299.230929779475, 19299.230929779475, 19299.230929779475, 19299.230929779475, 19299.230929779475, 19299.230929779475, 19299.230929779475, 19299.230929779475, 19299.230929779475, 19299.230929779475, 19299.230929779475, 19299.230929779475, 19299.230929779475, 19299.230929779475, 19299.230929779475, 19299.230929779475, 19299.230929779475, 19299.230929779475, 19299.230929779475, 19299.230929779475, 19299.230929779475, 19299.230929779475, 19299.230929779475, 19299.230929779475, 19299.230929779475, 19299.230929779475, 19299.230929779475, 19299.230929779475, 19299.230929779475, 19299.230929779475, 19299.230929779475, 19299.230929779475, 19299.230929779475, 19299.230929779475, 19299.230929779475, 19299.230929779475, 19299.230929779475, 19299.230929779475, 19299.230929779475, 19299.230929779475, 19299.230929779475, 19299.230929779475, 19299.230929779475, 19299.230929779475, 19299.230929779475, 19299.230929779475, 19299.230929779475, 19299.230929779475, 19299.230929779475, 19299.230929779475, 19299.230929779475, 19299.230929779475, 19299.230929779475, 19299.230929779475, 19299.230929779475, 19299.230929779475, 19299.230929779475, 19299.230929779475, 19299.230929779475, 19299.230929779475, 19299.230929779475, 19299.230929779475, 19299.230929779475, 19299.230929779475, 19299.230929779475, 19299.230929779475, 19299.230929779475, 19299.230929779475, 19299.230929779475, 19299.230929779475, 19299.230929779475, 19299.230929779475, 19299.230929779475, 19299.230929779475, 19299.230929779475, 19299.230929779475, 19299.230929779475, 19299.230929779475, 19299.230929779475, 19299.230929779475, 19299.230929779475, 19299.230929779475, 19299.230929779475, 19299.230929779475, 19299.230929779475, 19299.230929779475, 19299.230929779475, 19299.230929779475, 19299.230929779475, 19299.230929779475, 19299.230929779475, 19292.785794428215, 19292.785794428215, 19292.785794428215, 19292.785794428215, 19292.785794428215, 19292.785794428215, 19292.785794428215, 19292.785794428215, 19292.785794428215, 19292.785794428215, 19292.785794428215, 19292.785794428215, 19292.785794428215, 19292.785794428215, 19292.785794428215, 19292.785794428215, 19292.785794428215, 19292.785794428215, 19292.785794428215, 19292.785794428215, 19292.785794428215, 19292.785794428215, 19292.785794428215, 19292.785794428215, 19231.135331175807, 19231.135331175807, 19231.135331175807, 19231.135331175807, 19231.135331175807, 19231.135331175807, 19231.135331175807, 19231.135331175807, 19231.135331175807, 19231.135331175807, 19231.135331175807, 19231.135331175807, 19231.135331175807, 19231.135331175807, 19231.135331175807, 19231.135331175807, 19231.135331175807, 19231.135331175807, 19231.135331175807, 19231.135331175807, 19231.135331175807, 19231.135331175807, 19231.135331175807, 19231.135331175807, 19231.135331175807, 19231.135331175807, 19231.135331175807, 19231.135331175807, 19231.135331175807, 19231.135331175807, 19231.135331175807, 19231.135331175807, 19231.135331175807, 19231.135331175807, 19231.135331175807, 19231.135331175807, 19231.135331175807, 19231.135331175807, 19231.135331175807, 19231.135331175807, 19231.135331175807, 19231.135331175807, 19231.135331175807, 19231.135331175807, 19231.135331175807, 19231.135331175807, 19231.135331175807, 19231.135331175807, 19231.135331175807, 19231.135331175807, 19231.135331175807, 19231.135331175807, 19231.135331175807, 19231.135331175807, 19231.135331175807, 19231.135331175807, 19231.135331175807, 19231.135331175807, 19231.135331175807, 19231.135331175807, 19231.135331175807, 19231.135331175807, 19231.135331175807, 19231.135331175807, 19231.135331175807, 19231.135331175807, 19231.135331175807, 19231.135331175807, 19231.135331175807, 19231.135331175807, 19231.135331175807, 19231.135331175807, 19231.135331175807, 19231.135331175807, 19231.135331175807, 19231.135331175807, 19231.135331175807, 19231.135331175807, 19231.135331175807, 19231.135331175807, 19231.135331175807, 19231.135331175807, 19231.135331175807, 19231.135331175807, 19231.135331175807, 19231.135331175807, 19231.135331175807, 19231.135331175807, 19231.135331175807, 19231.135331175807, 19231.135331175807, 19231.135331175807, 19231.135331175807, 19231.135331175807, 19231.135331175807, 19231.135331175807, 19231.135331175807, 19231.135331175807, 19231.135331175807, 19231.135331175807, 19231.135331175807, 19231.135331175807, 19231.135331175807, 19231.135331175807, 19231.135331175807, 19231.135331175807, 19231.135331175807, 19231.135331175807, 19231.135331175807, 19231.135331175807, 19231.135331175807, 19231.135331175807, 19231.135331175807, 19231.135331175807, 19231.135331175807, 19231.135331175807, 19231.135331175807, 19231.135331175807, 19231.135331175807, 19231.135331175807, 19231.135331175807, 19231.135331175807, 19231.135331175807, 19231.135331175807, 19231.135331175807, 19231.135331175807, 19231.135331175807, 19231.135331175807, 19231.135331175807, 19231.135331175807, 19231.135331175807, 19231.135331175807, 19231.135331175807, 19231.135331175807, 19231.135331175807, 19231.135331175807, 19231.135331175807, 19231.135331175807, 19231.135331175807, 19231.135331175807, 19231.135331175807, 19231.135331175807, 19231.135331175807, 19231.135331175807, 19231.135331175807, 19231.135331175807, 19231.135331175807, 19231.135331175807, 19231.135331175807, 19231.135331175807, 19231.135331175807, 19231.135331175807, 19231.135331175807, 19231.135331175807, 19231.135331175807, 19231.135331175807, 19231.135331175807, 19231.135331175807, 19231.135331175807, 19231.135331175807, 19231.135331175807, 19231.135331175807, 19231.135331175807, 19231.135331175807, 19231.135331175807, 19231.135331175807, 19231.135331175807, 19231.135331175807, 19231.135331175807, 19231.135331175807, 19231.135331175807, 19231.135331175807, 19231.135331175807, 19231.135331175807, 19231.135331175807, 19231.135331175807, 19231.135331175807, 19231.135331175807, 19231.135331175807, 19231.135331175807, 19231.135331175807, 19231.135331175807, 19231.135331175807, 19231.135331175807, 19231.135331175807, 19231.135331175807, 19231.135331175807, 19231.135331175807, 19231.135331175807, 19231.135331175807, 19231.135331175807, 19231.135331175807, 19231.135331175807, 19231.135331175807, 19231.135331175807, 19231.135331175807, 19231.135331175807, 19231.135331175807, 19231.135331175807, 19231.135331175807, 19231.135331175807, 19231.135331175807, 19231.135331175807, 19231.135331175807, 19231.135331175807, 19231.135331175807, 19231.135331175807, 19231.135331175807, 19231.135331175807, 19231.135331175807, 19231.135331175807, 19231.135331175807, 19231.135331175807, 19231.135331175807, 19231.135331175807, 19231.135331175807, 19231.135331175807, 19231.135331175807, 19231.135331175807, 19231.135331175807, 19231.135331175807, 19231.135331175807, 19231.135331175807, 19231.135331175807, 19231.135331175807, 19231.135331175807, 19231.135331175807, 19231.135331175807, 19231.135331175807, 19231.135331175807, 19231.135331175807, 19231.135331175807, 19231.135331175807, 19231.135331175807, 19231.135331175807, 19231.135331175807, 19231.135331175807, 19231.135331175807, 19231.135331175807, 19231.135331175807, 19231.135331175807, 19231.135331175807, 19231.135331175807, 19231.135331175807, 19231.135331175807, 19231.135331175807, 19231.135331175807, 19231.135331175807, 19231.135331175807, 19231.135331175807, 19231.135331175807, 19231.135331175807, 19231.135331175807, 19231.135331175807, 19231.135331175807, 19231.135331175807, 19231.135331175807, 19231.135331175807, 19231.135331175807, 19231.135331175807, 19231.135331175807, 19231.135331175807, 19231.135331175807, 19231.135331175807, 19231.135331175807, 19231.135331175807, 19231.135331175807, 19231.135331175807, 19231.135331175807, 19231.135331175807, 19231.135331175807, 19231.135331175807, 19231.135331175807, 19231.135331175807, 19231.135331175807, 19231.135331175807, 19231.135331175807, 19231.135331175807, 19231.135331175807, 19231.135331175807, 19231.135331175807, 19231.135331175807, 19231.135331175807, 19231.135331175807, 19231.135331175807, 19231.135331175807, 19231.135331175807, 19231.135331175807, 19231.135331175807, 19231.135331175807, 19231.135331175807, 19231.135331175807, 19231.135331175807, 19231.135331175807, 19231.135331175807, 19231.135331175807, 19231.135331175807, 19231.135331175807, 19231.135331175807, 19231.135331175807, 19231.135331175807, 19231.135331175807, 19231.135331175807, 19231.135331175807, 19231.135331175807, 19231.135331175807, 19231.135331175807, 19231.135331175807, 19231.135331175807, 19231.135331175807, 19231.135331175807, 19231.135331175807, 19231.135331175807, 19231.135331175807, 19231.135331175807, 19231.135331175807, 19231.135331175807, 19231.135331175807, 19231.135331175807, 19231.135331175807, 19231.135331175807, 19231.135331175807, 19231.135331175807, 19231.135331175807, 19231.135331175807, 19231.135331175807, 19231.135331175807, 19231.135331175807, 19231.135331175807, 19231.135331175807, 19231.135331175807, 19231.135331175807, 19231.135331175807, 19231.135331175807, 19231.135331175807, 19231.135331175807, 19231.135331175807, 19231.135331175807, 19231.135331175807, 19231.135331175807, 19231.135331175807, 19231.135331175807, 19231.135331175807, 19231.135331175807, 19231.135331175807, 19231.135331175807, 19231.135331175807, 19231.135331175807, 19231.135331175807, 19231.135331175807, 19231.135331175807, 19231.135331175807, 19231.135331175807, 19231.135331175807, 19231.135331175807, 19231.135331175807, 19231.135331175807, 19231.135331175807, 19231.135331175807, 19231.135331175807, 19231.135331175807, 19231.135331175807, 19231.135331175807, 19231.135331175807, 19231.135331175807, 19231.135331175807, 19231.135331175807, 19231.135331175807, 19231.135331175807, 19231.135331175807, 19231.135331175807, 19231.135331175807, 19231.135331175807, 19231.135331175807, 19231.135331175807, 19231.135331175807, 19231.135331175807, 19231.135331175807, 19231.135331175807, 19231.135331175807, 19231.135331175807, 19231.135331175807, 19231.135331175807, 19231.135331175807, 19231.135331175807, 19231.135331175807, 19231.135331175807, 19231.135331175807, 19231.135331175807, 19231.135331175807, 19231.135331175807, 19231.135331175807, 19231.135331175807, 19231.135331175807, 19231.135331175807, 19231.135331175807, 19231.135331175807, 19231.135331175807, 19231.135331175807, 19231.135331175807, 19231.135331175807, 19231.135331175807, 19231.135331175807, 19231.135331175807, 19231.135331175807, 19231.135331175807, 19231.135331175807, 19231.135331175807, 19231.135331175807, 19231.135331175807, 19231.135331175807, 19231.135331175807, 19231.135331175807, 19231.135331175807, 19231.135331175807, 19231.135331175807, 19231.135331175807, 19231.135331175807, 19231.135331175807, 19231.135331175807, 19231.135331175807, 19231.135331175807, 19231.135331175807, 19231.135331175807, 19231.135331175807, 19231.135331175807, 19231.135331175807, 19231.135331175807, 19231.135331175807, 19231.135331175807, 19231.135331175807, 19231.135331175807, 19231.135331175807, 19231.135331175807, 19231.135331175807, 19231.135331175807, 19231.135331175807, 19231.135331175807, 19231.135331175807, 19231.135331175807, 19231.135331175807, 19231.135331175807, 19231.135331175807, 19231.135331175807, 19231.135331175807, 19231.135331175807, 19231.135331175807, 19231.135331175807, 19231.135331175807, 19231.135331175807, 19231.135331175807, 19231.135331175807, 19231.135331175807, 19231.135331175807, 19231.135331175807, 19231.135331175807, 19231.135331175807, 19231.135331175807, 19231.135331175807, 19231.135331175807, 19231.135331175807, 19231.135331175807, 19231.135331175807, 19231.135331175807, 19231.135331175807, 19231.135331175807, 19231.135331175807, 19231.135331175807, 19231.135331175807, 19231.135331175807, 19231.135331175807, 19231.135331175807, 19231.135331175807, 19231.135331175807, 19231.135331175807, 19231.135331175807, 19231.135331175807, 19231.135331175807, 19231.135331175807, 19231.135331175807, 19231.135331175807, 19231.135331175807, 19231.135331175807, 19231.135331175807, 19231.135331175807, 19231.135331175807, 19231.135331175807, 19231.135331175807, 19231.135331175807, 19227.831625949606, 19227.831625949606, 19227.831625949606, 19227.831625949606, 19227.831625949606, 19227.831625949606, 19227.831625949606, 19227.831625949606, 19227.831625949606, 19227.831625949606, 19227.831625949606, 19227.831625949606, 19227.831625949606, 19227.831625949606, 19227.831625949606, 19227.831625949606, 19227.831625949606, 19227.831625949606, 19227.831625949606, 19227.831625949606, 19227.831625949606, 19227.831625949606, 19227.831625949606, 19227.831625949606, 19227.831625949606, 19227.831625949606, 19227.831625949606, 19227.831625949606, 19227.831625949606, 19227.831625949606, 19227.831625949606, 19227.831625949606, 19227.831625949606, 19227.831625949606, 19227.831625949606, 19227.831625949606, 19227.831625949606, 19227.831625949606, 19227.831625949606, 19227.831625949606, 19227.831625949606, 19227.831625949606, 19227.831625949606, 19227.831625949606, 19227.831625949606, 19227.831625949606, 19227.831625949606, 19227.831625949606, 19227.831625949606, 19227.831625949606, 19227.831625949606, 19227.831625949606, 19227.831625949606, 19227.831625949606, 19227.831625949606, 19227.831625949606, 19227.831625949606, 19227.831625949606, 19227.831625949606, 19227.831625949606, 19227.831625949606, 19227.831625949606, 19227.831625949606, 19227.831625949606, 19227.831625949606, 19227.831625949606, 19227.831625949606, 19227.831625949606, 19227.831625949606, 19227.831625949606, 19227.831625949606, 19227.831625949606, 19227.831625949606, 19227.831625949606, 19227.831625949606, 19227.831625949606, 19227.831625949606, 19227.831625949606, 19227.831625949606, 19227.831625949606, 19227.831625949606, 19227.831625949606, 19227.831625949606, 19227.831625949606, 19227.831625949606, 19227.831625949606, 19227.831625949606, 19227.831625949606, 19227.831625949606, 19227.831625949606, 19204.533668928365, 19204.533668928365, 19204.533668928365, 19204.533668928365, 19204.533668928365, 19204.533668928365, 19204.533668928365, 19204.533668928365, 19204.533668928365, 19204.533668928365, 19204.533668928365, 19204.533668928365, 19204.533668928365, 19204.533668928365, 19204.533668928365, 19204.533668928365, 19204.533668928365, 19204.533668928365, 19204.533668928365, 19204.533668928365, 19204.533668928365, 19204.533668928365, 19204.533668928365, 19204.533668928365, 19204.533668928365, 19204.533668928365, 19204.533668928365, 19204.533668928365, 19204.533668928365, 19204.533668928365, 19204.533668928365, 19204.533668928365, 19204.533668928365, 19204.533668928365, 19204.533668928365, 19204.533668928365, 19204.533668928365, 19204.533668928365, 19204.533668928365, 19204.533668928365, 19204.533668928365, 19204.533668928365, 19204.533668928365, 19204.533668928365, 19204.533668928365, 19204.533668928365, 19204.533668928365, 19204.533668928365, 19204.533668928365, 19204.533668928365, 19204.533668928365, 19204.533668928365, 19204.533668928365, 19204.533668928365, 19204.533668928365, 19204.533668928365, 19204.533668928365, 19204.533668928365, 19204.533668928365, 19204.533668928365, 19204.533668928365, 19204.533668928365, 19204.533668928365, 19204.533668928365, 19204.533668928365, 19204.533668928365, 19204.533668928365, 19204.533668928365, 19204.533668928365, 19204.533668928365, 19204.533668928365, 19204.533668928365, 19204.533668928365, 19204.533668928365, 19204.533668928365, 19204.533668928365, 19204.533668928365, 19204.533668928365, 19204.533668928365, 19204.533668928365, 19204.533668928365, 19204.533668928365, 19204.533668928365]
Computational time : 1729.78200006