Name : Ahmed ElMousel
Problem : X-n190-k8 
Whale Algorithm 
cost : 802.02192438
Routes : 
1->28->25->1
1->13->2->8->31->1
1->27->14->18->20->32->22->17->1
1->7->4->3->24->29->5->12->15->1
1->21->6->26->11->30->16->23->10->9->19->1
best solutions : 
[824.1079504033206, 824.1079504033206, 818.112874646863, 809.1259255063501, 809.1259255063501, 809.1259255063501, 809.1259255063501, 809.1259255063501, 809.1259255063501, 809.0984188697736, 809.0984188697736, 809.0984188697736, 804.3333094569423, 804.3333094569423, 804.3333094569423, 804.3333094569423, 804.3333094569423, 804.3333094569423, 804.3333094569423, 804.3333094569423, 804.3333094569423, 804.3333094569423, 804.3333094569423, 804.3333094569423, 804.3333094569423, 804.3333094569423, 804.3333094569423, 802.1424362106839, 802.1424362106839, 802.1424362106839, 802.1424362106839, 802.1424362106839, 802.1424362106839, 802.1424362106839, 802.1424362106839, 802.1424362106839, 802.1424362106839, 802.1424362106839, 802.1424362106839, 802.1424362106839, 802.1424362106839, 802.1424362106839, 802.1424362106839, 802.1424362106839, 802.1424362106839, 802.1424362106839, 802.1424362106839, 802.1424362106839, 802.1424362106839, 802.1424362106839, 802.1424362106839, 802.1424362106839, 802.1424362106839, 802.1424362106839, 802.1424362106839, 802.1424362106839, 802.1424362106839, 802.0219243797999, 802.0219243797999, 802.0219243797999, 802.0219243797999, 802.0219243797999, 802.0219243797999, 802.0219243797999, 802.0219243797999, 802.0219243797999, 802.0219243797999, 802.0219243797999, 802.0219243797999, 802.0219243797999, 802.0219243797999, 802.0219243797999, 802.0219243797999, 802.0219243797999, 802.0219243797999, 802.0219243797999, 802.0219243797999, 802.0219243797999, 802.0219243797999, 802.0219243797999, 802.0219243797999, 802.0219243797999, 802.0219243797999, 802.0219243797999, 802.0219243797999, 802.0219243797999, 802.0219243797999, 802.0219243797999, 802.0219243797999, 802.0219243797999, 802.0219243797999, 802.0219243797999, 802.0219243797999, 802.0219243797999, 802.0219243797999, 802.0219243797999, 802.0219243797999, 802.0219243797999, 802.0219243797999, 802.0219243797999, 802.0219243797999, 802.0219243797999, 802.0219243797999, 802.0219243797999, 802.0219243797999, 802.0219243797999, 802.0219243797999, 802.0219243797999, 802.0219243797999, 802.0219243797999, 802.0219243797999, 802.0219243797999, 802.0219243797999, 802.0219243797999, 802.0219243797999, 802.0219243797999, 802.0219243797999, 802.0219243797999, 802.0219243797999, 802.0219243797999, 802.0219243797999, 802.0219243797999, 802.0219243797999, 802.0219243797999, 802.0219243797999, 802.0219243797999, 802.0219243797999, 802.0219243797999, 802.0219243797999, 802.0219243797999, 802.0219243797999, 802.0219243797999, 802.0219243797999, 802.0219243797999, 802.0219243797999, 802.0219243797999, 802.0219243797999, 802.0219243797999, 802.0219243797999, 802.0219243797999, 802.0219243797999, 802.0219243797999, 802.0219243797999, 802.0219243797999, 802.0219243797999, 802.0219243797999, 802.0219243797999, 802.0219243797999, 802.0219243797999, 802.0219243797999, 802.0219243797999, 802.0219243797999, 802.0219243797999, 802.0219243797999, 802.0219243797999, 802.0219243797999, 802.0219243797999, 802.0219243797999, 802.0219243797999, 802.0219243797999, 802.0219243797999, 802.0219243797999, 802.0219243797999, 802.0219243797999, 802.0219243797999, 802.0219243797999, 802.0219243797999, 802.0219243797999, 802.0219243797999, 802.0219243797999, 802.0219243797999, 802.0219243797999, 802.0219243797999, 802.0219243797999, 802.0219243797999, 802.0219243797999, 802.0219243797999, 802.0219243797999, 802.0219243797999, 802.0219243797999, 802.0219243797999, 802.0219243797999, 802.0219243797999, 802.0219243797999, 802.0219243797999, 802.0219243797999, 802.0219243797999, 802.0219243797999, 802.0219243797999, 802.0219243797999, 802.0219243797999, 802.0219243797999, 802.0219243797999, 802.0219243797999, 802.0219243797999, 802.0219243797999, 802.0219243797999, 802.0219243797999, 802.0219243797999, 802.0219243797999, 802.0219243797999, 802.0219243797999, 802.0219243797999, 802.0219243797999, 802.0219243797999, 802.0219243797999, 802.0219243797999, 802.0219243797999, 802.0219243797999, 802.0219243797999, 802.0219243797999, 802.0219243797999, 802.0219243797999, 802.0219243797999, 802.0219243797999, 802.0219243797999, 802.0219243797999, 802.0219243797999, 802.0219243797999, 802.0219243797999, 802.0219243797999, 802.0219243797999, 802.0219243797999, 802.0219243797999, 802.0219243797999, 802.0219243797999, 802.0219243797999, 802.0219243797999, 802.0219243797999, 802.0219243797999, 802.0219243797999, 802.0219243797999, 802.0219243797999, 802.0219243797999, 802.0219243797999, 802.0219243797999, 802.0219243797999, 802.0219243797999, 802.0219243797999, 802.0219243797999, 802.0219243797999, 802.0219243797999, 802.0219243797999, 802.0219243797999, 802.0219243797999, 802.0219243797999, 802.0219243797999, 802.0219243797999, 802.0219243797999, 802.0219243797999, 802.0219243797999, 802.0219243797999, 802.0219243797999, 802.0219243797999, 802.0219243797999, 802.0219243797999, 802.0219243797999, 802.0219243797999, 802.0219243797999, 802.0219243797999, 802.0219243797999, 802.0219243797999, 802.0219243797999, 802.0219243797999, 802.0219243797999, 802.0219243797999, 802.0219243797999, 802.0219243797999, 802.0219243797999, 802.0219243797999, 802.0219243797999, 802.0219243797999, 802.0219243797999, 802.0219243797999, 802.0219243797999, 802.0219243797999, 802.0219243797999, 802.0219243797999, 802.0219243797999, 802.0219243797999, 802.0219243797999, 802.0219243797999, 802.0219243797999, 802.0219243797999, 802.0219243797999, 802.0219243797999, 802.0219243797999, 802.0219243797999, 802.0219243797999, 802.0219243797999, 802.0219243797999, 802.0219243797999, 802.0219243797999, 802.0219243797999, 802.0219243797999, 802.0219243797999, 802.0219243797999, 802.0219243797999, 802.0219243797999, 802.0219243797999, 802.0219243797999, 802.0219243797999, 802.0219243797999, 802.0219243797999, 802.0219243797999, 802.0219243797999, 802.0219243797999, 802.0219243797999, 802.0219243797999, 802.0219243797999, 802.0219243797999, 802.0219243797999, 802.0219243797999, 802.0219243797999, 802.0219243797999, 802.0219243797999, 802.0219243797999, 802.0219243797999, 802.0219243797999, 802.0219243797999, 802.0219243797999, 802.0219243797999, 802.0219243797999, 802.0219243797999, 802.0219243797999, 802.0219243797999, 802.0219243797999, 802.0219243797999, 802.0219243797999, 802.0219243797999, 802.0219243797999, 802.0219243797999, 802.0219243797999, 802.0219243797999, 802.0219243797999, 802.0219243797999, 802.0219243797999, 802.0219243797999, 802.0219243797999, 802.0219243797999, 802.0219243797999, 802.0219243797999, 802.0219243797999, 802.0219243797999, 802.0219243797999, 802.0219243797999, 802.0219243797999, 802.0219243797999, 802.0219243797999, 802.0219243797999, 802.0219243797999, 802.0219243797999, 802.0219243797999, 802.0219243797999, 802.0219243797999, 802.0219243797999, 802.0219243797999, 802.0219243797999, 802.0219243797999, 802.0219243797999, 802.0219243797999]
Computational time : 14.7050001621