Name : Ahmed ElMousel
Problem : X-n190-k8 
Whale Algorithm 
cost : 1121.45151388
Routes : 
1->22->13->33->9->1
1->26->42->51->49->19->30->1
1->5->8->43->32->21->47->27->1
1->38->15->4->18->35->34->1
1->31->23->20->28->14->55->29->1
1->10->50->40->17->39->41->54->1
1->37->3->52->12->16->11->1
1->44->46->2->7->1
1->6->48->36->45->25->53->24->1
best solutions : 
[1166.6937422554388, 1166.4254063875564, 1166.4254063875564, 1166.4254063875564, 1166.4254063875564, 1161.352131059069, 1161.352131059069, 1161.352131059069, 1161.352131059069, 1161.352131059069, 1161.352131059069, 1161.352131059069, 1161.352131059069, 1161.352131059069, 1161.352131059069, 1158.3583626433676, 1158.3583626433676, 1158.3583626433676, 1158.3583626433676, 1158.3583626433676, 1154.5736739254, 1154.1423393274222, 1149.4737677024843, 1149.4737677024843, 1149.4737677024843, 1149.4737677024843, 1147.9030544669433, 1147.9030544669433, 1147.4734134511446, 1147.4734134511446, 1147.4734134511446, 1146.862629845116, 1146.862629845116, 1146.862629845116, 1146.862629845116, 1146.862629845116, 1144.820400268068, 1144.820400268068, 1139.7221523319788, 1139.7221523319788, 1139.7221523319788, 1139.7221523319788, 1139.7221523319788, 1139.7221523319788, 1139.7221523319788, 1139.7221523319788, 1137.6799227549307, 1137.6799227549307, 1137.6799227549307, 1137.6799227549307, 1137.6799227549307, 1137.6799227549307, 1137.6799227549307, 1136.6550792630799, 1136.292831125184, 1136.292831125184, 1136.292831125184, 1136.292831125184, 1136.292831125184, 1136.292831125184, 1135.7248569905585, 1135.7248569905585, 1135.7248569905585, 1135.7248569905585, 1135.7248569905585, 1135.7248569905585, 1135.7248569905585, 1135.7248569905585, 1135.298421528641, 1135.298421528641, 1135.298421528641, 1135.2855632315054, 1135.2855632315054, 1135.2855632315054, 1135.2855632315054, 1135.2855632315054, 1135.2855632315054, 1135.2855632315054, 1135.2855632315054, 1135.2855632315054, 1134.8734580471926, 1134.8734580471926, 1134.8734580471926, 1134.8734580471926, 1134.8734580471926, 1134.8734580471926, 1134.8734580471926, 1134.8734580471926, 1134.8734580471926, 1134.8734580471926, 1134.8734580471926, 1134.8734580471926, 1134.8734580471926, 1134.8734580471926, 1134.8734580471926, 1134.8734580471926, 1134.8734580471926, 1134.8734580471926, 1134.8734580471926, 1134.8734580471926, 1134.8734580471926, 1134.8734580471926, 1134.8734580471926, 1134.8734580471926, 1134.8734580471926, 1134.8734580471926, 1134.8734580471926, 1134.8734580471926, 1134.8734580471926, 1134.8734580471926, 1134.8734580471926, 1134.8734580471926, 1134.8734580471926, 1134.8734580471926, 1134.8734580471926, 1134.8734580471926, 1134.8734580471926, 1134.8734580471926, 1134.8734580471926, 1134.8734580471926, 1134.8734580471926, 1134.8734580471926, 1134.8734580471926, 1134.8734580471926, 1134.8734580471926, 1134.8734580471926, 1134.8734580471926, 1134.8734580471926, 1134.8734580471926, 1128.7586087340574, 1128.7586087340574, 1128.7586087340574, 1128.7586087340574, 1128.7586087340574, 1128.7586087340574, 1128.7586087340574, 1128.7586087340574, 1128.7586087340574, 1128.7586087340574, 1128.7586087340574, 1128.7586087340574, 1128.7586087340574, 1128.7586087340574, 1128.7586087340574, 1128.7586087340574, 1128.7586087340574, 1128.7586087340574, 1128.7586087340574, 1128.7586087340574, 1128.7586087340574, 1128.7586087340574, 1128.7586087340574, 1128.7586087340574, 1128.7586087340574, 1128.7586087340574, 1128.7586087340574, 1128.7586087340574, 1128.7586087340574, 1128.7586087340574, 1128.7586087340574, 1128.7586087340574, 1128.7586087340574, 1128.7586087340574, 1128.7586087340574, 1128.7586087340574, 1128.7586087340574, 1128.7586087340574, 1128.7586087340574, 1128.7586087340574, 1128.7586087340574, 1128.7586087340574, 1128.7586087340574, 1128.7586087340574, 1128.7586087340574, 1128.7586087340574, 1128.7586087340574, 1128.7586087340574, 1128.7586087340574, 1128.7586087340574, 1128.7586087340574, 1128.7586087340574, 1128.7586087340574, 1128.7586087340574, 1128.7586087340574, 1128.7586087340574, 1128.7586087340574, 1128.7586087340574, 1128.7586087340574, 1128.7586087340574, 1128.7586087340574, 1128.7586087340574, 1128.7586087340574, 1128.7586087340574, 1128.7586087340574, 1128.7586087340574, 1128.7586087340574, 1128.7586087340574, 1128.7586087340574, 1128.7586087340574, 1128.7586087340574, 1128.7586087340574, 1128.7586087340574, 1128.7586087340574, 1128.7586087340574, 1128.7586087340574, 1128.7586087340574, 1128.7586087340574, 1128.7586087340574, 1128.7586087340574, 1128.7586087340574, 1128.7586087340574, 1128.7586087340574, 1128.7586087340574, 1128.7586087340574, 1128.7586087340574, 1128.7586087340574, 1128.7586087340574, 1128.7586087340574, 1128.7586087340574, 1128.7586087340574, 1128.7586087340574, 1128.7586087340574, 1128.7586087340574, 1128.7586087340574, 1128.7586087340574, 1128.7586087340574, 1128.7586087340574, 1128.7586087340574, 1128.7586087340574, 1128.7586087340574, 1128.7586087340574, 1128.7586087340574, 1128.7586087340574, 1128.7586087340574, 1128.7586087340574, 1128.7586087340574, 1128.7586087340574, 1128.7586087340574, 1128.7586087340574, 1128.7586087340574, 1128.7586087340574, 1128.7586087340574, 1128.7586087340574, 1128.7586087340574, 1128.7586087340574, 1128.7586087340574, 1128.7586087340574, 1128.7586087340574, 1128.7586087340574, 1128.7586087340574, 1128.7586087340574, 1128.7586087340574, 1128.7586087340574, 1128.7586087340574, 1128.7586087340574, 1128.7586087340574, 1128.7586087340574, 1128.7586087340574, 1128.7586087340574, 1128.7586087340574, 1128.7586087340574, 1128.7586087340574, 1128.7586087340574, 1128.7586087340574, 1128.7586087340574, 1128.7586087340574, 1128.7586087340574, 1128.7586087340574, 1128.4587318305698, 1128.4587318305698, 1128.4587318305698, 1128.4587318305698, 1128.4587318305698, 1128.4587318305698, 1128.4587318305698, 1128.4587318305698, 1128.4587318305698, 1128.1032555935456, 1128.1032555935456, 1128.1032555935456, 1128.1032555935456, 1128.1032555935456, 1128.1032555935456, 1128.1032555935456, 1128.1032555935456, 1122.6970239537047, 1122.6970239537047, 1122.6970239537047, 1122.6970239537047, 1122.6970239537047, 1122.6970239537047, 1122.6970239537047, 1122.6970239537047, 1122.6970239537047, 1122.6970239537047, 1122.6970239537047, 1122.6970239537047, 1122.6970239537047, 1122.6970239537047, 1122.6970239537047, 1122.6970239537047, 1122.6970239537047, 1122.6970239537047, 1122.6970239537047, 1122.6970239537047, 1122.6970239537047, 1122.6970239537047, 1122.6970239537047, 1122.6970239537047, 1122.6970239537047, 1122.6970239537047, 1122.6970239537047, 1122.6970239537047, 1122.6970239537047, 1122.6970239537047, 1122.6970239537047, 1122.6970239537047, 1122.6970239537047, 1122.6970239537047, 1122.6970239537047, 1122.6970239537047, 1122.6970239537047, 1122.4338206168486, 1122.4338206168486, 1121.4515138847985, 1121.4515138847985, 1121.4515138847985, 1121.4515138847985, 1121.4515138847985, 1121.4515138847985, 1121.4515138847985, 1121.4515138847985, 1121.4515138847985, 1121.4515138847985, 1121.4515138847985, 1121.4515138847985, 1121.4515138847985, 1121.4515138847985, 1121.4515138847985, 1121.4515138847985, 1121.4515138847985, 1121.4515138847985, 1121.4515138847985, 1121.4515138847985, 1121.4515138847985, 1121.4515138847985, 1121.4515138847985, 1121.4515138847985, 1121.4515138847985, 1121.4515138847985, 1121.4515138847985, 1121.4515138847985, 1121.4515138847985, 1121.4515138847985, 1121.4515138847985, 1121.4515138847985, 1121.4515138847985, 1121.4515138847985, 1121.4515138847985, 1121.4515138847985, 1121.4515138847985, 1121.4515138847985, 1121.4515138847985, 1121.4515138847985, 1121.4515138847985, 1121.4515138847985, 1121.4515138847985, 1121.4515138847985, 1121.4515138847985, 1121.4515138847985, 1121.4515138847985, 1121.4515138847985, 1121.4515138847985, 1121.4515138847985, 1121.4515138847985, 1121.4515138847985, 1121.4515138847985, 1121.4515138847985, 1121.4515138847985, 1121.4515138847985, 1121.4515138847985, 1121.4515138847985, 1121.4515138847985, 1121.4515138847985, 1121.4515138847985, 1121.4515138847985, 1121.4515138847985, 1121.4515138847985, 1121.4515138847985, 1121.4515138847985, 1121.4515138847985, 1121.4515138847985, 1121.4515138847985, 1121.4515138847985, 1121.4515138847985, 1121.4515138847985, 1121.4515138847985, 1121.4515138847985, 1121.4515138847985, 1121.4515138847985, 1121.4515138847985, 1121.4515138847985, 1121.4515138847985, 1121.4515138847985, 1121.4515138847985, 1121.4515138847985, 1121.4515138847985, 1121.4515138847985, 1121.4515138847985, 1121.4515138847985, 1121.4515138847985, 1121.4515138847985, 1121.4515138847985, 1121.4515138847985, 1121.4515138847985, 1121.4515138847985, 1121.4515138847985, 1121.4515138847985, 1121.4515138847985, 1121.4515138847985, 1121.4515138847985, 1121.4515138847985, 1121.4515138847985, 1121.4515138847985, 1121.4515138847985, 1121.4515138847985, 1121.4515138847985, 1121.4515138847985, 1121.4515138847985, 1121.4515138847985, 1121.4515138847985, 1121.4515138847985, 1121.4515138847985, 1121.4515138847985, 1121.4515138847985, 1121.4515138847985, 1121.4515138847985, 1121.4515138847985, 1121.4515138847985, 1121.4515138847985, 1121.4515138847985, 1121.4515138847985, 1121.4515138847985, 1121.4515138847985, 1121.4515138847985, 1121.4515138847985, 1121.4515138847985, 1121.4515138847985, 1121.4515138847985, 1121.4515138847985, 1121.4515138847985, 1121.4515138847985, 1121.4515138847985, 1121.4515138847985, 1121.4515138847985, 1121.4515138847985, 1121.4515138847985, 1121.4515138847985, 1121.4515138847985, 1121.4515138847985, 1121.4515138847985, 1121.4515138847985, 1121.4515138847985, 1121.4515138847985, 1121.4515138847985, 1121.4515138847985, 1121.4515138847985, 1121.4515138847985, 1121.4515138847985, 1121.4515138847985, 1121.4515138847985, 1121.4515138847985, 1121.4515138847985, 1121.4515138847985, 1121.4515138847985, 1121.4515138847985, 1121.4515138847985, 1121.4515138847985, 1121.4515138847985, 1121.4515138847985, 1121.4515138847985, 1121.4515138847985, 1121.4515138847985, 1121.4515138847985, 1121.4515138847985, 1121.4515138847985, 1121.4515138847985, 1121.4515138847985, 1121.4515138847985, 1121.4515138847985, 1121.4515138847985, 1121.4515138847985, 1121.4515138847985, 1121.4515138847985, 1121.4515138847985, 1121.4515138847985, 1121.4515138847985, 1121.4515138847985, 1121.4515138847985, 1121.4515138847985, 1121.4515138847985, 1121.4515138847985, 1121.4515138847985, 1121.4515138847985, 1121.4515138847985, 1121.4515138847985, 1121.4515138847985, 1121.4515138847985, 1121.4515138847985, 1121.4515138847985, 1121.4515138847985, 1121.4515138847985, 1121.4515138847985, 1121.4515138847985, 1121.4515138847985, 1121.4515138847985, 1121.4515138847985, 1121.4515138847985, 1121.4515138847985, 1121.4515138847985, 1121.4515138847985, 1121.4515138847985, 1121.4515138847985, 1121.4515138847985, 1121.4515138847985, 1121.4515138847985, 1121.4515138847985, 1121.4515138847985, 1121.4515138847985, 1121.4515138847985, 1121.4515138847985, 1121.4515138847985, 1121.4515138847985, 1121.4515138847985, 1121.4515138847985, 1121.4515138847985, 1121.4515138847985, 1121.4515138847985, 1121.4515138847985, 1121.4515138847985, 1121.4515138847985, 1121.4515138847985, 1121.4515138847985, 1121.4515138847985, 1121.4515138847985, 1121.4515138847985, 1121.4515138847985, 1121.4515138847985, 1121.4515138847985, 1121.4515138847985, 1121.4515138847985, 1121.4515138847985, 1121.4515138847985, 1121.4515138847985, 1121.4515138847985, 1121.4515138847985, 1121.4515138847985, 1121.4515138847985, 1121.4515138847985, 1121.4515138847985, 1121.4515138847985, 1121.4515138847985, 1121.4515138847985, 1121.4515138847985, 1121.4515138847985, 1121.4515138847985, 1121.4515138847985, 1121.4515138847985, 1121.4515138847985, 1121.4515138847985, 1121.4515138847985, 1121.4515138847985, 1121.4515138847985, 1121.4515138847985, 1121.4515138847985, 1121.4515138847985, 1121.4515138847985, 1121.4515138847985, 1121.4515138847985, 1121.4515138847985, 1121.4515138847985, 1121.4515138847985, 1121.4515138847985, 1121.4515138847985, 1121.4515138847985, 1121.4515138847985, 1121.4515138847985, 1121.4515138847985, 1121.4515138847985, 1121.4515138847985, 1121.4515138847985, 1121.4515138847985, 1121.4515138847985, 1121.4515138847985, 1121.4515138847985, 1121.4515138847985, 1121.4515138847985, 1121.4515138847985, 1121.4515138847985, 1121.4515138847985, 1121.4515138847985, 1121.4515138847985, 1121.4515138847985, 1121.4515138847985, 1121.4515138847985, 1121.4515138847985, 1121.4515138847985, 1121.4515138847985, 1121.4515138847985, 1121.4515138847985, 1121.4515138847985, 1121.4515138847985, 1121.4515138847985, 1121.4515138847985, 1121.4515138847985, 1121.4515138847985, 1121.4515138847985, 1121.4515138847985, 1121.4515138847985, 1121.4515138847985, 1121.4515138847985, 1121.4515138847985, 1121.4515138847985, 1121.4515138847985, 1121.4515138847985, 1121.4515138847985, 1121.4515138847985, 1121.4515138847985, 1121.4515138847985, 1121.4515138847985, 1121.4515138847985, 1121.4515138847985, 1121.4515138847985, 1121.4515138847985, 1121.4515138847985, 1121.4515138847985, 1121.4515138847985, 1121.4515138847985, 1121.4515138847985, 1121.4515138847985, 1121.4515138847985, 1121.4515138847985, 1121.4515138847985, 1121.4515138847985, 1121.4515138847985, 1121.4515138847985, 1121.4515138847985, 1121.4515138847985, 1121.4515138847985, 1121.4515138847985, 1121.4515138847985, 1121.4515138847985, 1121.4515138847985, 1121.4515138847985, 1121.4515138847985, 1121.4515138847985, 1121.4515138847985, 1121.4515138847985, 1121.4515138847985, 1121.4515138847985, 1121.4515138847985, 1121.4515138847985, 1121.4515138847985, 1121.4515138847985, 1121.4515138847985, 1121.4515138847985, 1121.4515138847985, 1121.4515138847985, 1121.4515138847985, 1121.4515138847985, 1121.4515138847985, 1121.4515138847985, 1121.4515138847985, 1121.4515138847985, 1121.4515138847985, 1121.4515138847985, 1121.4515138847985, 1121.4515138847985, 1121.4515138847985, 1121.4515138847985, 1121.4515138847985, 1121.4515138847985, 1121.4515138847985, 1121.4515138847985, 1121.4515138847985, 1121.4515138847985, 1121.4515138847985, 1121.4515138847985, 1121.4515138847985, 1121.4515138847985, 1121.4515138847985, 1121.4515138847985, 1121.4515138847985, 1121.4515138847985, 1121.4515138847985, 1121.4515138847985, 1121.4515138847985, 1121.4515138847985, 1121.4515138847985, 1121.4515138847985, 1121.4515138847985, 1121.4515138847985, 1121.4515138847985, 1121.4515138847985, 1121.4515138847985, 1121.4515138847985, 1121.4515138847985, 1121.4515138847985, 1121.4515138847985, 1121.4515138847985, 1121.4515138847985, 1121.4515138847985, 1121.4515138847985, 1121.4515138847985, 1121.4515138847985, 1121.4515138847985, 1121.4515138847985, 1121.4515138847985, 1121.4515138847985, 1121.4515138847985, 1121.4515138847985, 1121.4515138847985, 1121.4515138847985, 1121.4515138847985, 1121.4515138847985, 1121.4515138847985, 1121.4515138847985, 1121.4515138847985, 1121.4515138847985, 1121.4515138847985, 1121.4515138847985, 1121.4515138847985, 1121.4515138847985, 1121.4515138847985, 1121.4515138847985, 1121.4515138847985, 1121.4515138847985, 1121.4515138847985, 1121.4515138847985, 1121.4515138847985, 1121.4515138847985, 1121.4515138847985, 1121.4515138847985, 1121.4515138847985, 1121.4515138847985, 1121.4515138847985, 1121.4515138847985, 1121.4515138847985, 1121.4515138847985, 1121.4515138847985, 1121.4515138847985, 1121.4515138847985, 1121.4515138847985, 1121.4515138847985, 1121.4515138847985, 1121.4515138847985, 1121.4515138847985, 1121.4515138847985, 1121.4515138847985, 1121.4515138847985, 1121.4515138847985, 1121.4515138847985, 1121.4515138847985, 1121.4515138847985, 1121.4515138847985, 1121.4515138847985, 1121.4515138847985, 1121.4515138847985, 1121.4515138847985, 1121.4515138847985, 1121.4515138847985, 1121.4515138847985, 1121.4515138847985, 1121.4515138847985, 1121.4515138847985, 1121.4515138847985, 1121.4515138847985, 1121.4515138847985, 1121.4515138847985, 1121.4515138847985, 1121.4515138847985, 1121.4515138847985, 1121.4515138847985, 1121.4515138847985, 1121.4515138847985, 1121.4515138847985, 1121.4515138847985, 1121.4515138847985, 1121.4515138847985, 1121.4515138847985, 1121.4515138847985, 1121.4515138847985, 1121.4515138847985, 1121.4515138847985, 1121.4515138847985, 1121.4515138847985, 1121.4515138847985, 1121.4515138847985, 1121.4515138847985, 1121.4515138847985, 1121.4515138847985, 1121.4515138847985, 1121.4515138847985, 1121.4515138847985, 1121.4515138847985, 1121.4515138847985, 1121.4515138847985, 1121.4515138847985, 1121.4515138847985, 1121.4515138847985, 1121.4515138847985, 1121.4515138847985, 1121.4515138847985, 1121.4515138847985, 1121.4515138847985, 1121.4515138847985, 1121.4515138847985, 1121.4515138847985, 1121.4515138847985, 1121.4515138847985, 1121.4515138847985, 1121.4515138847985, 1121.4515138847985, 1121.4515138847985, 1121.4515138847985, 1121.4515138847985, 1121.4515138847985, 1121.4515138847985, 1121.4515138847985, 1121.4515138847985, 1121.4515138847985, 1121.4515138847985, 1121.4515138847985, 1121.4515138847985, 1121.4515138847985, 1121.4515138847985, 1121.4515138847985, 1121.4515138847985, 1121.4515138847985, 1121.4515138847985, 1121.4515138847985, 1121.4515138847985, 1121.4515138847985, 1121.4515138847985, 1121.4515138847985, 1121.4515138847985, 1121.4515138847985, 1121.4515138847985, 1121.4515138847985, 1121.4515138847985, 1121.4515138847985, 1121.4515138847985, 1121.4515138847985, 1121.4515138847985, 1121.4515138847985, 1121.4515138847985, 1121.4515138847985, 1121.4515138847985, 1121.4515138847985, 1121.4515138847985, 1121.4515138847985, 1121.4515138847985, 1121.4515138847985, 1121.4515138847985, 1121.4515138847985, 1121.4515138847985, 1121.4515138847985, 1121.4515138847985, 1121.4515138847985, 1121.4515138847985, 1121.4515138847985, 1121.4515138847985, 1121.4515138847985, 1121.4515138847985, 1121.4515138847985, 1121.4515138847985, 1121.4515138847985, 1121.4515138847985, 1121.4515138847985, 1121.4515138847985, 1121.4515138847985, 1121.4515138847985, 1121.4515138847985, 1121.4515138847985, 1121.4515138847985, 1121.4515138847985, 1121.4515138847985, 1121.4515138847985, 1121.4515138847985, 1121.4515138847985, 1121.4515138847985, 1121.4515138847985, 1121.4515138847985, 1121.4515138847985, 1121.4515138847985, 1121.4515138847985, 1121.4515138847985, 1121.4515138847985, 1121.4515138847985, 1121.4515138847985, 1121.4515138847985, 1121.4515138847985, 1121.4515138847985, 1121.4515138847985, 1121.4515138847985, 1121.4515138847985, 1121.4515138847985, 1121.4515138847985, 1121.4515138847985, 1121.4515138847985, 1121.4515138847985, 1121.4515138847985, 1121.4515138847985, 1121.4515138847985, 1121.4515138847985, 1121.4515138847985, 1121.4515138847985, 1121.4515138847985, 1121.4515138847985, 1121.4515138847985, 1121.4515138847985, 1121.4515138847985, 1121.4515138847985, 1121.4515138847985, 1121.4515138847985, 1121.4515138847985, 1121.4515138847985, 1121.4515138847985, 1121.4515138847985, 1121.4515138847985, 1121.4515138847985, 1121.4515138847985, 1121.4515138847985, 1121.4515138847985, 1121.4515138847985, 1121.4515138847985, 1121.4515138847985, 1121.4515138847985, 1121.4515138847985, 1121.4515138847985, 1121.4515138847985, 1121.4515138847985, 1121.4515138847985, 1121.4515138847985, 1121.4515138847985, 1121.4515138847985, 1121.4515138847985, 1121.4515138847985, 1121.4515138847985, 1121.4515138847985, 1121.4515138847985, 1121.4515138847985, 1121.4515138847985, 1121.4515138847985, 1121.4515138847985, 1121.4515138847985, 1121.4515138847985, 1121.4515138847985, 1121.4515138847985, 1121.4515138847985, 1121.4515138847985, 1121.4515138847985, 1121.4515138847985, 1121.4515138847985, 1121.4515138847985, 1121.4515138847985, 1121.4515138847985, 1121.4515138847985, 1121.4515138847985, 1121.4515138847985, 1121.4515138847985, 1121.4515138847985, 1121.4515138847985, 1121.4515138847985, 1121.4515138847985, 1121.4515138847985, 1121.4515138847985, 1121.4515138847985, 1121.4515138847985, 1121.4515138847985, 1121.4515138847985, 1121.4515138847985, 1121.4515138847985, 1121.4515138847985, 1121.4515138847985, 1121.4515138847985, 1121.4515138847985, 1121.4515138847985, 1121.4515138847985, 1121.4515138847985, 1121.4515138847985, 1121.4515138847985, 1121.4515138847985, 1121.4515138847985, 1121.4515138847985, 1121.4515138847985, 1121.4515138847985, 1121.4515138847985, 1121.4515138847985, 1121.4515138847985, 1121.4515138847985, 1121.4515138847985, 1121.4515138847985, 1121.4515138847985, 1121.4515138847985, 1121.4515138847985, 1121.4515138847985, 1121.4515138847985, 1121.4515138847985, 1121.4515138847985, 1121.4515138847985, 1121.4515138847985, 1121.4515138847985, 1121.4515138847985, 1121.4515138847985, 1121.4515138847985, 1121.4515138847985, 1121.4515138847985, 1121.4515138847985, 1121.4515138847985, 1121.4515138847985, 1121.4515138847985, 1121.4515138847985, 1121.4515138847985, 1121.4515138847985, 1121.4515138847985, 1121.4515138847985, 1121.4515138847985, 1121.4515138847985, 1121.4515138847985, 1121.4515138847985, 1121.4515138847985, 1121.4515138847985, 1121.4515138847985, 1121.4515138847985, 1121.4515138847985, 1121.4515138847985, 1121.4515138847985, 1121.4515138847985, 1121.4515138847985, 1121.4515138847985, 1121.4515138847985, 1121.4515138847985, 1121.4515138847985, 1121.4515138847985, 1121.4515138847985, 1121.4515138847985, 1121.4515138847985, 1121.4515138847985, 1121.4515138847985, 1121.4515138847985, 1121.4515138847985, 1121.4515138847985, 1121.4515138847985, 1121.4515138847985, 1121.4515138847985, 1121.4515138847985, 1121.4515138847985, 1121.4515138847985, 1121.4515138847985, 1121.4515138847985, 1121.4515138847985, 1121.4515138847985, 1121.4515138847985, 1121.4515138847985, 1121.4515138847985, 1121.4515138847985, 1121.4515138847985, 1121.4515138847985, 1121.4515138847985, 1121.4515138847985, 1121.4515138847985, 1121.4515138847985, 1121.4515138847985, 1121.4515138847985, 1121.4515138847985, 1121.4515138847985, 1121.4515138847985, 1121.4515138847985, 1121.4515138847985, 1121.4515138847985, 1121.4515138847985, 1121.4515138847985, 1121.4515138847985, 1121.4515138847985, 1121.4515138847985, 1121.4515138847985, 1121.4515138847985, 1121.4515138847985, 1121.4515138847985, 1121.4515138847985, 1121.4515138847985, 1121.4515138847985, 1121.4515138847985, 1121.4515138847985, 1121.4515138847985, 1121.4515138847985, 1121.4515138847985, 1121.4515138847985, 1121.4515138847985, 1121.4515138847985, 1121.4515138847985, 1121.4515138847985, 1121.4515138847985, 1121.4515138847985, 1121.4515138847985, 1121.4515138847985, 1121.4515138847985, 1121.4515138847985, 1121.4515138847985, 1121.4515138847985, 1121.4515138847985, 1121.4515138847985, 1121.4515138847985, 1121.4515138847985, 1121.4515138847985, 1121.4515138847985, 1121.4515138847985, 1121.4515138847985, 1121.4515138847985, 1121.4515138847985, 1121.4515138847985, 1121.4515138847985, 1121.4515138847985, 1121.4515138847985, 1121.4515138847985, 1121.4515138847985, 1121.4515138847985, 1121.4515138847985, 1121.4515138847985, 1121.4515138847985, 1121.4515138847985, 1121.4515138847985, 1121.4515138847985, 1121.4515138847985, 1121.4515138847985, 1121.4515138847985, 1121.4515138847985, 1121.4515138847985, 1121.4515138847985, 1121.4515138847985, 1121.4515138847985, 1121.4515138847985, 1121.4515138847985, 1121.4515138847985, 1121.4515138847985, 1121.4515138847985, 1121.4515138847985, 1121.4515138847985, 1121.4515138847985, 1121.4515138847985, 1121.4515138847985, 1121.4515138847985, 1121.4515138847985, 1121.4515138847985, 1121.4515138847985, 1121.4515138847985, 1121.4515138847985, 1121.4515138847985, 1121.4515138847985, 1121.4515138847985, 1121.4515138847985, 1121.4515138847985, 1121.4515138847985, 1121.4515138847985, 1121.4515138847985, 1121.4515138847985, 1121.4515138847985, 1121.4515138847985, 1121.4515138847985, 1121.4515138847985, 1121.4515138847985, 1121.4515138847985, 1121.4515138847985, 1121.4515138847985, 1121.4515138847985, 1121.4515138847985, 1121.4515138847985, 1121.4515138847985, 1121.4515138847985, 1121.4515138847985, 1121.4515138847985, 1121.4515138847985, 1121.4515138847985, 1121.4515138847985, 1121.4515138847985, 1121.4515138847985, 1121.4515138847985, 1121.4515138847985, 1121.4515138847985, 1121.4515138847985, 1121.4515138847985, 1121.4515138847985, 1121.4515138847985, 1121.4515138847985, 1121.4515138847985, 1121.4515138847985, 1121.4515138847985, 1121.4515138847985, 1121.4515138847985, 1121.4515138847985, 1121.4515138847985, 1121.4515138847985, 1121.4515138847985, 1121.4515138847985, 1121.4515138847985, 1121.4515138847985, 1121.4515138847985, 1121.4515138847985, 1121.4515138847985, 1121.4515138847985, 1121.4515138847985, 1121.4515138847985, 1121.4515138847985, 1121.4515138847985, 1121.4515138847985, 1121.4515138847985, 1121.4515138847985, 1121.4515138847985, 1121.4515138847985, 1121.4515138847985, 1121.4515138847985, 1121.4515138847985, 1121.4515138847985, 1121.4515138847985, 1121.4515138847985, 1121.4515138847985, 1121.4515138847985, 1121.4515138847985, 1121.4515138847985, 1121.4515138847985, 1121.4515138847985, 1121.4515138847985, 1121.4515138847985, 1121.4515138847985, 1121.4515138847985, 1121.4515138847985, 1121.4515138847985, 1121.4515138847985, 1121.4515138847985, 1121.4515138847985, 1121.4515138847985, 1121.4515138847985, 1121.4515138847985, 1121.4515138847985, 1121.4515138847985, 1121.4515138847985, 1121.4515138847985, 1121.4515138847985, 1121.4515138847985, 1121.4515138847985, 1121.4515138847985, 1121.4515138847985, 1121.4515138847985, 1121.4515138847985, 1121.4515138847985, 1121.4515138847985, 1121.4515138847985, 1121.4515138847985, 1121.4515138847985, 1121.4515138847985, 1121.4515138847985, 1121.4515138847985, 1121.4515138847985, 1121.4515138847985, 1121.4515138847985, 1121.4515138847985, 1121.4515138847985, 1121.4515138847985, 1121.4515138847985, 1121.4515138847985, 1121.4515138847985, 1121.4515138847985, 1121.4515138847985, 1121.4515138847985, 1121.4515138847985, 1121.4515138847985, 1121.4515138847985, 1121.4515138847985, 1121.4515138847985, 1121.4515138847985, 1121.4515138847985, 1121.4515138847985, 1121.4515138847985, 1121.4515138847985, 1121.4515138847985, 1121.4515138847985, 1121.4515138847985, 1121.4515138847985, 1121.4515138847985, 1121.4515138847985, 1121.4515138847985, 1121.4515138847985, 1121.4515138847985, 1121.4515138847985, 1121.4515138847985, 1121.4515138847985, 1121.4515138847985, 1121.4515138847985, 1121.4515138847985, 1121.4515138847985, 1121.4515138847985, 1121.4515138847985, 1121.4515138847985, 1121.4515138847985, 1121.4515138847985, 1121.4515138847985, 1121.4515138847985, 1121.4515138847985, 1121.4515138847985, 1121.4515138847985, 1121.4515138847985, 1121.4515138847985, 1121.4515138847985, 1121.4515138847985, 1121.4515138847985, 1121.4515138847985, 1121.4515138847985, 1121.4515138847985, 1121.4515138847985, 1121.4515138847985, 1121.4515138847985, 1121.4515138847985, 1121.4515138847985, 1121.4515138847985, 1121.4515138847985, 1121.4515138847985, 1121.4515138847985, 1121.4515138847985, 1121.4515138847985, 1121.4515138847985, 1121.4515138847985, 1121.4515138847985, 1121.4515138847985, 1121.4515138847985, 1121.4515138847985, 1121.4515138847985, 1121.4515138847985, 1121.4515138847985, 1121.4515138847985, 1121.4515138847985, 1121.4515138847985, 1121.4515138847985, 1121.4515138847985, 1121.4515138847985, 1121.4515138847985, 1121.4515138847985, 1121.4515138847985, 1121.4515138847985, 1121.4515138847985, 1121.4515138847985, 1121.4515138847985, 1121.4515138847985, 1121.4515138847985, 1121.4515138847985, 1121.4515138847985, 1121.4515138847985, 1121.4515138847985, 1121.4515138847985, 1121.4515138847985, 1121.4515138847985, 1121.4515138847985, 1121.4515138847985, 1121.4515138847985, 1121.4515138847985, 1121.4515138847985, 1121.4515138847985, 1121.4515138847985, 1121.4515138847985, 1121.4515138847985, 1121.4515138847985, 1121.4515138847985, 1121.4515138847985, 1121.4515138847985, 1121.4515138847985, 1121.4515138847985, 1121.4515138847985, 1121.4515138847985, 1121.4515138847985, 1121.4515138847985, 1121.4515138847985, 1121.4515138847985, 1121.4515138847985, 1121.4515138847985, 1121.4515138847985, 1121.4515138847985, 1121.4515138847985, 1121.4515138847985, 1121.4515138847985, 1121.4515138847985, 1121.4515138847985, 1121.4515138847985, 1121.4515138847985, 1121.4515138847985, 1121.4515138847985, 1121.4515138847985, 1121.4515138847985, 1121.4515138847985, 1121.4515138847985, 1121.4515138847985, 1121.4515138847985, 1121.4515138847985, 1121.4515138847985, 1121.4515138847985, 1121.4515138847985, 1121.4515138847985, 1121.4515138847985, 1121.4515138847985, 1121.4515138847985, 1121.4515138847985, 1121.4515138847985, 1121.4515138847985, 1121.4515138847985, 1121.4515138847985, 1121.4515138847985, 1121.4515138847985, 1121.4515138847985, 1121.4515138847985, 1121.4515138847985, 1121.4515138847985, 1121.4515138847985, 1121.4515138847985, 1121.4515138847985, 1121.4515138847985, 1121.4515138847985, 1121.4515138847985, 1121.4515138847985, 1121.4515138847985, 1121.4515138847985, 1121.4515138847985, 1121.4515138847985, 1121.4515138847985, 1121.4515138847985, 1121.4515138847985, 1121.4515138847985, 1121.4515138847985, 1121.4515138847985, 1121.4515138847985, 1121.4515138847985, 1121.4515138847985, 1121.4515138847985, 1121.4515138847985, 1121.4515138847985, 1121.4515138847985, 1121.4515138847985, 1121.4515138847985, 1121.4515138847985, 1121.4515138847985, 1121.4515138847985, 1121.4515138847985, 1121.4515138847985, 1121.4515138847985, 1121.4515138847985, 1121.4515138847985, 1121.4515138847985, 1121.4515138847985, 1121.4515138847985, 1121.4515138847985, 1121.4515138847985, 1121.4515138847985, 1121.4515138847985, 1121.4515138847985, 1121.4515138847985, 1121.4515138847985, 1121.4515138847985, 1121.4515138847985, 1121.4515138847985, 1121.4515138847985, 1121.4515138847985, 1121.4515138847985, 1121.4515138847985, 1121.4515138847985, 1121.4515138847985, 1121.4515138847985, 1121.4515138847985, 1121.4515138847985, 1121.4515138847985, 1121.4515138847985, 1121.4515138847985, 1121.4515138847985, 1121.4515138847985, 1121.4515138847985, 1121.4515138847985, 1121.4515138847985, 1121.4515138847985, 1121.4515138847985, 1121.4515138847985, 1121.4515138847985, 1121.4515138847985, 1121.4515138847985, 1121.4515138847985, 1121.4515138847985, 1121.4515138847985, 1121.4515138847985, 1121.4515138847985, 1121.4515138847985, 1121.4515138847985, 1121.4515138847985, 1121.4515138847985, 1121.4515138847985, 1121.4515138847985, 1121.4515138847985, 1121.4515138847985, 1121.4515138847985, 1121.4515138847985, 1121.4515138847985, 1121.4515138847985, 1121.4515138847985, 1121.4515138847985, 1121.4515138847985, 1121.4515138847985, 1121.4515138847985, 1121.4515138847985, 1121.4515138847985, 1121.4515138847985, 1121.4515138847985, 1121.4515138847985, 1121.4515138847985, 1121.4515138847985, 1121.4515138847985, 1121.4515138847985, 1121.4515138847985, 1121.4515138847985, 1121.4515138847985, 1121.4515138847985, 1121.4515138847985, 1121.4515138847985, 1121.4515138847985, 1121.4515138847985, 1121.4515138847985, 1121.4515138847985, 1121.4515138847985, 1121.4515138847985, 1121.4515138847985, 1121.4515138847985, 1121.4515138847985, 1121.4515138847985, 1121.4515138847985, 1121.4515138847985, 1121.4515138847985, 1121.4515138847985, 1121.4515138847985, 1121.4515138847985, 1121.4515138847985, 1121.4515138847985, 1121.4515138847985, 1121.4515138847985, 1121.4515138847985, 1121.4515138847985, 1121.4515138847985, 1121.4515138847985, 1121.4515138847985, 1121.4515138847985, 1121.4515138847985, 1121.4515138847985, 1121.4515138847985, 1121.4515138847985, 1121.4515138847985, 1121.4515138847985, 1121.4515138847985, 1121.4515138847985, 1121.4515138847985, 1121.4515138847985, 1121.4515138847985, 1121.4515138847985, 1121.4515138847985, 1121.4515138847985, 1121.4515138847985, 1121.4515138847985, 1121.4515138847985, 1121.4515138847985, 1121.4515138847985, 1121.4515138847985, 1121.4515138847985, 1121.4515138847985, 1121.4515138847985, 1121.4515138847985, 1121.4515138847985, 1121.4515138847985, 1121.4515138847985, 1121.4515138847985, 1121.4515138847985, 1121.4515138847985, 1121.4515138847985, 1121.4515138847985, 1121.4515138847985, 1121.4515138847985, 1121.4515138847985, 1121.4515138847985, 1121.4515138847985, 1121.4515138847985, 1121.4515138847985, 1121.4515138847985, 1121.4515138847985, 1121.4515138847985, 1121.4515138847985, 1121.4515138847985, 1121.4515138847985, 1121.4515138847985, 1121.4515138847985, 1121.4515138847985, 1121.4515138847985, 1121.4515138847985, 1121.4515138847985, 1121.4515138847985, 1121.4515138847985, 1121.4515138847985, 1121.4515138847985, 1121.4515138847985, 1121.4515138847985, 1121.4515138847985]
Computational time : 74.6800000668