Name : Ahmed ElMousel
Problem : X-n115-k10 
Whale Algorithm 
cost : 839.629615668
Routes : 
1->5->6->7->8->10->9->33->12->13->3->1
1->4->11->19->20->22->21->23->24->25->26->18->14->1
1->32->15->31->1
1->2->16->27->28->17->29->30->1
best solutions : 
[871.7986828624109, 871.7986828624109, 871.7986828624109, 871.7986828624109, 869.8034371678991, 858.0112452468538, 858.0112452468538, 858.0112452468538, 858.0112452468538, 858.0112452468538, 858.0112452468538, 858.0112452468538, 852.952049186126, 852.952049186126, 852.952049186126, 852.952049186126, 852.952049186126, 852.7401811419529, 852.7401811419529, 851.6653797563554, 851.6653797563554, 851.6653797563554, 851.6653797563554, 844.4467701247606, 844.4467701247606, 844.4467701247606, 844.4467701247606, 843.3119495350043, 842.4487931577138, 842.4487931577138, 842.4487931577138, 842.4487931577138, 842.4487931577138, 842.4487931577138, 842.4487931577138, 842.4487931577138, 842.4487931577138, 839.6296156684692, 839.6296156684692, 839.6296156684692, 839.6296156684692, 839.6296156684692, 839.6296156684692, 839.6296156684692, 839.6296156684692, 839.6296156684692, 839.6296156684692, 839.6296156684692, 839.6296156684692, 839.6296156684692, 839.6296156684692, 839.6296156684692, 839.6296156684692, 839.6296156684692, 839.6296156684692, 839.6296156684692, 839.6296156684692, 839.6296156684692, 839.6296156684692, 839.6296156684692, 839.6296156684692, 839.6296156684692, 839.6296156684692, 839.6296156684692, 839.6296156684692, 839.6296156684692, 839.6296156684692, 839.6296156684692, 839.6296156684692, 839.6296156684692, 839.6296156684692, 839.6296156684692, 839.6296156684692, 839.6296156684692, 839.6296156684692, 839.6296156684691, 839.6296156684691, 839.6296156684691, 839.6296156684691, 839.6296156684691, 839.6296156684691, 839.6296156684691, 839.6296156684691, 839.6296156684691, 839.6296156684691, 839.6296156684691, 839.6296156684691, 839.6296156684691, 839.6296156684691, 839.6296156684691, 839.6296156684691, 839.6296156684691, 839.6296156684691, 839.6296156684691, 839.6296156684691, 839.6296156684691, 839.6296156684691, 839.6296156684691, 839.6296156684691, 839.6296156684691, 839.6296156684691, 839.6296156684691, 839.6296156684691, 839.6296156684691, 839.6296156684691, 839.6296156684691, 839.6296156684691, 839.6296156684691, 839.6296156684691, 839.6296156684691, 839.6296156684691, 839.6296156684691, 839.6296156684691, 839.6296156684691, 839.6296156684691, 839.6296156684691, 839.6296156684691, 839.6296156684691, 839.6296156684691, 839.6296156684691, 839.6296156684691, 839.6296156684691, 839.6296156684691, 839.6296156684691, 839.6296156684691, 839.6296156684691, 839.6296156684691, 839.6296156684691, 839.6296156684691, 839.6296156684691, 839.6296156684691, 839.6296156684691, 839.6296156684691, 839.6296156684691, 839.6296156684691, 839.6296156684691, 839.6296156684691, 839.6296156684691, 839.6296156684691, 839.6296156684691, 839.6296156684691, 839.6296156684691, 839.6296156684691, 839.6296156684691, 839.6296156684691, 839.6296156684691, 839.6296156684691, 839.6296156684691, 839.6296156684691, 839.6296156684691, 839.6296156684691, 839.6296156684691, 839.6296156684691, 839.6296156684691, 839.6296156684691, 839.6296156684691, 839.6296156684691, 839.6296156684691, 839.6296156684691, 839.6296156684691, 839.6296156684691, 839.6296156684691, 839.6296156684691, 839.6296156684691, 839.6296156684691, 839.6296156684691, 839.6296156684691, 839.6296156684691, 839.6296156684691, 839.6296156684691, 839.6296156684691, 839.6296156684691, 839.6296156684691, 839.6296156684691, 839.6296156684691, 839.6296156684691, 839.6296156684691, 839.6296156684691, 839.6296156684691, 839.6296156684691, 839.6296156684691, 839.6296156684691, 839.6296156684691, 839.6296156684691, 839.6296156684691, 839.6296156684691, 839.6296156684691, 839.6296156684691, 839.6296156684691, 839.6296156684691, 839.6296156684691, 839.6296156684691, 839.6296156684691, 839.6296156684691, 839.6296156684691, 839.6296156684691, 839.6296156684691, 839.6296156684691, 839.6296156684691, 839.6296156684691, 839.6296156684691, 839.6296156684691, 839.6296156684691, 839.6296156684691, 839.6296156684691, 839.6296156684691, 839.6296156684691, 839.6296156684691, 839.6296156684691, 839.6296156684691, 839.6296156684691, 839.6296156684691, 839.6296156684691, 839.6296156684691, 839.6296156684691, 839.6296156684691, 839.6296156684691, 839.6296156684691, 839.6296156684691, 839.6296156684691, 839.6296156684691, 839.6296156684691, 839.6296156684691, 839.6296156684691, 839.6296156684691, 839.6296156684691, 839.6296156684691, 839.6296156684691, 839.6296156684691, 839.6296156684691, 839.6296156684691, 839.6296156684691, 839.6296156684691, 839.6296156684691, 839.6296156684691, 839.6296156684691, 839.6296156684691, 839.6296156684691, 839.6296156684691, 839.6296156684691, 839.6296156684691, 839.6296156684691, 839.6296156684691, 839.6296156684691, 839.6296156684691, 839.6296156684691, 839.6296156684691, 839.6296156684691, 839.6296156684691, 839.6296156684691, 839.6296156684691, 839.6296156684691, 839.6296156684691, 839.6296156684691, 839.6296156684691, 839.6296156684691, 839.6296156684691, 839.6296156684691, 839.6296156684691, 839.6296156684691, 839.6296156684691, 839.6296156684691, 839.6296156684691, 839.6296156684691, 839.6296156684691, 839.6296156684691, 839.6296156684691, 839.6296156684691, 839.6296156684691, 839.6296156684691, 839.6296156684691, 839.6296156684691, 839.6296156684691, 839.6296156684691, 839.6296156684691, 839.6296156684691, 839.6296156684691, 839.6296156684691, 839.6296156684691, 839.6296156684691, 839.6296156684691, 839.6296156684691, 839.6296156684691, 839.6296156684691, 839.6296156684691, 839.6296156684691, 839.6296156684691, 839.6296156684691, 839.6296156684691, 839.6296156684691, 839.6296156684691, 839.6296156684691, 839.6296156684691, 839.6296156684691, 839.6296156684691, 839.6296156684691, 839.6296156684691, 839.6296156684691, 839.6296156684691, 839.6296156684691, 839.6296156684691, 839.6296156684691, 839.6296156684691, 839.6296156684691, 839.6296156684691, 839.6296156684691, 839.6296156684691, 839.6296156684691, 839.6296156684691, 839.6296156684691, 839.6296156684691, 839.6296156684691, 839.6296156684691, 839.6296156684691, 839.6296156684691, 839.6296156684691, 839.6296156684691, 839.6296156684691, 839.6296156684691, 839.6296156684691, 839.6296156684691, 839.6296156684691, 839.6296156684691, 839.6296156684691, 839.6296156684691, 839.6296156684691, 839.6296156684691, 839.6296156684691, 839.6296156684691, 839.6296156684691, 839.6296156684691, 839.6296156684691, 839.6296156684691, 839.6296156684691, 839.6296156684691, 839.6296156684691, 839.6296156684691, 839.6296156684691, 839.6296156684691, 839.6296156684691, 839.6296156684691, 839.6296156684691, 839.6296156684691, 839.6296156684691, 839.6296156684691, 839.6296156684691, 839.6296156684691, 839.6296156684691, 839.6296156684691, 839.6296156684691, 839.6296156684691, 839.6296156684691, 839.6296156684691, 839.6296156684691, 839.6296156684691, 839.6296156684691, 839.6296156684691, 839.6296156684691, 839.6296156684691, 839.6296156684691, 839.6296156684691, 839.6296156684691, 839.6296156684691, 839.6296156684691, 839.6296156684691, 839.6296156684691, 839.6296156684691, 839.6296156684691, 839.6296156684691, 839.6296156684691, 839.6296156684691, 839.6296156684691, 839.6296156684691, 839.6296156684691, 839.6296156684691, 839.6296156684691, 839.6296156684691, 839.6296156684691, 839.6296156684691, 839.6296156684691, 839.6296156684691, 839.6296156684691, 839.6296156684691, 839.6296156684691, 839.6296156684691, 839.6296156684691, 839.6296156684691, 839.6296156684691, 839.6296156684691, 839.6296156684691, 839.6296156684691, 839.6296156684691, 839.6296156684691, 839.6296156684691, 839.6296156684691, 839.6296156684691, 839.6296156684691, 839.6296156684691, 839.6296156684691, 839.6296156684691, 839.6296156684691, 839.6296156684691, 839.6296156684691, 839.6296156684691, 839.6296156684691, 839.6296156684691, 839.6296156684691, 839.6296156684691, 839.6296156684691, 839.6296156684691, 839.6296156684691, 839.6296156684691, 839.6296156684691, 839.6296156684691, 839.6296156684691, 839.6296156684691, 839.6296156684691, 839.6296156684691, 839.6296156684691, 839.6296156684691, 839.6296156684691, 839.6296156684691, 839.6296156684691, 839.6296156684691, 839.6296156684691, 839.6296156684691, 839.6296156684691, 839.6296156684691, 839.6296156684691, 839.6296156684691, 839.6296156684691, 839.6296156684691, 839.6296156684691, 839.6296156684691, 839.6296156684691, 839.6296156684691, 839.6296156684691, 839.6296156684691, 839.6296156684691, 839.6296156684691, 839.6296156684691, 839.6296156684691, 839.6296156684691, 839.6296156684691, 839.6296156684691, 839.6296156684691, 839.6296156684691, 839.6296156684691, 839.6296156684691, 839.6296156684691, 839.6296156684691, 839.6296156684691, 839.6296156684691, 839.6296156684691, 839.6296156684691, 839.6296156684691, 839.6296156684691, 839.6296156684691, 839.6296156684691, 839.6296156684691, 839.6296156684691, 839.6296156684691, 839.6296156684691, 839.6296156684691, 839.6296156684691, 839.6296156684691, 839.6296156684691, 839.6296156684691, 839.6296156684691, 839.6296156684691, 839.6296156684691, 839.6296156684691, 839.6296156684691, 839.6296156684691, 839.6296156684691, 839.6296156684691, 839.6296156684691, 839.6296156684691, 839.6296156684691, 839.6296156684691, 839.6296156684691, 839.6296156684691, 839.6296156684691, 839.6296156684691, 839.6296156684691, 839.6296156684691, 839.6296156684691, 839.6296156684691, 839.6296156684691, 839.6296156684691, 839.6296156684691, 839.6296156684691, 839.6296156684691, 839.6296156684691, 839.6296156684691, 839.6296156684691, 839.6296156684691, 839.6296156684691, 839.6296156684691, 839.6296156684691, 839.6296156684691, 839.6296156684691, 839.6296156684691, 839.6296156684691, 839.6296156684691, 839.6296156684691, 839.6296156684691, 839.6296156684691, 839.6296156684691, 839.6296156684691, 839.6296156684691, 839.6296156684691, 839.6296156684691, 839.6296156684691, 839.6296156684691, 839.6296156684691, 839.6296156684691, 839.6296156684691, 839.6296156684691, 839.6296156684691, 839.6296156684691, 839.6296156684691, 839.6296156684691, 839.6296156684691, 839.6296156684691, 839.6296156684691, 839.6296156684691, 839.6296156684691, 839.6296156684691, 839.6296156684691, 839.6296156684691, 839.6296156684691, 839.6296156684691, 839.6296156684691, 839.6296156684691, 839.6296156684691, 839.6296156684691, 839.6296156684691, 839.6296156684691, 839.6296156684691, 839.6296156684691, 839.6296156684691, 839.6296156684691, 839.6296156684691, 839.6296156684691, 839.6296156684691, 839.6296156684691, 839.6296156684691, 839.6296156684691, 839.6296156684691, 839.6296156684691, 839.6296156684691, 839.6296156684691, 839.6296156684691, 839.6296156684691, 839.6296156684691, 839.6296156684691, 839.6296156684691, 839.6296156684691, 839.6296156684691, 839.6296156684691, 839.6296156684691, 839.6296156684691, 839.6296156684691, 839.6296156684691, 839.6296156684691, 839.6296156684691, 839.6296156684691, 839.6296156684691, 839.6296156684691, 839.6296156684691, 839.6296156684691, 839.6296156684691, 839.6296156684691, 839.6296156684691, 839.6296156684691, 839.6296156684691, 839.6296156684691, 839.6296156684691, 839.6296156684691, 839.6296156684691, 839.6296156684691, 839.6296156684691, 839.6296156684691, 839.6296156684691, 839.6296156684691, 839.6296156684691, 839.6296156684691, 839.6296156684691, 839.6296156684691, 839.6296156684691, 839.6296156684691, 839.6296156684691, 839.6296156684691, 839.6296156684691, 839.6296156684691, 839.6296156684691, 839.6296156684691, 839.6296156684691, 839.6296156684691, 839.6296156684691, 839.6296156684691, 839.6296156684691, 839.6296156684691, 839.6296156684691, 839.6296156684691, 839.6296156684691, 839.6296156684691, 839.6296156684691, 839.6296156684691, 839.6296156684691, 839.6296156684691, 839.6296156684691, 839.6296156684691, 839.6296156684691, 839.6296156684691, 839.6296156684691, 839.6296156684691, 839.6296156684691, 839.6296156684691, 839.6296156684691, 839.6296156684691, 839.6296156684691, 839.6296156684691, 839.6296156684691, 839.6296156684691, 839.6296156684691, 839.6296156684691, 839.6296156684691, 839.6296156684691, 839.6296156684691, 839.6296156684691, 839.6296156684691, 839.6296156684691, 839.6296156684691, 839.6296156684691, 839.6296156684691, 839.6296156684691, 839.6296156684691, 839.6296156684691, 839.6296156684691, 839.6296156684691, 839.6296156684691, 839.6296156684691, 839.6296156684691, 839.6296156684691, 839.6296156684691, 839.6296156684691, 839.6296156684691, 839.6296156684691, 839.6296156684691, 839.6296156684691, 839.6296156684691, 839.6296156684691, 839.6296156684691, 839.6296156684691, 839.6296156684691, 839.6296156684691, 839.6296156684691, 839.6296156684691, 839.6296156684691, 839.6296156684691, 839.6296156684691, 839.6296156684691, 839.6296156684691, 839.6296156684691, 839.6296156684691, 839.6296156684691, 839.6296156684691, 839.6296156684691, 839.6296156684691, 839.6296156684691, 839.6296156684691, 839.6296156684691, 839.6296156684691, 839.6296156684691, 839.6296156684691, 839.6296156684691, 839.6296156684691, 839.6296156684691, 839.6296156684691, 839.6296156684691, 839.6296156684691, 839.6296156684691, 839.6296156684691, 839.6296156684691, 839.6296156684691, 839.6296156684691, 839.6296156684691, 839.6296156684691, 839.6296156684691, 839.6296156684691, 839.6296156684691, 839.6296156684691, 839.6296156684691, 839.6296156684691, 839.6296156684691, 839.6296156684691, 839.6296156684691, 839.6296156684691, 839.6296156684691, 839.6296156684691, 839.6296156684691, 839.6296156684691, 839.6296156684691, 839.6296156684691, 839.6296156684691, 839.6296156684691, 839.6296156684691, 839.6296156684691, 839.6296156684691, 839.6296156684691, 839.6296156684691, 839.6296156684691, 839.6296156684691, 839.6296156684691, 839.6296156684691, 839.6296156684691, 839.6296156684691, 839.6296156684691, 839.6296156684691, 839.6296156684691, 839.6296156684691, 839.6296156684691, 839.6296156684691, 839.6296156684691, 839.6296156684691, 839.6296156684691, 839.6296156684691, 839.6296156684691, 839.6296156684691, 839.6296156684691, 839.6296156684691, 839.6296156684691, 839.6296156684691, 839.6296156684691]
Computational time : 4.04600000381