Name : Ahmed ElMousel
Problem : X-n190-k8 
Whale Algorithm 
cost : 19129.9269194
Routes : 
1->1
1->1
1->1
1->1
1->1
1->1
1->15->167->158->174->122->108->34->115->10->60->97->91->43->101->9->57->131->36->110->90->105->59->169->84->1
1->1
1->38->185->160->170->81->31->40->37->3->39->23->78->138->152->126->87->13->25->98->144->26->65->106->1
1->119->100->46->183->140->73->134->68->52->94->76->95->51->179->180->63->22->69->164->111->20->1
1->189->67->5->35->74->184->137->168->124->178->72->53->102->48->6->177->148->151->79->86->143->139->29->11->103->172->58->1
1->1
1->30->161->2->166->89->157->109->47->82->66->21->163->8->156->18->80->117->61->12->176->17->32->1
1->1
1->1
1->132->171->145->70->56->24->165->159->75->133->135->162->112->114->92->55->186->19->71->182->42->153->88->187->147->104->150->1
1->64->14->121->129->96->113->149->142->99->85->154->181->62->33->41->77->127->175->49->7->44->45->128->173->1
1->107->120->50->27->118->123->83->141->190->155->54->125->188->16->28->4->116->146->93->136->130->1
best solutions : 
[34126.87382362772, 33891.87701484715, 32322.2984481496, 30321.911188980128, 29733.51644285076, 29343.775744165796, 28085.01207767306, 26834.71863338983, 26670.488834382002, 26339.27496578098, 26276.209016298046, 24318.398036260583, 23451.451447927197, 23451.451447927197, 23451.451447927197, 23176.38919378246, 23176.38919378246, 23153.799902259554, 23115.242669775045, 23115.242669775045, 23073.417154886407, 22964.41336239697, 21940.52053703137, 21902.44623086657, 21902.44623086657, 21902.44623086657, 21902.44623086657, 21806.68233824243, 21806.637138723898, 21806.637138723898, 21806.637138723898, 21806.637138723898, 21791.671167036016, 21782.61274684381, 21782.61274684381, 21637.112692886873, 21637.112692886873, 21637.112692886873, 21637.112692886873, 21637.112692886873, 21637.112692886873, 21637.112692886873, 21637.112692886873, 21633.074439848268, 21633.074439848268, 21633.074439848268, 21633.074439848268, 21633.074439848268, 21633.074439848268, 21633.074439848268, 21607.314445439388, 21607.314445439388, 21607.314445439388, 21562.256553585634, 21548.646996416956, 20935.072030258496, 20935.072030258496, 20905.648224053366, 20326.884698118814, 20326.884698118814, 20326.884698118814, 20326.884698118814, 20326.884698118814, 19642.642028495316, 19583.214253998307, 19583.214253998307, 19583.214253998307, 19577.813213365604, 19466.329634453265, 19466.329634453265, 19466.329634453265, 19466.329634453265, 19466.329634453265, 19466.329634453265, 19466.329634453265, 19466.329634453265, 19466.329634453265, 19466.329634453265, 19466.329634453265, 19466.329634453265, 19466.329634453265, 19466.329634453265, 19466.329634453265, 19466.329634453265, 19466.329634453265, 19466.329634453265, 19466.329634453265, 19466.329634453265, 19466.329634453265, 19466.329634453265, 19466.329634453265, 19466.329634453265, 19466.329634453265, 19466.329634453265, 19466.329634453265, 19466.329634453265, 19466.329634453265, 19466.329634453265, 19466.329634453265, 19466.329634453265, 19466.329634453265, 19466.329634453265, 19466.329634453265, 19466.329634453265, 19466.329634453265, 19466.329634453265, 19466.329634453265, 19466.329634453265, 19466.329634453265, 19466.329634453265, 19466.329634453265, 19466.329634453265, 19466.329634453265, 19466.329634453265, 19466.329634453265, 19466.329634453265, 19466.329634453265, 19466.329634453265, 19466.329634453265, 19466.329634453265, 19466.329634453265, 19466.329634453265, 19466.329634453265, 19466.329634453265, 19466.329634453265, 19466.329634453265, 19466.329634453265, 19466.329634453265, 19466.329634453265, 19466.329634453265, 19466.329634453265, 19466.329634453265, 19466.329634453265, 19466.329634453265, 19466.329634453265, 19466.329634453265, 19466.329634453265, 19466.329634453265, 19466.329634453265, 19466.329634453265, 19466.329634453265, 19466.329634453265, 19466.329634453265, 19466.329634453265, 19466.329634453265, 19466.329634453265, 19466.329634453265, 19466.329634453265, 19466.329634453265, 19466.329634453265, 19466.329634453265, 19466.329634453265, 19466.329634453265, 19466.329634453265, 19466.329634453265, 19466.329634453265, 19466.329634453265, 19466.329634453265, 19466.329634453265, 19466.329634453265, 19466.329634453265, 19466.329634453265, 19466.329634453265, 19466.329634453265, 19466.329634453265, 19466.329634453265, 19466.329634453265, 19466.329634453265, 19466.329634453265, 19466.329634453265, 19466.329634453265, 19466.329634453265, 19466.329634453265, 19466.329634453265, 19466.329634453265, 19466.329634453265, 19466.329634453265, 19466.329634453265, 19466.329634453265, 19429.509125049542, 19429.509125049542, 19429.509125049542, 19429.509125049542, 19429.509125049542, 19429.509125049542, 19429.509125049542, 19429.509125049542, 19429.509125049542, 19429.509125049542, 19425.325555444266, 19425.325555444266, 19425.325555444266, 19425.325555444266, 19425.325555444266, 19425.325555444266, 19425.325555444266, 19425.325555444266, 19425.325555444266, 19425.325555444266, 19425.325555444266, 19425.325555444266, 19416.444328920865, 19416.444328920865, 19416.444328920865, 19416.444328920865, 19416.444328920865, 19416.444328920865, 19416.444328920865, 19416.444328920865, 19416.444328920865, 19416.444328920865, 19416.444328920865, 19416.444328920865, 19416.444328920865, 19416.444328920865, 19416.444328920865, 19416.444328920865, 19416.444328920865, 19416.444328920865, 19416.444328920865, 19416.444328920865, 19416.444328920865, 19416.444328920865, 19416.444328920865, 19416.444328920865, 19416.444328920865, 19416.444328920865, 19416.444328920865, 19402.319859924886, 19402.319859924886, 19402.319859924886, 19402.319859924886, 19402.319859924886, 19402.319859924886, 19402.319859924886, 19402.319859924886, 19402.319859924886, 19402.319859924886, 19402.319859924886, 19402.319859924886, 19402.319859924886, 19402.319859924886, 19402.319859924886, 19402.319859924886, 19402.319859924886, 19402.319859924886, 19402.319859924886, 19402.319859924886, 19402.319859924886, 19402.319859924886, 19402.319859924886, 19402.319859924886, 19402.319859924886, 19402.319859924886, 19402.319859924886, 19402.319859924886, 19402.319859924886, 19402.319859924886, 19402.319859924886, 19402.319859924886, 19402.319859924886, 19402.319859924886, 19402.319859924886, 19402.319859924886, 19402.319859924886, 19402.319859924886, 19402.319859924886, 19402.319859924886, 19402.319859924886, 19402.319859924886, 19402.319859924886, 19402.319859924886, 19402.319859924886, 19402.319859924886, 19402.319859924886, 19402.319859924886, 19402.319859924886, 19402.319859924886, 19402.319859924886, 19402.319859924886, 19402.319859924886, 19402.319859924886, 19402.319859924886, 19402.319859924886, 19402.319859924886, 19402.319859924886, 19402.319859924886, 19402.319859924886, 19402.319859924886, 19402.319859924886, 19402.319859924886, 19402.319859924886, 19402.319859924886, 19402.319859924886, 19402.319859924886, 19402.319859924886, 19402.319859924886, 19402.319859924886, 19402.319859924886, 19402.319859924886, 19402.319859924886, 19402.319859924886, 19402.319859924886, 19402.319859924886, 19402.319859924886, 19402.319859924886, 19402.319859924886, 19402.319859924886, 19402.319859924886, 19402.319859924886, 19402.319859924886, 19402.319859924886, 19402.319859924886, 19402.319859924886, 19402.319859924886, 19402.319859924886, 19402.319859924886, 19402.319859924886, 19402.319859924886, 19402.319859924886, 19402.319859924886, 19402.319859924886, 19402.319859924886, 19402.319859924886, 19402.319859924886, 19402.319859924886, 19402.319859924886, 19402.319859924886, 19402.319859924886, 19402.319859924886, 19402.319859924886, 19402.319859924886, 19402.319859924886, 19402.319859924886, 19402.319859924886, 19402.319859924886, 19402.319859924886, 19402.319859924886, 19402.319859924886, 19402.319859924886, 19402.319859924886, 19402.319859924886, 19402.319859924886, 19402.319859924886, 19402.319859924886, 19402.319859924886, 19402.319859924886, 19402.319859924886, 19402.319859924886, 19402.319859924886, 19402.319859924886, 19402.319859924886, 19402.319859924886, 19402.319859924886, 19402.319859924886, 19402.319859924886, 19402.319859924886, 19402.319859924886, 19402.319859924886, 19402.319859924886, 19402.319859924886, 19402.319859924886, 19402.319859924886, 19402.319859924886, 19402.319859924886, 19402.319859924886, 19402.319859924886, 19402.319859924886, 19402.319859924886, 19402.319859924886, 19402.319859924886, 19402.319859924886, 19402.319859924886, 19402.319859924886, 19402.319859924886, 19402.319859924886, 19402.319859924886, 19402.319859924886, 19402.319859924886, 19402.319859924886, 19402.319859924886, 19402.319859924886, 19402.319859924886, 19402.319859924886, 19402.319859924886, 19402.319859924886, 19402.319859924886, 19402.319859924886, 19402.319859924886, 19402.319859924886, 19402.319859924886, 19402.319859924886, 19402.319859924886, 19402.319859924886, 19402.319859924886, 19402.319859924886, 19402.319859924886, 19402.319859924886, 19402.319859924886, 19402.319859924886, 19402.319859924886, 19402.319859924886, 19402.319859924886, 19402.319859924886, 19402.319859924886, 19402.319859924886, 19402.319859924886, 19402.319859924886, 19402.319859924886, 19402.319859924886, 19402.319859924886, 19402.319859924886, 19402.319859924886, 19402.319859924886, 19402.319859924886, 19402.319859924886, 19402.319859924886, 19402.319859924886, 19402.319859924886, 19402.319859924886, 19402.319859924886, 19402.319859924886, 19402.319859924886, 19402.319859924886, 19402.319859924886, 19402.319859924886, 19402.319859924886, 19402.319859924886, 19402.319859924886, 19402.319859924886, 19402.319859924886, 19402.319859924886, 19402.319859924886, 19402.319859924886, 19402.319859924886, 19402.319859924886, 19402.319859924886, 19402.319859924886, 19402.319859924886, 19402.319859924886, 19402.319859924886, 19402.319859924886, 19402.319859924886, 19402.319859924886, 19402.319859924886, 19402.319859924886, 19402.319859924886, 19402.319859924886, 19402.319859924886, 19402.319859924886, 19402.319859924886, 19402.319859924886, 19402.319859924886, 19402.319859924886, 19402.319859924886, 19402.319859924886, 19402.319859924886, 19402.319859924886, 19402.319859924886, 19402.319859924886, 19402.319859924886, 19402.319859924886, 19402.319859924886, 19402.319859924886, 19402.319859924886, 19402.319859924886, 19402.319859924886, 19402.319859924886, 19402.319859924886, 19402.319859924886, 19402.319859924886, 19402.319859924886, 19402.319859924886, 19402.319859924886, 19402.319859924886, 19402.319859924886, 19402.319859924886, 19402.319859924886, 19402.319859924886, 19402.319859924886, 19402.319859924886, 19402.319859924886, 19402.319859924886, 19402.319859924886, 19402.319859924886, 19402.319859924886, 19402.319859924886, 19402.319859924886, 19402.319859924886, 19402.319859924886, 19402.319859924886, 19402.319859924886, 19402.319859924886, 19402.319859924886, 19402.319859924886, 19402.319859924886, 19402.319859924886, 19402.319859924886, 19402.319859924886, 19402.319859924886, 19402.319859924886, 19402.319859924886, 19402.319859924886, 19402.319859924886, 19402.319859924886, 19402.319859924886, 19402.319859924886, 19402.319859924886, 19402.319859924886, 19402.319859924886, 19402.319859924886, 19402.319859924886, 19402.319859924886, 19402.319859924886, 19402.319859924886, 19402.319859924886, 19402.319859924886, 19402.319859924886, 19402.319859924886, 19402.319859924886, 19402.319859924886, 19402.319859924886, 19402.319859924886, 19402.319859924886, 19402.319859924886, 19402.319859924886, 19402.319859924886, 19402.319859924886, 19402.319859924886, 19402.319859924886, 19402.319859924886, 19402.319859924886, 19402.319859924886, 19402.319859924886, 19402.319859924886, 19402.319859924886, 19402.319859924886, 19402.319859924886, 19402.319859924886, 19402.319859924886, 19402.319859924886, 19402.319859924886, 19402.319859924886, 19402.319859924886, 19402.319859924886, 19402.319859924886, 19402.319859924886, 19402.319859924886, 19402.319859924886, 19402.319859924886, 19402.319859924886, 19402.319859924886, 19402.319859924886, 19402.319859924886, 19402.319859924886, 19402.319859924886, 19402.319859924886, 19402.319859924886, 19402.319859924886, 19402.319859924886, 19402.319859924886, 19402.319859924886, 19402.319859924886, 19402.319859924886, 19402.319859924886, 19402.319859924886, 19402.319859924886, 19402.319859924886, 19402.319859924886, 19402.319859924886, 19402.319859924886, 19402.319859924886, 19402.319859924886, 19402.319859924886, 19402.319859924886, 19402.319859924886, 19402.319859924886, 19402.319859924886, 19402.319859924886, 19402.319859924886, 19402.319859924886, 19402.319859924886, 19402.319859924886, 19402.319859924886, 19402.319859924886, 19402.319859924886, 19402.319859924886, 19402.319859924886, 19402.319859924886, 19402.319859924886, 19402.319859924886, 19402.319859924886, 19402.319859924886, 19402.319859924886, 19402.319859924886, 19402.319859924886, 19402.319859924886, 19402.319859924886, 19402.319859924886, 19402.319859924886, 19402.319859924886, 19402.319859924886, 19402.319859924886, 19402.319859924886, 19402.319859924886, 19402.319859924886, 19402.319859924886, 19402.319859924886, 19402.319859924886, 19402.319859924886, 19402.319859924886, 19402.319859924886, 19397.54884403897, 19380.723295739226, 19380.723295739226, 19380.723295739226, 19380.723295739226, 19380.723295739226, 19380.723295739226, 19380.723295739226, 19380.723295739226, 19380.723295739226, 19380.723295739226, 19380.723295739226, 19380.723295739226, 19380.723295739226, 19380.723295739226, 19380.723295739226, 19380.723295739226, 19380.723295739226, 19380.723295739226, 19380.723295739226, 19380.723295739226, 19380.723295739226, 19380.723295739226, 19380.723295739226, 19380.723295739226, 19380.723295739226, 19380.723295739226, 19380.723295739226, 19380.723295739226, 19380.723295739226, 19380.723295739226, 19380.723295739226, 19380.723295739226, 19380.723295739226, 19380.723295739226, 19380.723295739226, 19380.723295739226, 19380.723295739226, 19380.723295739226, 19380.723295739226, 19380.723295739226, 19380.723295739226, 19380.723295739226, 19380.723295739226, 19380.723295739226, 19378.987624539113, 19378.987624539113, 19378.987624539113, 19378.987624539113, 19378.987624539113, 19378.987624539113, 19378.987624539113, 19378.987624539113, 19378.987624539113, 19378.987624539113, 19378.987624539113, 19378.987624539113, 19378.987624539113, 19378.987624539113, 19378.987624539113, 19378.987624539113, 19378.987624539113, 19378.987624539113, 19378.987624539113, 19378.987624539113, 19378.987624539113, 19378.987624539113, 19378.987624539113, 19378.987624539113, 19378.987624539113, 19378.987624539113, 19378.987624539113, 19378.987624539113, 19378.987624539113, 19378.987624539113, 19378.987624539113, 19378.987624539113, 19378.987624539113, 19378.987624539113, 19378.987624539113, 19378.987624539113, 19378.987624539113, 19378.987624539113, 19378.987624539113, 19378.987624539113, 19378.987624539113, 19378.987624539113, 19378.987624539113, 19378.987624539113, 19378.987624539113, 19378.987624539113, 19378.987624539113, 19378.987624539113, 19378.987624539113, 19378.987624539113, 19378.987624539113, 19378.987624539113, 19378.987624539113, 19378.987624539113, 19378.987624539113, 19378.987624539113, 19378.987624539113, 19378.987624539113, 19378.987624539113, 19378.987624539113, 19378.987624539113, 19378.987624539113, 19378.987624539113, 19378.987624539113, 19378.987624539113, 19378.987624539113, 19378.987624539113, 19378.987624539113, 19378.987624539113, 19378.987624539113, 19378.987624539113, 19378.987624539113, 19378.987624539113, 19378.987624539113, 19378.987624539113, 19378.987624539113, 19378.987624539113, 19378.987624539113, 19378.987624539113, 19378.987624539113, 19378.987624539113, 19378.987624539113, 19378.987624539113, 19378.987624539113, 19378.987624539113, 19378.987624539113, 19378.987624539113, 19378.987624539113, 19378.987624539113, 19378.987624539113, 19378.987624539113, 19378.987624539113, 19378.987624539113, 19378.987624539113, 19378.987624539113, 19378.987624539113, 19378.987624539113, 19378.987624539113, 19378.987624539113, 19378.987624539113, 19378.987624539113, 19378.987624539113, 19378.987624539113, 19378.987624539113, 19378.987624539113, 19378.987624539113, 19378.987624539113, 19378.987624539113, 19378.987624539113, 19378.987624539113, 19378.987624539113, 19378.987624539113, 19378.987624539113, 19378.987624539113, 19378.987624539113, 19378.987624539113, 19378.987624539113, 19378.987624539113, 19378.987624539113, 19378.987624539113, 19378.987624539113, 19378.987624539113, 19378.987624539113, 19378.987624539113, 19378.987624539113, 19378.987624539113, 19378.987624539113, 19378.987624539113, 19378.987624539113, 19378.987624539113, 19378.987624539113, 19378.987624539113, 19378.987624539113, 19344.69331476344, 19344.69331476344, 19344.69331476344, 19344.69331476344, 19344.69331476344, 19344.69331476344, 19344.69331476344, 19344.69331476344, 19344.69331476344, 19344.69331476344, 19344.69331476344, 19344.69331476344, 19344.69331476344, 19344.69331476344, 19344.69331476344, 19344.69331476344, 19344.69331476344, 19344.69331476344, 19344.69331476344, 19344.69331476344, 19344.69331476344, 19344.69331476344, 19344.69331476344, 19344.69331476344, 19344.69331476344, 19344.69331476344, 19344.69331476344, 19344.69331476344, 19344.69331476344, 19344.69331476344, 19344.69331476344, 19344.69331476344, 19344.69331476344, 19344.69331476344, 19344.69331476344, 19344.69331476344, 19344.69331476344, 19344.69331476344, 19344.69331476344, 19344.69331476344, 19344.69331476344, 19344.69331476344, 19344.69331476344, 19344.69331476344, 19344.69331476344, 19344.69331476344, 19344.69331476344, 19344.69331476344, 19344.69331476344, 19344.69331476344, 19344.69331476344, 19344.69331476344, 19344.69331476344, 19344.69331476344, 19344.69331476344, 19344.69331476344, 19344.69331476344, 19344.69331476344, 19311.92200611282, 19311.92200611282, 19311.92200611282, 19311.92200611282, 19311.92200611282, 19311.92200611282, 19311.92200611282, 19311.92200611282, 19311.92200611282, 19311.92200611282, 19311.92200611282, 19311.92200611282, 19311.92200611282, 19311.92200611282, 19311.92200611282, 19311.92200611282, 19311.92200611282, 19311.92200611282, 19311.92200611282, 19311.92200611282, 19311.92200611282, 19311.92200611282, 19311.92200611282, 19311.92200611282, 19311.92200611282, 19311.92200611282, 19311.92200611282, 19311.92200611282, 19311.92200611282, 19311.92200611282, 19311.92200611282, 19311.92200611282, 19293.424187480647, 19293.424187480647, 19293.424187480647, 19293.424187480647, 19293.424187480647, 19293.424187480647, 19293.424187480647, 19293.424187480647, 19293.424187480647, 19293.424187480647, 19293.424187480647, 19293.424187480647, 19293.424187480647, 19293.424187480647, 19293.424187480647, 19293.424187480647, 19293.424187480647, 19293.424187480647, 19293.424187480647, 19293.424187480647, 19293.424187480647, 19293.424187480647, 19293.424187480647, 19293.424187480647, 19293.424187480647, 19293.424187480647, 19293.424187480647, 19293.424187480647, 19293.424187480647, 19293.424187480647, 19293.424187480647, 19293.424187480647, 19293.424187480647, 19293.424187480647, 19293.424187480647, 19293.424187480647, 19293.424187480647, 19293.424187480647, 19293.424187480647, 19293.424187480647, 19293.424187480647, 19293.424187480647, 19293.424187480647, 19293.424187480647, 19293.424187480647, 19293.424187480647, 19293.424187480647, 19293.424187480647, 19293.424187480647, 19293.424187480647, 19293.424187480647, 19293.424187480647, 19293.424187480647, 19293.424187480647, 19293.424187480647, 19293.424187480647, 19293.424187480647, 19293.424187480647, 19293.424187480647, 19293.424187480647, 19293.424187480647, 19293.424187480647, 19293.424187480647, 19293.424187480647, 19293.424187480647, 19293.424187480647, 19293.424187480647, 19293.424187480647, 19293.424187480647, 19293.424187480647, 19293.424187480647, 19293.424187480647, 19293.424187480647, 19293.424187480647, 19293.424187480647, 19293.424187480647, 19293.424187480647, 19293.424187480647, 19293.424187480647, 19293.424187480647, 19293.424187480647, 19293.424187480647, 19293.424187480647, 19293.424187480647, 19293.424187480647, 19293.424187480647, 19293.424187480647, 19293.424187480647, 19293.424187480647, 19293.424187480647, 19293.424187480647, 19293.424187480647, 19293.424187480647, 19293.424187480647, 19293.424187480647, 19293.424187480647, 19293.424187480647, 19293.424187480647, 19293.424187480647, 19293.424187480647, 19293.424187480647, 19293.424187480647, 19293.424187480647, 19287.61470904513, 19287.61470904513, 19287.61470904513, 19287.61470904513, 19287.61470904513, 19287.61470904513, 19287.61470904513, 19287.61470904513, 19287.61470904513, 19287.61470904513, 19287.61470904513, 19287.61470904513, 19287.61470904513, 19287.61470904513, 19287.61470904513, 19287.61470904513, 19287.61470904513, 19287.61470904513, 19287.61470904513, 19287.61470904513, 19287.61470904513, 19287.61470904513, 19287.61470904513, 19287.61470904513, 19287.61470904513, 19287.61470904513, 19287.61470904513, 19287.61470904513, 19287.61470904513, 19287.61470904513, 19287.61470904513, 19287.61470904513, 19287.61470904513, 19287.61470904513, 19287.61470904513, 19287.61470904513, 19287.61470904513, 19287.61470904513, 19287.61470904513, 19287.61470904513, 19287.61470904513, 19287.61470904513, 19287.61470904513, 19287.61470904513, 19287.61470904513, 19287.61470904513, 19287.61470904513, 19287.61470904513, 19287.61470904513, 19287.61470904513, 19287.61470904513, 19287.61470904513, 19287.61470904513, 19287.61470904513, 19287.61470904513, 19287.61470904513, 19287.61470904513, 19287.61470904513, 19287.61470904513, 19287.61470904513, 19287.61470904513, 19287.61470904513, 19287.61470904513, 19287.61470904513, 19287.61470904513, 19287.61470904513, 19287.61470904513, 19287.61470904513, 19287.61470904513, 19287.61470904513, 19287.61470904513, 19287.61470904513, 19287.61470904513, 19287.61470904513, 19287.61470904513, 19287.61470904513, 19287.61470904513, 19287.61470904513, 19287.61470904513, 19287.61470904513, 19287.61470904513, 19287.61470904513, 19287.61470904513, 19287.61470904513, 19287.61470904513, 19276.422546637503, 19276.422546637503, 19276.422546637503, 19276.422546637503, 19276.422546637503, 19276.422546637503, 19276.422546637503, 19276.422546637503, 19276.422546637503, 19276.422546637503, 19276.422546637503, 19276.422546637503, 19276.422546637503, 19276.422546637503, 19276.422546637503, 19276.422546637503, 19276.422546637503, 19276.422546637503, 19276.422546637503, 19276.422546637503, 19276.422546637503, 19276.422546637503, 19276.422546637503, 19276.422546637503, 19276.422546637503, 19276.422546637503, 19276.422546637503, 19276.422546637503, 19276.422546637503, 19276.422546637503, 19276.422546637503, 19276.422546637503, 19276.422546637503, 19276.422546637503, 19276.422546637503, 19276.422546637503, 19276.422546637503, 19276.422546637503, 19276.422546637503, 19276.422546637503, 19276.422546637503, 19276.422546637503, 19276.422546637503, 19276.422546637503, 19276.422546637503, 19276.422546637503, 19276.422546637503, 19276.422546637503, 19276.422546637503, 19276.422546637503, 19276.422546637503, 19276.422546637503, 19276.422546637503, 19276.422546637503, 19276.422546637503, 19276.422546637503, 19276.422546637503, 19276.422546637503, 19276.422546637503, 19276.422546637503, 19276.422546637503, 19276.422546637503, 19276.422546637503, 19276.422546637503, 19276.422546637503, 19276.422546637503, 19276.422546637503, 19276.422546637503, 19276.422546637503, 19276.422546637503, 19276.422546637503, 19276.422546637503, 19276.422546637503, 19276.422546637503, 19276.422546637503, 19276.422546637503, 19276.422546637503, 19276.422546637503, 19276.422546637503, 19276.422546637503, 19264.48772967257, 19264.48772967257, 19264.48772967257, 19264.48772967257, 19264.48772967257, 19264.48772967257, 19264.48772967257, 19264.48772967257, 19264.48772967257, 19264.48772967257, 19264.48772967257, 19264.48772967257, 19264.48772967257, 19264.48772967257, 19264.48772967257, 19264.48772967257, 19264.48772967257, 19264.48772967257, 19264.48772967257, 19264.48772967257, 19264.48772967257, 19264.48772967257, 19264.48772967257, 19264.48772967257, 19264.48772967257, 19264.48772967257, 19264.48772967257, 19264.48772967257, 19264.48772967257, 19264.48772967257, 19264.48772967257, 19264.48772967257, 19264.48772967257, 19264.48772967257, 19264.48772967257, 19264.48772967257, 19264.48772967257, 19264.48772967257, 19264.48772967257, 19264.48772967257, 19264.48772967257, 19264.48772967257, 19264.48772967257, 19264.48772967257, 19264.48772967257, 19264.48772967257, 19264.48772967257, 19264.48772967257, 19264.48772967257, 19264.48772967257, 19264.48772967257, 19264.48772967257, 19264.48772967257, 19264.48772967257, 19254.445854591755, 19254.445854591755, 19254.445854591755, 19254.445854591755, 19254.445854591755, 19248.04469343931, 19248.04469343931, 19248.04469343931, 19248.04469343931, 19248.04469343931, 19248.04469343931, 19248.04469343931, 19248.04469343931, 19248.04469343931, 19248.04469343931, 19248.04469343931, 19248.04469343931, 19248.04469343931, 19248.04469343931, 19248.04469343931, 19248.04469343931, 19248.04469343931, 19232.61725386916, 19232.61725386916, 19232.61725386916, 19232.61725386916, 19232.61725386916, 19196.10716099337, 19196.10716099337, 19196.10716099337, 19196.10716099337, 19196.10716099337, 19196.10716099337, 19196.10716099337, 19196.10716099337, 19196.10716099337, 19196.10716099337, 19196.10716099337, 19196.10716099337, 19196.10716099337, 19196.10716099337, 19196.10716099337, 19196.10716099337, 19196.10716099337, 19196.10716099337, 19196.10716099337, 19196.10716099337, 19196.10716099337, 19196.10716099337, 19196.10716099337, 19196.10716099337, 19196.10716099337, 19196.10716099337, 19196.10716099337, 19196.10716099337, 19196.10716099337, 19196.10716099337, 19196.10716099337, 19196.10716099337, 19196.10716099337, 19196.10716099337, 19196.10716099337, 19196.10716099337, 19196.10716099337, 19196.10716099337, 19196.10716099337, 19196.10716099337, 19196.10716099337, 19196.10716099337, 19196.10716099337, 19196.10716099337, 19196.10716099337, 19196.10716099337, 19196.10716099337, 19196.10716099337, 19196.10716099337, 19196.10716099337, 19196.10716099337, 19196.10716099337, 19196.10716099337, 19196.10716099337, 19196.10716099337, 19196.10716099337, 19196.10716099337, 19196.10716099337, 19196.10716099337, 19196.10716099337, 19196.10716099337, 19196.10716099337, 19196.10716099337, 19196.10716099337, 19196.10716099337, 19196.10716099337, 19196.10716099337, 19196.10716099337, 19196.10716099337, 19196.10716099337, 19196.10716099337, 19196.10716099337, 19196.10716099337, 19196.10716099337, 19196.10716099337, 19196.10716099337, 19196.10716099337, 19196.10716099337, 19196.10716099337, 19196.10716099337, 19196.10716099337, 19196.10716099337, 19196.10716099337, 19196.10716099337, 19196.10716099337, 19196.10716099337, 19196.10716099337, 19196.10716099337, 19196.10716099337, 19196.10716099337, 19196.10716099337, 19196.10716099337, 19196.10716099337, 19196.10716099337, 19196.10716099337, 19196.10716099337, 19196.10716099337, 19196.10716099337, 19196.10716099337, 19196.10716099337, 19196.10716099337, 19196.10716099337, 19196.10716099337, 19196.10716099337, 19196.10716099337, 19196.10716099337, 19196.10716099337, 19196.10716099337, 19196.10716099337, 19196.10716099337, 19196.10716099337, 19196.10716099337, 19196.10716099337, 19196.10716099337, 19196.10716099337, 19196.10716099337, 19196.10716099337, 19196.10716099337, 19196.10716099337, 19196.10716099337, 19196.10716099337, 19196.10716099337, 19196.10716099337, 19196.10716099337, 19196.10716099337, 19196.10716099337, 19196.10716099337, 19196.10716099337, 19196.10716099337, 19196.10716099337, 19196.10716099337, 19196.10716099337, 19196.10716099337, 19196.10716099337, 19196.10716099337, 19196.10716099337, 19196.10716099337, 19196.10716099337, 19196.10716099337, 19196.10716099337, 19196.10716099337, 19196.10716099337, 19196.10716099337, 19196.10716099337, 19196.10716099337, 19196.10716099337, 19196.10716099337, 19196.10716099337, 19196.10716099337, 19196.10716099337, 19196.10716099337, 19196.10716099337, 19196.10716099337, 19196.10716099337, 19196.10716099337, 19196.10716099337, 19196.10716099337, 19196.10716099337, 19196.10716099337, 19196.10716099337, 19196.10716099337, 19196.10716099337, 19196.10716099337, 19196.10716099337, 19196.10716099337, 19196.10716099337, 19196.10716099337, 19196.10716099337, 19196.10716099337, 19196.10716099337, 19196.10716099337, 19196.10716099337, 19196.10716099337, 19196.10716099337, 19196.10716099337, 19196.10716099337, 19196.10716099337, 19196.10716099337, 19196.10716099337, 19196.10716099337, 19196.10716099337, 19196.10716099337, 19196.10716099337, 19196.10716099337, 19196.10716099337, 19196.10716099337, 19196.10716099337, 19196.10716099337, 19196.10716099337, 19196.10716099337, 19196.10716099337, 19196.10716099337, 19196.10716099337, 19196.10716099337, 19196.10716099337, 19196.10716099337, 19196.10716099337, 19196.10716099337, 19196.10716099337, 19196.10716099337, 19196.10716099337, 19196.10716099337, 19196.10716099337, 19196.10716099337, 19196.10716099337, 19196.10716099337, 19196.10716099337, 19196.10716099337, 19196.10716099337, 19196.10716099337, 19196.10716099337, 19196.10716099337, 19196.10716099337, 19196.10716099337, 19196.10716099337, 19196.10716099337, 19196.10716099337, 19196.10716099337, 19196.10716099337, 19196.10716099337, 19196.10716099337, 19196.10716099337, 19196.10716099337, 19196.10716099337, 19196.10716099337, 19196.10716099337, 19196.10716099337, 19196.10716099337, 19196.10716099337, 19196.10716099337, 19196.10716099337, 19196.10716099337, 19196.10716099337, 19196.10716099337, 19196.10716099337, 19196.10716099337, 19196.10716099337, 19196.10716099337, 19196.10716099337, 19196.10716099337, 19196.10716099337, 19196.10716099337, 19196.10716099337, 19196.10716099337, 19196.10716099337, 19196.10716099337, 19196.10716099337, 19196.10716099337, 19196.10716099337, 19196.10716099337, 19196.10716099337, 19196.10716099337, 19196.10716099337, 19196.10716099337, 19196.10716099337, 19196.10716099337, 19196.10716099337, 19196.10716099337, 19196.10716099337, 19196.10716099337, 19196.10716099337, 19196.10716099337, 19196.10716099337, 19196.10716099337, 19196.10716099337, 19196.10716099337, 19196.10716099337, 19196.10716099337, 19196.10716099337, 19196.10716099337, 19196.10716099337, 19196.10716099337, 19196.10716099337, 19196.10716099337, 19196.10716099337, 19196.10716099337, 19196.10716099337, 19196.10716099337, 19196.10716099337, 19196.10716099337, 19196.10716099337, 19196.10716099337, 19196.10716099337, 19196.10716099337, 19196.10716099337, 19196.10716099337, 19196.10716099337, 19196.10716099337, 19196.10716099337, 19196.10716099337, 19196.10716099337, 19196.10716099337, 19196.10716099337, 19196.10716099337, 19196.10716099337, 19196.10716099337, 19196.10716099337, 19196.10716099337, 19196.10716099337, 19196.10716099337, 19196.10716099337, 19196.10716099337, 19196.10716099337, 19196.10716099337, 19196.10716099337, 19196.10716099337, 19196.10716099337, 19196.10716099337, 19196.10716099337, 19196.10716099337, 19196.10716099337, 19196.10716099337, 19196.10716099337, 19196.10716099337, 19196.10716099337, 19196.10716099337, 19196.10716099337, 19196.10716099337, 19196.10716099337, 19196.10716099337, 19196.10716099337, 19196.10716099337, 19196.10716099337, 19196.10716099337, 19196.10716099337, 19196.10716099337, 19196.10716099337, 19196.10716099337, 19196.10716099337, 19196.10716099337, 19196.10716099337, 19196.10716099337, 19196.10716099337, 19196.10716099337, 19196.10716099337, 19196.10716099337, 19196.10716099337, 19196.10716099337, 19196.10716099337, 19196.10716099337, 19196.10716099337, 19196.10716099337, 19196.10716099337, 19196.10716099337, 19196.10716099337, 19196.10716099337, 19196.10716099337, 19196.10716099337, 19196.10716099337, 19196.10716099337, 19196.10716099337, 19196.10716099337, 19196.10716099337, 19196.10716099337, 19196.10716099337, 19196.10716099337, 19196.10716099337, 19196.10716099337, 19196.10716099337, 19196.10716099337, 19196.10716099337, 19196.10716099337, 19196.10716099337, 19196.10716099337, 19196.10716099337, 19196.10716099337, 19196.10716099337, 19196.10716099337, 19196.10716099337, 19196.10716099337, 19196.10716099337, 19196.10716099337, 19196.10716099337, 19196.10716099337, 19196.10716099337, 19196.10716099337, 19196.10716099337, 19196.10716099337, 19196.10716099337, 19196.10716099337, 19196.10716099337, 19196.10716099337, 19196.10716099337, 19196.10716099337, 19196.10716099337, 19196.10716099337, 19196.10716099337, 19196.10716099337, 19196.10716099337, 19196.10716099337, 19196.10716099337, 19190.66026065621, 19190.66026065621, 19190.66026065621, 19190.66026065621, 19190.66026065621, 19190.66026065621, 19190.66026065621, 19190.66026065621, 19190.66026065621, 19190.66026065621, 19190.66026065621, 19190.66026065621, 19190.66026065621, 19190.66026065621, 19190.66026065621, 19190.66026065621, 19190.66026065621, 19190.66026065621, 19190.66026065621, 19190.66026065621, 19190.66026065621, 19190.66026065621, 19190.66026065621, 19190.66026065621, 19190.66026065621, 19190.66026065621, 19190.66026065621, 19190.66026065621, 19190.66026065621, 19190.66026065621, 19190.66026065621, 19190.66026065621, 19190.66026065621, 19190.66026065621, 19190.66026065621, 19190.66026065621, 19190.66026065621, 19190.66026065621, 19190.66026065621, 19190.66026065621, 19190.66026065621, 19190.66026065621, 19190.66026065621, 19190.66026065621, 19190.66026065621, 19190.66026065621, 19190.66026065621, 19190.66026065621, 19190.66026065621, 19190.66026065621, 19190.66026065621, 19190.66026065621, 19190.66026065621, 19190.66026065621, 19190.66026065621, 19190.66026065621, 19190.66026065621, 19190.66026065621, 19190.66026065621, 19190.66026065621, 19190.66026065621, 19190.66026065621, 19190.66026065621, 19190.66026065621, 19190.66026065621, 19190.66026065621, 19190.66026065621, 19190.66026065621, 19190.66026065621, 19190.66026065621, 19190.66026065621, 19190.66026065621, 19190.66026065621, 19190.66026065621, 19190.66026065621, 19190.66026065621, 19190.66026065621, 19190.66026065621, 19190.66026065621, 19190.66026065621, 19190.66026065621, 19190.66026065621, 19190.66026065621, 19190.66026065621, 19190.66026065621, 19190.66026065621, 19181.2042864936, 19181.2042864936, 19181.2042864936, 19181.2042864936, 19181.2042864936, 19181.2042864936, 19181.2042864936, 19181.2042864936, 19181.2042864936, 19181.2042864936, 19181.2042864936, 19181.2042864936, 19181.2042864936, 19181.2042864936, 19181.2042864936, 19181.2042864936, 19181.2042864936, 19181.2042864936, 19181.2042864936, 19181.2042864936, 19181.2042864936, 19181.2042864936, 19181.2042864936, 19181.2042864936, 19181.2042864936, 19181.2042864936, 19181.2042864936, 19181.2042864936, 19181.2042864936, 19181.2042864936, 19181.2042864936, 19181.2042864936, 19181.2042864936, 19181.2042864936, 19181.2042864936, 19181.2042864936, 19181.2042864936, 19181.2042864936, 19181.2042864936, 19181.2042864936, 19181.2042864936, 19181.2042864936, 19181.2042864936, 19181.2042864936, 19181.2042864936, 19181.2042864936, 19181.2042864936, 19181.2042864936, 19181.2042864936, 19181.2042864936, 19181.2042864936, 19181.2042864936, 19181.2042864936, 19181.2042864936, 19181.2042864936, 19181.2042864936, 19181.2042864936, 19181.2042864936, 19181.2042864936, 19181.2042864936, 19181.2042864936, 19181.2042864936, 19181.2042864936, 19181.2042864936, 19181.2042864936, 19181.2042864936, 19181.2042864936, 19181.2042864936, 19181.2042864936, 19181.2042864936, 19181.2042864936, 19181.2042864936, 19181.2042864936, 19181.2042864936, 19181.2042864936, 19181.2042864936, 19181.2042864936, 19181.2042864936, 19181.2042864936, 19181.2042864936, 19181.2042864936, 19181.2042864936, 19181.2042864936, 19181.2042864936, 19181.2042864936, 19181.2042864936, 19181.2042864936, 19181.2042864936, 19181.2042864936, 19181.2042864936, 19181.2042864936, 19181.2042864936, 19181.2042864936, 19181.2042864936, 19181.2042864936, 19181.2042864936, 19181.2042864936, 19181.2042864936, 19181.2042864936, 19181.2042864936, 19181.2042864936, 19181.2042864936, 19181.2042864936, 19181.2042864936, 19181.2042864936, 19181.2042864936, 19181.2042864936, 19181.2042864936, 19181.2042864936, 19181.2042864936, 19181.2042864936, 19181.2042864936, 19181.2042864936, 19181.2042864936, 19181.2042864936, 19181.2042864936, 19181.2042864936, 19181.2042864936, 19181.2042864936, 19181.2042864936, 19181.2042864936, 19181.2042864936, 19181.2042864936, 19181.2042864936, 19181.2042864936, 19181.2042864936, 19181.2042864936, 19181.2042864936, 19181.2042864936, 19181.2042864936, 19181.2042864936, 19181.2042864936, 19181.2042864936, 19181.2042864936, 19181.2042864936, 19181.2042864936, 19181.2042864936, 19181.2042864936, 19181.2042864936, 19181.2042864936, 19181.2042864936, 19181.2042864936, 19181.2042864936, 19181.2042864936, 19181.2042864936, 19181.2042864936, 19181.2042864936, 19181.2042864936, 19181.2042864936, 19181.2042864936, 19181.2042864936, 19181.2042864936, 19181.2042864936, 19181.2042864936, 19181.2042864936, 19181.2042864936, 19181.2042864936, 19181.2042864936, 19181.2042864936, 19181.2042864936, 19181.2042864936, 19181.2042864936, 19181.2042864936, 19181.2042864936, 19181.2042864936, 19181.2042864936, 19181.2042864936, 19181.2042864936, 19181.2042864936, 19181.2042864936, 19181.2042864936, 19181.2042864936, 19181.2042864936, 19181.2042864936, 19181.2042864936, 19181.2042864936, 19181.2042864936, 19181.2042864936, 19181.2042864936, 19181.2042864936, 19181.2042864936, 19181.2042864936, 19181.2042864936, 19181.2042864936, 19181.2042864936, 19181.2042864936, 19181.2042864936, 19181.2042864936, 19181.2042864936, 19181.2042864936, 19181.2042864936, 19181.2042864936, 19181.2042864936, 19181.2042864936, 19181.2042864936, 19181.2042864936, 19181.2042864936, 19181.2042864936, 19181.2042864936, 19181.2042864936, 19181.2042864936, 19181.2042864936, 19181.2042864936, 19181.2042864936, 19181.2042864936, 19181.2042864936, 19181.2042864936, 19181.2042864936, 19181.2042864936, 19181.2042864936, 19181.2042864936, 19181.2042864936, 19181.2042864936, 19181.2042864936, 19181.2042864936, 19181.2042864936, 19181.2042864936, 19181.2042864936, 19181.2042864936, 19181.2042864936, 19181.2042864936, 19181.2042864936, 19181.2042864936, 19181.2042864936, 19181.2042864936, 19181.2042864936, 19181.2042864936, 19181.2042864936, 19181.2042864936, 19181.2042864936, 19181.2042864936, 19181.2042864936, 19181.2042864936, 19181.2042864936, 19181.2042864936, 19181.2042864936, 19181.2042864936, 19181.2042864936, 19181.2042864936, 19181.2042864936, 19181.2042864936, 19181.2042864936, 19181.2042864936, 19181.2042864936, 19181.2042864936, 19181.2042864936, 19181.2042864936, 19181.2042864936, 19181.2042864936, 19181.2042864936, 19181.2042864936, 19181.2042864936, 19181.2042864936, 19181.2042864936, 19181.2042864936, 19181.2042864936, 19181.2042864936, 19181.2042864936, 19181.2042864936, 19181.2042864936, 19181.2042864936, 19181.2042864936, 19181.2042864936, 19181.2042864936, 19181.2042864936, 19181.2042864936, 19181.2042864936, 19181.2042864936, 19181.2042864936, 19181.2042864936, 19181.2042864936, 19181.2042864936, 19181.2042864936, 19181.2042864936, 19181.2042864936, 19181.2042864936, 19181.2042864936, 19181.2042864936, 19181.2042864936, 19181.2042864936, 19181.2042864936, 19181.2042864936, 19181.2042864936, 19181.2042864936, 19181.2042864936, 19181.2042864936, 19181.2042864936, 19181.2042864936, 19181.2042864936, 19181.2042864936, 19181.2042864936, 19181.2042864936, 19181.2042864936, 19181.2042864936, 19181.2042864936, 19181.2042864936, 19181.2042864936, 19181.2042864936, 19181.2042864936, 19181.2042864936, 19181.2042864936, 19181.2042864936, 19181.2042864936, 19181.2042864936, 19181.2042864936, 19181.2042864936, 19181.2042864936, 19181.2042864936, 19181.2042864936, 19181.2042864936, 19181.2042864936, 19181.2042864936, 19181.2042864936, 19181.2042864936, 19181.2042864936, 19181.2042864936, 19181.2042864936, 19181.2042864936, 19181.2042864936, 19181.2042864936, 19181.2042864936, 19181.2042864936, 19181.2042864936, 19181.2042864936, 19181.2042864936, 19181.2042864936, 19181.2042864936, 19181.2042864936, 19181.2042864936, 19181.2042864936, 19181.2042864936, 19181.2042864936, 19181.2042864936, 19181.2042864936, 19181.2042864936, 19181.2042864936, 19181.2042864936, 19181.2042864936, 19181.2042864936, 19181.2042864936, 19181.2042864936, 19181.2042864936, 19181.2042864936, 19181.2042864936, 19181.2042864936, 19181.2042864936, 19181.2042864936, 19181.2042864936, 19181.2042864936, 19181.2042864936, 19181.2042864936, 19181.2042864936, 19181.2042864936, 19181.2042864936, 19181.2042864936, 19181.2042864936, 19181.2042864936, 19181.2042864936, 19181.2042864936, 19181.2042864936, 19181.2042864936, 19181.2042864936, 19181.2042864936, 19181.2042864936, 19181.2042864936, 19181.2042864936, 19181.2042864936, 19181.2042864936, 19181.2042864936, 19181.2042864936, 19181.2042864936, 19181.2042864936, 19181.2042864936, 19181.2042864936, 19181.2042864936, 19181.2042864936, 19181.2042864936, 19181.2042864936, 19181.2042864936, 19181.2042864936, 19181.2042864936, 19181.2042864936, 19181.2042864936, 19181.2042864936, 19181.2042864936, 19181.2042864936, 19181.2042864936, 19181.2042864936, 19181.2042864936, 19181.2042864936, 19181.2042864936, 19181.2042864936, 19181.2042864936, 19181.2042864936, 19181.2042864936, 19181.2042864936, 19181.2042864936, 19181.2042864936, 19181.2042864936, 19181.2042864936, 19181.2042864936, 19181.2042864936, 19181.2042864936, 19181.2042864936, 19181.2042864936, 19181.2042864936, 19181.2042864936, 19181.2042864936, 19181.2042864936, 19181.2042864936, 19181.2042864936, 19181.2042864936, 19181.2042864936, 19181.2042864936, 19181.2042864936, 19181.2042864936, 19181.2042864936, 19181.2042864936, 19181.2042864936, 19181.2042864936, 19181.2042864936, 19181.2042864936, 19181.2042864936, 19181.2042864936, 19181.2042864936, 19181.2042864936, 19181.2042864936, 19181.2042864936, 19181.2042864936, 19181.2042864936, 19181.2042864936, 19181.2042864936, 19181.2042864936, 19181.2042864936, 19181.2042864936, 19181.2042864936, 19181.2042864936, 19181.2042864936, 19181.2042864936, 19181.2042864936, 19181.2042864936, 19181.2042864936, 19181.2042864936, 19181.2042864936, 19181.2042864936, 19181.2042864936, 19181.2042864936, 19181.2042864936, 19181.2042864936, 19181.2042864936, 19181.2042864936, 19181.2042864936, 19181.2042864936, 19181.2042864936, 19181.2042864936, 19181.2042864936, 19181.2042864936, 19181.2042864936, 19181.2042864936, 19181.2042864936, 19181.2042864936, 19181.2042864936, 19181.2042864936, 19181.2042864936, 19181.2042864936, 19181.2042864936, 19181.2042864936, 19181.2042864936, 19181.2042864936, 19181.2042864936, 19181.2042864936, 19181.2042864936, 19181.2042864936, 19181.2042864936, 19181.2042864936, 19181.2042864936, 19181.2042864936, 19181.2042864936, 19181.2042864936, 19181.2042864936, 19181.2042864936, 19181.2042864936, 19181.2042864936, 19181.2042864936, 19181.2042864936, 19181.2042864936, 19181.2042864936, 19181.2042864936, 19181.2042864936, 19181.2042864936, 19181.2042864936, 19181.2042864936, 19181.2042864936, 19181.2042864936, 19181.2042864936, 19181.2042864936, 19181.2042864936, 19181.2042864936, 19181.2042864936, 19181.2042864936, 19181.2042864936, 19181.2042864936, 19181.2042864936, 19181.2042864936, 19181.2042864936, 19181.2042864936, 19181.2042864936, 19181.2042864936, 19181.2042864936, 19181.2042864936, 19181.2042864936, 19181.2042864936, 19181.2042864936, 19181.2042864936, 19181.2042864936, 19181.2042864936, 19181.2042864936, 19181.2042864936, 19181.2042864936, 19181.2042864936, 19181.2042864936, 19181.2042864936, 19181.2042864936, 19181.2042864936, 19181.2042864936, 19181.2042864936, 19181.2042864936, 19181.2042864936, 19181.2042864936, 19181.2042864936, 19181.2042864936, 19181.2042864936, 19181.2042864936, 19181.2042864936, 19181.2042864936, 19181.2042864936, 19181.2042864936, 19181.2042864936, 19181.2042864936, 19181.2042864936, 19181.2042864936, 19181.2042864936, 19181.2042864936, 19181.2042864936, 19181.2042864936, 19181.2042864936, 19181.2042864936, 19181.2042864936, 19181.2042864936, 19181.2042864936, 19181.2042864936, 19181.2042864936, 19181.2042864936, 19181.2042864936, 19181.2042864936, 19181.2042864936, 19181.2042864936, 19181.2042864936, 19181.2042864936, 19181.2042864936, 19181.2042864936, 19181.2042864936, 19181.2042864936, 19181.2042864936, 19181.2042864936, 19181.2042864936, 19181.2042864936, 19181.2042864936, 19181.2042864936, 19181.2042864936, 19181.2042864936, 19181.2042864936, 19181.2042864936, 19181.2042864936, 19181.2042864936, 19181.2042864936, 19181.2042864936, 19181.2042864936, 19181.2042864936, 19181.2042864936, 19181.2042864936, 19181.2042864936, 19181.2042864936, 19181.2042864936, 19181.2042864936, 19179.641779472648, 19179.641779472648, 19179.641779472648, 19179.641779472648, 19179.641779472648, 19179.641779472648, 19179.641779472648, 19179.641779472648, 19179.641779472648, 19179.641779472648, 19179.641779472648, 19179.641779472648, 19179.641779472648, 19179.641779472648, 19179.641779472648, 19179.641779472648, 19179.641779472648, 19179.641779472648, 19179.641779472648, 19179.641779472648, 19179.641779472648, 19179.641779472648, 19179.641779472648, 19179.641779472648, 19179.641779472648, 19179.641779472648, 19179.641779472648, 19179.641779472648, 19179.641779472648, 19179.641779472648, 19179.641779472648, 19179.641779472648, 19179.641779472648, 19179.641779472648, 19179.641779472648, 19179.641779472648, 19179.641779472648, 19179.641779472648, 19179.641779472648, 19179.641779472648, 19179.641779472648, 19179.641779472648, 19179.641779472648, 19179.641779472648, 19179.641779472648, 19179.641779472648, 19179.641779472648, 19179.641779472648, 19179.641779472648, 19179.641779472648, 19179.641779472648, 19179.641779472648, 19179.641779472648, 19179.641779472648, 19179.641779472648, 19179.641779472648, 19179.641779472648, 19179.641779472648, 19179.641779472648, 19179.641779472648, 19179.641779472648, 19179.641779472648, 19179.641779472648, 19179.641779472648, 19179.641779472648, 19179.641779472648, 19179.641779472648, 19179.641779472648, 19179.641779472648, 19179.641779472648, 19179.641779472648, 19179.641779472648, 19179.641779472648, 19179.641779472648, 19179.641779472648, 19179.641779472648, 19179.641779472648, 19179.641779472648, 19179.641779472648, 19179.641779472648, 19179.641779472648, 19179.641779472648, 19179.641779472648, 19179.641779472648, 19179.641779472648, 19179.641779472648, 19179.641779472648, 19179.641779472648, 19179.641779472648, 19179.641779472648, 19179.641779472648, 19179.641779472648, 19179.641779472648, 19179.641779472648, 19179.641779472648, 19179.641779472648, 19179.641779472648, 19179.641779472648, 19179.641779472648, 19179.641779472648, 19179.641779472648, 19179.641779472648, 19179.641779472648, 19179.641779472648, 19179.641779472648, 19179.641779472648, 19179.641779472648, 19179.641779472648, 19179.641779472648, 19179.641779472648, 19179.641779472648, 19179.641779472648, 19179.641779472648, 19179.641779472648, 19179.641779472648, 19179.641779472648, 19179.641779472648, 19179.641779472648, 19179.641779472648, 19179.641779472648, 19179.641779472648, 19179.641779472648, 19179.641779472648, 19179.641779472648, 19179.641779472648, 19179.641779472648, 19179.641779472648, 19179.641779472648, 19179.641779472648, 19179.641779472648, 19179.641779472648, 19179.641779472648, 19179.641779472648, 19179.641779472648, 19179.641779472648, 19179.641779472648, 19179.641779472648, 19179.641779472648, 19179.641779472648, 19148.18042978923, 19148.18042978923, 19148.18042978923, 19148.18042978923, 19148.18042978923, 19148.18042978923, 19148.18042978923, 19148.18042978923, 19148.18042978923, 19148.18042978923, 19148.18042978923, 19148.18042978923, 19148.18042978923, 19148.18042978923, 19148.18042978923, 19148.18042978923, 19148.18042978923, 19148.18042978923, 19148.18042978923, 19148.18042978923, 19148.18042978923, 19148.18042978923, 19148.18042978923, 19148.18042978923, 19148.18042978923, 19148.18042978923, 19148.18042978923, 19148.18042978923, 19148.18042978923, 19148.18042978923, 19148.18042978923, 19148.18042978923, 19148.18042978923, 19148.18042978923, 19148.18042978923, 19148.18042978923, 19148.18042978923, 19148.18042978923, 19148.18042978923, 19148.18042978923, 19148.18042978923, 19148.18042978923, 19148.18042978923, 19148.18042978923, 19148.18042978923, 19148.18042978923, 19148.18042978923, 19148.18042978923, 19148.18042978923, 19148.18042978923, 19148.18042978923, 19148.18042978923, 19148.18042978923, 19148.18042978923, 19148.18042978923, 19148.18042978923, 19148.18042978923, 19148.18042978923, 19148.18042978923, 19148.18042978923, 19148.18042978923, 19148.18042978923, 19148.18042978923, 19148.18042978923, 19148.18042978923, 19148.18042978923, 19148.18042978923, 19148.18042978923, 19148.18042978923, 19148.18042978923, 19148.18042978923, 19148.18042978923, 19148.18042978923, 19148.18042978923, 19148.18042978923, 19148.18042978923, 19148.18042978923, 19148.18042978923, 19148.18042978923, 19148.18042978923, 19148.18042978923, 19148.18042978923, 19148.18042978923, 19148.18042978923, 19148.18042978923, 19148.18042978923, 19148.18042978923, 19148.18042978923, 19148.18042978923, 19148.18042978923, 19148.18042978923, 19148.18042978923, 19148.18042978923, 19148.18042978923, 19148.18042978923, 19148.18042978923, 19148.18042978923, 19148.18042978923, 19148.18042978923, 19148.18042978923, 19148.18042978923, 19148.18042978923, 19148.18042978923, 19148.18042978923, 19148.18042978923, 19148.18042978923, 19148.18042978923, 19148.18042978923, 19148.18042978923, 19148.18042978923, 19148.18042978923, 19148.18042978923, 19148.18042978923, 19148.18042978923, 19148.18042978923, 19148.18042978923, 19148.18042978923, 19148.18042978923, 19148.18042978923, 19148.18042978923, 19148.18042978923, 19148.18042978923, 19148.18042978923, 19148.18042978923, 19148.18042978923, 19148.18042978923, 19148.18042978923, 19148.18042978923, 19148.18042978923, 19148.18042978923, 19148.18042978923, 19148.18042978923, 19148.18042978923, 19148.18042978923, 19148.18042978923, 19148.18042978923, 19148.18042978923, 19148.18042978923, 19148.18042978923, 19146.40791683338, 19146.40791683338, 19146.40791683338, 19146.40791683338, 19146.40791683338, 19146.40791683338, 19146.40791683338, 19146.40791683338, 19146.40791683338, 19146.40791683338, 19146.40791683338, 19146.40791683338, 19146.40791683338, 19146.40791683338, 19146.40791683338, 19146.40791683338, 19146.40791683338, 19146.40791683338, 19146.40791683338, 19146.40791683338, 19146.40791683338, 19146.40791683338, 19146.40791683338, 19146.40791683338, 19146.40791683338, 19146.40791683338, 19146.40791683338, 19134.41627742218, 19134.41627742218, 19134.41627742218, 19134.41627742218, 19134.41627742218, 19134.41627742218, 19134.41627742218, 19134.41627742218, 19134.41627742218, 19134.41627742218, 19134.41627742218, 19134.41627742218, 19134.41627742218, 19134.41627742218, 19134.41627742218, 19134.41627742218, 19134.41627742218, 19134.41627742218, 19134.41627742218, 19134.41627742218, 19134.41627742218, 19134.41627742218, 19134.41627742218, 19134.41627742218, 19134.41627742218, 19134.41627742218, 19134.41627742218, 19134.41627742218, 19134.41627742218, 19134.41627742218, 19134.41627742218, 19134.41627742218, 19134.41627742218, 19134.41627742218, 19134.41627742218, 19134.41627742218, 19134.41627742218, 19134.41627742218, 19132.999609033286, 19132.999609033286, 19132.999609033286, 19132.999609033286, 19132.999609033286, 19132.999609033286, 19132.999609033286, 19132.999609033286, 19132.999609033286, 19132.999609033286, 19132.999609033286, 19132.999609033286, 19132.999609033286, 19132.999609033286, 19132.999609033286, 19132.999609033286, 19132.999609033286, 19132.999609033286, 19132.999609033286, 19132.999609033286, 19129.926919387966, 19129.926919387966, 19129.926919387966, 19129.926919387966, 19129.926919387966, 19129.926919387966, 19129.926919387966, 19129.926919387966, 19129.926919387966, 19129.926919387966, 19129.926919387966, 19129.926919387966, 19129.926919387966, 19129.926919387966, 19129.926919387966, 19129.926919387966, 19129.926919387966, 19129.926919387966, 19129.926919387966, 19129.926919387966, 19129.926919387966, 19129.926919387966, 19129.926919387966, 19129.926919387966, 19129.926919387966, 19129.926919387966, 19129.926919387966, 19129.926919387966, 19129.926919387966, 19129.926919387966, 19129.926919387966, 19129.926919387966, 19129.926919387966, 19129.926919387966, 19129.926919387966, 19129.926919387966, 19129.926919387966, 19129.926919387966, 19129.926919387966, 19129.926919387966, 19129.926919387966, 19129.926919387966, 19129.926919387966, 19129.926919387966, 19129.926919387966, 19129.926919387966, 19129.926919387966, 19129.926919387966, 19129.926919387966, 19129.926919387966, 19129.926919387966, 19129.926919387966, 19129.926919387966, 19129.926919387966, 19129.926919387966, 19129.926919387966, 19129.926919387966, 19129.926919387966, 19129.926919387966, 19129.926919387966, 19129.926919387966, 19129.926919387966, 19129.926919387966, 19129.926919387966, 19129.926919387966, 19129.926919387966, 19129.926919387966, 19129.926919387966, 19129.926919387966, 19129.926919387966]
Computational time : 1755.41899991