Name : Ahmed ElMousel
Problem : X-n115-k10 
Whale Algorithm 
cost : 18465.9837579
Routes : 
1->1
1->1
1->1
1->1
1->37->33->121->36->92->57->84->29->134->91->65->46->90->13->55->119->129->69->1
1->1
1->116->125->41->60->53->21->136->59->68->47->31->122->99->80->61->73->9->79->1
1->26->66->45->19->48->97->63->105->133->24->22->126->34->86->20->8->98->1
1->127->18->3->44->115->111->54->103->7->32->88->49->102->67->74->89->52->50->51->72->10->110->131->1
1->62->75->12->101->82->15->38->123->23->120->81->40->70->132->43->30->27->113->141->142->78->124->138->56->140->96->58->1
1->5->71->25->118->35->135->93->109->39->16->107->28->83->143->17->128->85->1
1->14->100->104->64->11->114->76->95->4->77->130->106->139->112->2->108->6->87->42->94->117->137->1
1->1
best solutions : 
[25574.403331894773, 24317.419464799008, 23497.726435786055, 22816.515787568256, 22342.597282335308, 21291.79580265608, 20660.169553739725, 19857.389351971517, 19857.389351971517, 19767.26567177617, 19767.26567177617, 19767.26567177617, 19767.26567177617, 19767.26567177617, 19767.26567177617, 19767.26567177617, 19767.26567177617, 19713.640376089774, 19713.640376089774, 19713.640376089774, 19713.640376089774, 19713.640376089774, 19713.640376089774, 19713.640376089774, 19713.640376089774, 19713.640376089774, 19713.640376089774, 19713.640376089774, 19713.640376089774, 19713.640376089774, 19713.640376089774, 19713.640376089774, 19713.640376089774, 19713.640376089774, 19571.681136673287, 19571.681136673287, 19571.681136673287, 19571.681136673287, 19571.681136673287, 19571.681136673287, 19571.681136673287, 19571.681136673287, 19571.681136673287, 19571.681136673287, 19559.953382025033, 19559.953382025033, 19559.953382025033, 19559.953382025033, 19514.496733541695, 19514.496733541695, 19514.496733541695, 19514.496733541695, 19514.496733541695, 19514.496733541695, 19514.496733541695, 19514.496733541695, 19514.496733541695, 19514.496733541695, 19514.496733541695, 19514.496733541695, 19514.496733541695, 19514.496733541695, 19514.496733541695, 19514.496733541695, 19514.496733541695, 19514.496733541695, 19508.539667584522, 19508.539667584522, 19508.539667584522, 19508.539667584522, 19503.771075527664, 19503.771075527664, 19503.771075527664, 19503.771075527664, 19503.771075527664, 19478.397342117005, 19478.397342117005, 19460.27265304078, 19460.27265304078, 19460.27265304078, 19460.27265304078, 19441.00040045605, 19441.00040045605, 19396.426925843072, 19396.426925843072, 19396.426925843072, 19396.426925843072, 19396.426925843072, 19396.426925843072, 19396.426925843072, 19396.426925843072, 19396.426925843072, 19396.426925843072, 19396.426925843072, 19396.426925843072, 19396.426925843072, 19396.426925843072, 19378.004770890184, 19378.004770890184, 19378.004770890184, 19378.004770890184, 19378.004770890184, 19378.004770890184, 19378.004770890184, 19274.69634249813, 19274.69634249813, 19274.69634249813, 19274.69634249813, 19274.69634249813, 19274.69634249813, 19274.69634249813, 19274.69634249813, 19274.69634249813, 19274.69634249813, 19274.69634249813, 19274.69634249813, 19274.69634249813, 19274.69634249813, 19274.69634249813, 19274.69634249813, 19274.69634249813, 19274.69634249813, 19274.69634249813, 19274.69634249813, 19274.69634249813, 19274.69634249813, 19274.69634249813, 19274.69634249813, 19274.69634249813, 19274.69634249813, 19274.69634249813, 19274.69634249813, 19274.69634249813, 19274.69634249813, 19274.69634249813, 19274.69634249813, 19274.69634249813, 19274.69634249813, 19274.69634249813, 19274.69634249813, 19274.69634249813, 19274.69634249813, 19274.69634249813, 19274.69634249813, 19274.69634249813, 19274.69634249813, 19274.69634249813, 19274.69634249813, 19274.69634249813, 19264.381168520667, 19264.381168520667, 19264.381168520667, 19264.381168520667, 19264.381168520667, 19264.381168520667, 19264.381168520667, 19249.08295335782, 19249.08295335782, 19249.08295335782, 19249.08295335782, 19249.08295335782, 19249.08295335782, 19249.08295335782, 19249.08295335782, 19249.08295335782, 19249.08295335782, 19249.08295335782, 19249.08295335782, 19249.08295335782, 19249.08295335782, 19249.08295335782, 19249.08295335782, 19249.08295335782, 19249.08295335782, 19249.08295335782, 19245.51929814217, 19245.51929814217, 19245.51929814217, 19245.51929814217, 19245.51929814217, 19245.51929814217, 19245.51929814217, 19245.51929814217, 19245.51929814217, 19245.51929814217, 19240.97597238239, 19240.97597238239, 19240.97597238239, 19082.410664673167, 19082.410664673167, 19082.410664673167, 19038.5927483883, 19038.5927483883, 19038.5927483883, 19038.5927483883, 19038.5927483883, 19038.5927483883, 19038.5927483883, 19017.066919885154, 19017.066919885154, 18950.682282741775, 18950.682282741775, 18933.444232521077, 18933.444232521077, 18933.444232521077, 18933.444232521077, 18933.444232521077, 18933.444232521077, 18927.277086603495, 18906.778974924608, 18906.778974924608, 18906.778974924608, 18906.778974924608, 18906.778974924608, 18906.778974924608, 18906.778974924608, 18906.778974924608, 18906.778974924608, 18906.778974924608, 18906.778974924608, 18906.778974924608, 18906.778974924608, 18900.067860627503, 18900.067860627503, 18887.359164057987, 18887.359164057987, 18853.200713352126, 18853.200713352126, 18853.200713352126, 18853.200713352126, 18853.200713352126, 18853.200713352126, 18853.200713352126, 18853.200713352126, 18853.200713352126, 18853.200713352126, 18853.200713352126, 18853.200713352126, 18853.200713352126, 18853.200713352126, 18853.200713352126, 18853.200713352126, 18830.48536348933, 18830.48536348933, 18830.48536348933, 18830.48536348933, 18830.48536348933, 18830.48536348933, 18830.48536348933, 18830.48536348933, 18830.48536348933, 18830.48536348933, 18830.48536348933, 18830.48536348933, 18825.766580949174, 18825.766580949174, 18814.289436212086, 18814.289436212086, 18814.289436212086, 18814.289436212086, 18814.289436212086, 18814.289436212086, 18814.289436212086, 18814.289436212086, 18814.289436212086, 18814.289436212086, 18814.289436212086, 18814.289436212086, 18814.289436212086, 18813.70459864266, 18813.70459864266, 18813.70459864266, 18813.70459864266, 18813.70459864266, 18813.70459864266, 18779.418697802095, 18779.418697802095, 18754.098275609394, 18754.098275609394, 18754.098275609394, 18754.098275609394, 18754.098275609394, 18754.098275609394, 18754.098275609394, 18754.098275609394, 18754.098275609394, 18754.098275609394, 18754.098275609394, 18754.098275609394, 18754.098275609394, 18754.098275609394, 18752.02003062095, 18752.02003062095, 18752.02003062095, 18752.02003062095, 18752.02003062095, 18752.02003062095, 18752.02003062095, 18752.02003062095, 18752.02003062095, 18752.02003062095, 18727.557094160984, 18727.557094160984, 18727.557094160984, 18727.557094160984, 18727.557094160984, 18727.557094160984, 18727.557094160984, 18727.557094160984, 18727.557094160984, 18727.557094160984, 18727.557094160984, 18727.557094160984, 18727.557094160984, 18727.557094160984, 18726.53917786922, 18726.53917786922, 18726.53917786922, 18726.53917786922, 18726.53917786922, 18726.53917786922, 18726.53917786922, 18726.53917786922, 18726.53917786922, 18726.53917786922, 18726.53917786922, 18669.939952036864, 18669.939952036864, 18669.939952036864, 18669.939952036864, 18669.939952036864, 18669.939952036864, 18669.939952036864, 18669.939952036864, 18669.939952036864, 18669.939952036864, 18669.939952036864, 18669.939952036864, 18669.939952036864, 18669.939952036864, 18669.939952036864, 18669.939952036864, 18669.939952036864, 18669.939952036864, 18669.939952036864, 18669.939952036864, 18669.939952036864, 18669.939952036864, 18656.899728284356, 18656.899728284356, 18656.899728284356, 18656.899728284356, 18628.826638438906, 18628.826638438906, 18628.826638438906, 18628.826638438906, 18628.826638438906, 18628.826638438906, 18628.826638438906, 18628.826638438906, 18628.826638438906, 18628.826638438906, 18628.826638438906, 18628.826638438906, 18628.826638438906, 18628.826638438906, 18628.826638438906, 18628.826638438906, 18622.015967710136, 18622.015967710136, 18622.015967710136, 18622.015967710136, 18622.015967710136, 18622.015967710136, 18622.015967710136, 18622.015967710136, 18622.015967710136, 18622.015967710136, 18622.015967710136, 18622.015967710136, 18622.015967710136, 18622.015967710136, 18622.015967710136, 18622.015967710136, 18622.015967710136, 18622.015967710136, 18622.015967710136, 18619.0925419792, 18619.0925419792, 18619.0925419792, 18619.0925419792, 18619.0925419792, 18619.0925419792, 18619.0925419792, 18619.0925419792, 18619.0925419792, 18619.0925419792, 18619.0925419792, 18619.0925419792, 18619.0925419792, 18619.0925419792, 18619.0925419792, 18619.0925419792, 18619.0925419792, 18619.0925419792, 18619.0925419792, 18619.0925419792, 18619.0925419792, 18619.0925419792, 18619.0925419792, 18619.0925419792, 18619.0925419792, 18619.0925419792, 18619.0925419792, 18619.0925419792, 18619.0925419792, 18619.0925419792, 18619.0925419792, 18619.0925419792, 18619.0925419792, 18619.0925419792, 18619.0925419792, 18619.0925419792, 18619.0925419792, 18619.0925419792, 18619.0925419792, 18619.0925419792, 18619.0925419792, 18619.0925419792, 18619.0925419792, 18619.0925419792, 18619.0925419792, 18619.0925419792, 18619.0925419792, 18619.0925419792, 18619.0925419792, 18619.0925419792, 18619.0925419792, 18619.0925419792, 18619.0925419792, 18619.0925419792, 18619.0925419792, 18619.0925419792, 18619.0925419792, 18619.0925419792, 18619.0925419792, 18619.0925419792, 18619.0925419792, 18619.0925419792, 18619.0925419792, 18619.0925419792, 18619.0925419792, 18619.0925419792, 18619.0925419792, 18619.0925419792, 18619.0925419792, 18619.0925419792, 18619.0925419792, 18619.0925419792, 18619.0925419792, 18619.0925419792, 18619.0925419792, 18619.0925419792, 18607.09518697178, 18604.41425889, 18604.41425889, 18604.41425889, 18599.339852626923, 18599.339852626923, 18599.339852626923, 18599.339852626923, 18599.339852626923, 18599.339852626923, 18599.339852626923, 18599.339852626923, 18599.339852626923, 18599.339852626923, 18599.339852626923, 18599.339852626923, 18599.339852626923, 18599.339852626923, 18599.339852626923, 18599.339852626923, 18599.339852626923, 18599.339852626923, 18599.339852626923, 18599.339852626923, 18599.339852626923, 18599.339852626923, 18599.339852626923, 18599.339852626923, 18599.339852626923, 18599.339852626923, 18599.339852626923, 18599.339852626923, 18599.339852626923, 18599.339852626923, 18599.339852626923, 18599.339852626923, 18599.339852626923, 18599.339852626923, 18599.339852626923, 18599.339852626923, 18599.339852626923, 18599.339852626923, 18599.339852626923, 18599.339852626923, 18599.339852626923, 18599.339852626923, 18599.339852626923, 18599.339852626923, 18599.339852626923, 18599.339852626923, 18599.339852626923, 18599.339852626923, 18599.339852626923, 18599.339852626923, 18599.339852626923, 18599.339852626923, 18599.339852626923, 18599.339852626923, 18599.339852626923, 18599.339852626923, 18599.339852626923, 18599.339852626923, 18599.339852626923, 18599.339852626923, 18599.339852626923, 18599.339852626923, 18599.339852626923, 18599.339852626923, 18599.339852626923, 18599.339852626923, 18599.339852626923, 18599.339852626923, 18599.339852626923, 18599.339852626923, 18599.339852626923, 18599.339852626923, 18599.339852626923, 18599.339852626923, 18599.339852626923, 18599.339852626923, 18599.339852626923, 18599.339852626923, 18599.339852626923, 18599.339852626923, 18599.339852626923, 18599.339852626923, 18599.339852626923, 18599.339852626923, 18599.339852626923, 18599.339852626923, 18599.339852626923, 18599.339852626923, 18599.339852626923, 18599.339852626923, 18599.339852626923, 18599.339852626923, 18599.339852626923, 18599.339852626923, 18599.339852626923, 18599.339852626923, 18599.339852626923, 18599.339852626923, 18599.339852626923, 18599.339852626923, 18599.339852626923, 18599.339852626923, 18599.339852626923, 18599.339852626923, 18599.339852626923, 18599.339852626923, 18599.339852626923, 18599.339852626923, 18599.339852626923, 18599.339852626923, 18599.339852626923, 18599.339852626923, 18599.339852626923, 18599.339852626923, 18599.339852626923, 18599.339852626923, 18599.339852626923, 18599.339852626923, 18599.339852626923, 18599.339852626923, 18599.339852626923, 18599.339852626923, 18599.339852626923, 18599.339852626923, 18599.339852626923, 18599.339852626923, 18599.339852626923, 18599.339852626923, 18599.339852626923, 18599.339852626923, 18599.339852626923, 18599.339852626923, 18599.339852626923, 18599.339852626923, 18599.339852626923, 18599.339852626923, 18599.339852626923, 18599.339852626923, 18599.339852626923, 18599.339852626923, 18599.339852626923, 18599.339852626923, 18599.339852626923, 18599.339852626923, 18599.339852626923, 18599.339852626923, 18599.339852626923, 18599.339852626923, 18599.339852626923, 18599.339852626923, 18599.339852626923, 18599.339852626923, 18599.339852626923, 18599.339852626923, 18599.339852626923, 18599.339852626923, 18599.339852626923, 18599.339852626923, 18599.339852626923, 18599.339852626923, 18599.339852626923, 18599.339852626923, 18599.339852626923, 18599.339852626923, 18599.339852626923, 18599.339852626923, 18599.339852626923, 18599.339852626923, 18599.339852626923, 18599.339852626923, 18599.339852626923, 18599.339852626923, 18599.339852626923, 18599.339852626923, 18599.339852626923, 18599.339852626923, 18599.339852626923, 18599.339852626923, 18599.339852626923, 18599.339852626923, 18599.339852626923, 18599.339852626923, 18599.339852626923, 18599.339852626923, 18599.339852626923, 18599.339852626923, 18599.339852626923, 18599.339852626923, 18599.339852626923, 18599.339852626923, 18599.339852626923, 18599.339852626923, 18599.339852626923, 18599.339852626923, 18599.339852626923, 18599.339852626923, 18599.339852626923, 18599.339852626923, 18599.339852626923, 18599.339852626923, 18599.339852626923, 18599.339852626923, 18599.339852626923, 18599.339852626923, 18599.339852626923, 18599.339852626923, 18599.339852626923, 18599.339852626923, 18599.339852626923, 18599.339852626923, 18599.339852626923, 18599.339852626923, 18599.339852626923, 18599.339852626923, 18599.339852626923, 18599.339852626923, 18599.339852626923, 18599.339852626923, 18599.339852626923, 18599.339852626923, 18599.339852626923, 18599.339852626923, 18599.339852626923, 18599.339852626923, 18599.339852626923, 18599.339852626923, 18599.339852626923, 18599.339852626923, 18599.339852626923, 18599.339852626923, 18599.339852626923, 18599.339852626923, 18599.339852626923, 18599.339852626923, 18599.339852626923, 18599.339852626923, 18597.411056375026, 18597.411056375026, 18597.411056375026, 18597.411056375026, 18597.411056375026, 18597.411056375026, 18597.411056375026, 18597.411056375026, 18597.411056375026, 18597.411056375026, 18597.411056375026, 18597.411056375026, 18597.411056375026, 18597.411056375026, 18597.411056375026, 18597.411056375026, 18597.411056375026, 18597.411056375026, 18597.411056375026, 18597.411056375026, 18597.411056375026, 18597.411056375026, 18597.411056375026, 18597.411056375026, 18597.411056375026, 18597.411056375026, 18597.411056375026, 18597.411056375026, 18597.411056375026, 18597.411056375026, 18597.411056375026, 18597.411056375026, 18597.411056375026, 18597.411056375026, 18597.411056375026, 18597.411056375026, 18597.411056375026, 18597.411056375026, 18597.411056375026, 18597.411056375026, 18597.411056375026, 18597.411056375026, 18597.411056375026, 18597.411056375026, 18597.411056375026, 18597.411056375026, 18597.411056375026, 18597.411056375026, 18597.411056375026, 18597.411056375026, 18597.411056375026, 18597.411056375026, 18597.411056375026, 18597.411056375026, 18597.411056375026, 18597.411056375026, 18597.411056375026, 18597.411056375026, 18597.411056375026, 18597.411056375026, 18597.411056375026, 18597.411056375026, 18597.411056375026, 18597.411056375026, 18597.411056375026, 18597.411056375026, 18597.411056375026, 18597.411056375026, 18597.411056375026, 18597.411056375026, 18597.411056375026, 18597.411056375026, 18597.411056375026, 18597.411056375026, 18597.411056375026, 18597.411056375026, 18597.411056375026, 18597.411056375026, 18597.411056375026, 18597.411056375026, 18597.411056375026, 18597.411056375026, 18597.411056375026, 18597.411056375026, 18597.411056375026, 18597.411056375026, 18597.411056375026, 18597.411056375026, 18597.411056375026, 18597.411056375026, 18597.411056375026, 18597.411056375026, 18597.411056375026, 18597.411056375026, 18597.411056375026, 18597.411056375026, 18597.411056375026, 18597.411056375026, 18597.411056375026, 18597.411056375026, 18597.411056375026, 18597.411056375026, 18597.411056375026, 18597.411056375026, 18597.411056375026, 18597.411056375026, 18597.411056375026, 18597.411056375026, 18597.411056375026, 18597.411056375026, 18597.411056375026, 18597.411056375026, 18597.411056375026, 18597.411056375026, 18597.411056375026, 18597.411056375026, 18597.411056375022, 18597.411056375022, 18597.411056375022, 18597.411056375022, 18597.411056375022, 18597.411056375022, 18597.411056375022, 18597.411056375022, 18597.411056375022, 18597.411056375022, 18597.411056375022, 18597.411056375022, 18597.411056375022, 18597.411056375022, 18597.411056375022, 18597.411056375022, 18597.411056375022, 18597.411056375022, 18597.411056375022, 18597.411056375022, 18597.411056375022, 18597.411056375022, 18597.411056375022, 18597.411056375022, 18597.411056375022, 18597.411056375022, 18597.411056375022, 18597.411056375022, 18597.411056375022, 18597.411056375022, 18597.411056375022, 18597.411056375022, 18597.411056375022, 18597.411056375022, 18597.411056375022, 18597.411056375022, 18597.411056375022, 18597.411056375022, 18597.411056375022, 18597.411056375022, 18597.411056375022, 18597.411056375022, 18597.411056375022, 18597.411056375022, 18597.411056375022, 18597.411056375022, 18597.411056375022, 18597.411056375022, 18597.411056375022, 18597.411056375022, 18597.411056375022, 18597.411056375022, 18597.411056375022, 18597.411056375022, 18597.411056375022, 18597.411056375022, 18597.411056375022, 18597.411056375022, 18597.411056375022, 18597.411056375022, 18597.411056375022, 18597.411056375022, 18597.411056375022, 18597.411056375022, 18597.411056375022, 18597.411056375022, 18597.411056375022, 18597.411056375022, 18597.411056375022, 18597.411056375022, 18597.411056375022, 18597.411056375022, 18597.411056375022, 18597.411056375022, 18597.411056375022, 18597.411056375022, 18597.411056375022, 18597.411056375022, 18597.411056375022, 18597.411056375022, 18597.411056375022, 18597.411056375022, 18597.411056375022, 18597.411056375022, 18597.411056375022, 18597.411056375022, 18597.411056375022, 18597.411056375022, 18597.411056375022, 18597.411056375022, 18597.411056375022, 18597.411056375022, 18597.411056375022, 18597.411056375022, 18597.411056375022, 18597.411056375022, 18597.411056375022, 18597.411056375022, 18597.411056375022, 18597.411056375022, 18597.411056375022, 18597.411056375022, 18597.411056375022, 18597.411056375022, 18597.411056375022, 18597.411056375022, 18597.411056375022, 18597.411056375022, 18597.411056375022, 18597.411056375022, 18597.411056375022, 18597.411056375022, 18597.411056375022, 18597.411056375022, 18597.411056375022, 18597.411056375022, 18597.411056375022, 18597.411056375022, 18597.411056375022, 18597.411056375022, 18597.411056375022, 18597.411056375022, 18597.411056375022, 18597.411056375022, 18597.411056375022, 18597.411056375022, 18597.411056375022, 18597.411056375022, 18597.411056375022, 18597.411056375022, 18597.411056375022, 18597.411056375022, 18597.411056375022, 18597.411056375022, 18597.411056375022, 18597.411056375022, 18597.411056375022, 18597.411056375022, 18597.411056375022, 18597.411056375022, 18597.411056375022, 18597.411056375022, 18597.411056375022, 18597.411056375022, 18597.411056375022, 18597.411056375022, 18597.411056375022, 18597.411056375022, 18597.411056375022, 18597.411056375022, 18597.411056375022, 18597.411056375022, 18597.411056375022, 18597.411056375022, 18597.411056375022, 18597.411056375022, 18597.411056375022, 18597.411056375022, 18597.411056375022, 18597.411056375022, 18597.411056375022, 18597.411056375022, 18597.411056375022, 18597.411056375022, 18597.411056375022, 18597.411056375022, 18597.411056375022, 18597.411056375022, 18597.411056375022, 18597.411056375022, 18597.411056375022, 18597.411056375022, 18597.411056375022, 18597.411056375022, 18597.411056375022, 18597.411056375022, 18597.411056375022, 18597.411056375022, 18597.411056375022, 18597.411056375022, 18597.411056375022, 18597.411056375022, 18597.411056375022, 18597.411056375022, 18597.411056375022, 18597.411056375022, 18597.411056375022, 18597.411056375022, 18597.411056375022, 18597.411056375022, 18597.411056375022, 18597.411056375022, 18597.411056375022, 18597.411056375022, 18597.411056375022, 18597.411056375022, 18597.411056375022, 18597.411056375022, 18597.411056375022, 18597.411056375022, 18597.411056375022, 18597.411056375022, 18597.411056375022, 18597.411056375022, 18597.411056375022, 18597.411056375022, 18597.411056375022, 18597.411056375022, 18597.411056375022, 18597.411056375022, 18597.411056375022, 18597.411056375022, 18597.411056375022, 18597.411056375022, 18597.411056375022, 18597.411056375022, 18597.411056375022, 18597.411056375022, 18597.411056375022, 18597.411056375022, 18597.411056375022, 18597.411056375022, 18597.411056375022, 18597.411056375022, 18597.411056375022, 18597.411056375022, 18597.411056375022, 18597.411056375022, 18597.411056375022, 18597.411056375022, 18597.411056375022, 18597.411056375022, 18597.411056375022, 18597.411056375022, 18597.411056375022, 18597.411056375022, 18597.411056375022, 18597.411056375022, 18597.411056375022, 18597.411056375022, 18597.411056375022, 18597.411056375022, 18597.411056375022, 18597.411056375022, 18597.411056375022, 18597.411056375022, 18597.411056375022, 18597.411056375022, 18597.411056375022, 18597.411056375022, 18597.411056375022, 18597.411056375022, 18597.411056375022, 18597.411056375022, 18597.411056375022, 18597.411056375022, 18597.411056375022, 18597.411056375022, 18597.411056375022, 18597.411056375022, 18597.411056375022, 18597.411056375022, 18597.411056375022, 18597.411056375022, 18597.411056375022, 18597.411056375022, 18597.411056375022, 18597.411056375022, 18597.411056375022, 18597.411056375022, 18597.411056375022, 18597.411056375022, 18597.411056375022, 18597.411056375022, 18597.411056375022, 18597.411056375022, 18597.411056375022, 18597.411056375022, 18597.411056375022, 18597.411056375022, 18597.411056375022, 18597.411056375022, 18597.411056375022, 18597.411056375022, 18597.411056375022, 18597.411056375022, 18597.411056375022, 18597.411056375022, 18597.411056375022, 18597.411056375022, 18597.411056375022, 18597.411056375022, 18597.411056375022, 18597.411056375022, 18597.411056375022, 18597.411056375022, 18597.411056375022, 18597.411056375022, 18597.411056375022, 18597.411056375022, 18597.411056375022, 18597.411056375022, 18597.411056375022, 18597.411056375022, 18597.411056375022, 18597.411056375022, 18597.411056375022, 18597.411056375022, 18597.411056375022, 18597.411056375022, 18597.411056375022, 18597.411056375022, 18597.411056375022, 18597.411056375022, 18597.411056375022, 18597.411056375022, 18597.411056375022, 18597.411056375022, 18597.411056375022, 18597.411056375022, 18597.411056375022, 18597.411056375022, 18597.411056375022, 18597.411056375022, 18597.411056375022, 18597.411056375022, 18597.411056375022, 18597.411056375022, 18597.411056375022, 18597.411056375022, 18597.411056375022, 18597.411056375022, 18597.411056375022, 18597.411056375022, 18597.411056375022, 18597.411056375022, 18597.411056375022, 18597.411056375022, 18597.411056375022, 18597.411056375022, 18597.411056375022, 18597.411056375022, 18597.411056375022, 18597.411056375022, 18597.411056375022, 18597.411056375022, 18597.411056375022, 18597.411056375022, 18597.411056375022, 18597.411056375022, 18597.411056375022, 18597.411056375022, 18597.411056375022, 18597.411056375022, 18597.411056375022, 18597.411056375022, 18597.411056375022, 18597.411056375022, 18597.411056375022, 18597.411056375022, 18597.411056375022, 18597.411056375022, 18597.411056375022, 18597.411056375022, 18597.411056375022, 18597.411056375022, 18597.411056375022, 18597.411056375022, 18597.411056375022, 18597.411056375022, 18597.411056375022, 18597.411056375022, 18597.411056375022, 18597.411056375022, 18597.411056375022, 18597.411056375022, 18597.411056375022, 18597.411056375022, 18597.411056375022, 18597.411056375022, 18597.411056375022, 18597.411056375022, 18597.411056375022, 18597.411056375022, 18597.411056375022, 18597.411056375022, 18597.411056375022, 18597.411056375022, 18597.411056375022, 18597.411056375022, 18597.411056375022, 18597.411056375022, 18597.411056375022, 18597.411056375022, 18597.411056375022, 18597.411056375022, 18597.411056375022, 18597.411056375022, 18597.411056375022, 18597.411056375022, 18597.411056375022, 18597.411056375022, 18597.411056375022, 18597.411056375022, 18597.411056375022, 18597.411056375022, 18597.411056375022, 18597.411056375022, 18597.411056375022, 18597.411056375022, 18597.411056375022, 18597.411056375022, 18597.411056375022, 18597.411056375022, 18597.411056375022, 18597.411056375022, 18597.411056375022, 18597.411056375022, 18597.411056375022, 18597.411056375022, 18597.411056375022, 18597.411056375022, 18597.411056375022, 18597.411056375022, 18597.411056375022, 18597.411056375022, 18597.411056375022, 18597.411056375022, 18597.411056375022, 18597.411056375022, 18597.411056375022, 18597.411056375022, 18597.411056375022, 18597.411056375022, 18597.411056375022, 18597.411056375022, 18597.411056375022, 18597.411056375022, 18597.411056375022, 18597.411056375022, 18597.411056375022, 18597.411056375022, 18597.411056375022, 18597.411056375022, 18597.411056375022, 18597.411056375022, 18597.411056375022, 18597.411056375022, 18597.411056375022, 18597.411056375022, 18597.411056375022, 18597.411056375022, 18597.411056375022, 18597.411056375022, 18597.411056375022, 18597.411056375022, 18597.411056375022, 18597.411056375022, 18597.411056375022, 18597.411056375022, 18597.411056375022, 18597.411056375022, 18597.411056375022, 18597.411056375022, 18597.411056375022, 18597.411056375022, 18597.411056375022, 18597.411056375022, 18597.411056375022, 18597.411056375022, 18597.411056375022, 18597.411056375022, 18597.411056375022, 18597.411056375022, 18597.411056375022, 18597.411056375022, 18597.411056375022, 18597.411056375022, 18597.411056375022, 18597.411056375022, 18597.411056375022, 18597.411056375022, 18597.411056375022, 18597.411056375022, 18597.411056375022, 18597.411056375022, 18597.411056375022, 18597.411056375022, 18597.411056375022, 18597.411056375022, 18597.411056375022, 18597.411056375022, 18597.411056375022, 18597.411056375022, 18597.411056375022, 18597.411056375022, 18597.411056375022, 18597.411056375022, 18597.411056375022, 18597.411056375022, 18597.411056375022, 18597.411056375022, 18597.411056375022, 18597.411056375022, 18597.411056375022, 18597.411056375022, 18597.411056375022, 18597.411056375022, 18597.411056375022, 18597.411056375022, 18597.411056375022, 18597.411056375022, 18597.411056375022, 18597.411056375022, 18597.411056375022, 18597.411056375022, 18597.411056375022, 18597.411056375022, 18597.411056375022, 18597.411056375022, 18597.411056375022, 18597.411056375022, 18597.411056375022, 18597.411056375022, 18597.411056375022, 18597.411056375022, 18597.411056375022, 18597.411056375022, 18597.411056375022, 18597.411056375022, 18597.411056375022, 18597.411056375022, 18597.411056375022, 18597.411056375022, 18597.411056375022, 18597.411056375022, 18597.411056375022, 18597.411056375022, 18597.411056375022, 18597.411056375022, 18597.411056375022, 18597.411056375022, 18597.411056375022, 18597.411056375022, 18597.411056375022, 18597.411056375022, 18597.411056375022, 18597.411056375022, 18597.411056375022, 18597.411056375022, 18597.411056375022, 18597.411056375022, 18597.411056375022, 18597.411056375022, 18597.411056375022, 18597.411056375022, 18597.411056375022, 18597.411056375022, 18597.411056375022, 18597.411056375022, 18597.411056375022, 18597.411056375022, 18597.411056375022, 18597.411056375022, 18597.411056375022, 18597.411056375022, 18597.411056375022, 18597.411056375022, 18597.411056375022, 18597.411056375022, 18597.411056375022, 18597.411056375022, 18597.411056375022, 18597.411056375022, 18597.411056375022, 18597.411056375022, 18597.411056375022, 18597.411056375022, 18597.411056375022, 18597.411056375022, 18597.411056375022, 18597.411056375022, 18597.411056375022, 18597.411056375022, 18597.411056375022, 18597.411056375022, 18597.411056375022, 18518.834310719776, 18518.834310719776, 18518.834310719776, 18518.834310719776, 18518.834310719776, 18518.834310719776, 18518.834310719776, 18518.834310719776, 18518.834310719776, 18518.834310719776, 18504.037129489785, 18504.037129489785, 18504.037129489785, 18504.037129489785, 18504.037129489785, 18504.037129489785, 18504.037129489785, 18504.037129489785, 18504.037129489785, 18504.037129489785, 18504.037129489785, 18504.037129489785, 18504.037129489785, 18504.037129489785, 18504.037129489785, 18504.037129489785, 18504.037129489785, 18504.037129489785, 18504.037129489785, 18504.037129489785, 18504.037129489785, 18504.037129489785, 18504.037129489785, 18504.037129489785, 18504.037129489785, 18504.037129489785, 18504.037129489785, 18504.037129489785, 18504.037129489785, 18504.037129489785, 18504.037129489785, 18504.037129489785, 18504.037129489785, 18504.037129489785, 18504.037129489785, 18504.037129489785, 18504.037129489785, 18504.037129489785, 18504.037129489785, 18504.037129489785, 18504.037129489785, 18504.037129489785, 18504.037129489785, 18504.037129489785, 18504.037129489785, 18504.037129489785, 18504.037129489785, 18504.037129489785, 18504.037129489785, 18504.037129489785, 18504.037129489785, 18504.037129489785, 18504.037129489785, 18504.037129489785, 18504.037129489785, 18504.037129489785, 18504.037129489785, 18504.037129489785, 18504.037129489785, 18504.037129489785, 18504.037129489785, 18504.037129489785, 18504.037129489785, 18504.037129489785, 18504.037129489785, 18504.037129489785, 18504.037129489785, 18504.037129489785, 18504.037129489785, 18504.037129489785, 18504.037129489785, 18504.037129489785, 18504.037129489785, 18504.037129489785, 18504.037129489785, 18504.037129489785, 18504.037129489785, 18504.037129489785, 18504.037129489785, 18504.037129489785, 18504.037129489785, 18504.037129489785, 18504.037129489785, 18469.28130003887, 18469.28130003887, 18469.28130003887, 18469.28130003887, 18469.28130003887, 18469.28130003887, 18469.28130003887, 18469.281300038867, 18469.281300038867, 18469.281300038867, 18469.281300038867, 18469.281300038867, 18469.281300038867, 18469.281300038867, 18469.281300038867, 18469.281300038867, 18469.281300038867, 18469.281300038867, 18469.281300038867, 18469.281300038867, 18469.281300038867, 18469.281300038867, 18469.281300038867, 18469.281300038867, 18469.281300038867, 18469.281300038867, 18469.281300038867, 18469.281300038867, 18469.281300038867, 18469.281300038867, 18469.281300038867, 18469.281300038867, 18469.281300038867, 18469.281300038867, 18469.281300038867, 18469.281300038867, 18469.281300038867, 18469.281300038867, 18469.281300038867, 18469.281300038867, 18469.281300038867, 18469.281300038867, 18469.281300038867, 18466.124060125043, 18466.124060125043, 18466.124060125043, 18466.124060125043, 18466.124060125043, 18466.124060125043, 18466.124060125043, 18466.124060125043, 18466.124060125043, 18466.124060125043, 18466.124060125043, 18466.124060125043, 18466.124060125043, 18466.124060125043, 18466.124060125043, 18466.124060125043, 18466.124060125043, 18466.124060125043, 18466.124060125043, 18466.124060125043, 18466.124060125043, 18466.124060125043, 18466.124060125043, 18466.124060125043, 18466.124060125043, 18466.124060125043, 18466.124060125043, 18466.124060125043, 18466.124060125043, 18466.124060125043, 18466.124060125043, 18466.124060125043, 18466.124060125043, 18466.124060125043, 18466.124060125043, 18466.124060125043, 18466.124060125043, 18466.124060125043, 18466.124060125043, 18466.124060125043, 18466.124060125043, 18466.124060125043, 18466.124060125043, 18466.124060125043, 18466.124060125043, 18466.124060125043, 18466.124060125043, 18466.124060125043, 18466.124060125043, 18466.124060125043, 18466.124060125043, 18466.124060125043, 18466.124060125043, 18466.124060125043, 18466.124060125043, 18466.124060125043, 18466.124060125043, 18466.124060125043, 18466.124060125043, 18466.124060125043, 18466.124060125043, 18466.124060125043, 18466.124060125043, 18466.124060125043, 18466.124060125043, 18466.124060125043, 18466.124060125043, 18466.124060125043, 18466.124060125043, 18466.124060125043, 18466.124060125043, 18466.124060125043, 18466.124060125043, 18466.124060125043, 18466.124060125043, 18466.124060125043, 18466.124060125043, 18466.124060125043, 18466.124060125043, 18466.124060125043, 18466.124060125043, 18466.124060125043, 18466.124060125043, 18466.124060125043, 18466.124060125043, 18466.124060125043, 18466.124060125043, 18466.124060125043, 18466.124060125043, 18466.124060125043, 18466.124060125043, 18466.124060125043, 18466.124060125043, 18466.124060125043, 18466.124060125043, 18466.124060125043, 18466.124060125043, 18466.124060125043, 18466.124060125043, 18466.124060125043, 18466.124060125043, 18466.124060125043, 18466.124060125043, 18465.98375787991, 18465.98375787991, 18465.98375787991, 18465.98375787991, 18465.98375787991, 18465.98375787991, 18465.98375787991, 18465.98375787991, 18465.98375787991, 18465.98375787991, 18465.98375787991, 18465.98375787991, 18465.98375787991, 18465.98375787991, 18465.98375787991, 18465.98375787991, 18465.98375787991, 18465.98375787991, 18465.98375787991, 18465.98375787991, 18465.98375787991, 18465.98375787991, 18465.98375787991, 18465.98375787991, 18465.98375787991, 18465.98375787991, 18465.98375787991, 18465.98375787991, 18465.98375787991, 18465.98375787991, 18465.98375787991, 18465.98375787991, 18465.98375787991, 18465.98375787991, 18465.98375787991, 18465.98375787991, 18465.98375787991, 18465.98375787991, 18465.98375787991, 18465.98375787991, 18465.98375787991, 18465.98375787991, 18465.98375787991, 18465.98375787991, 18465.98375787991, 18465.98375787991, 18465.98375787991, 18465.98375787991, 18465.98375787991, 18465.98375787991, 18465.98375787991, 18465.98375787991, 18465.98375787991, 18465.98375787991, 18465.98375787991, 18465.98375787991, 18465.98375787991, 18465.98375787991, 18465.98375787991, 18465.98375787991, 18465.98375787991, 18465.98375787991, 18465.98375787991, 18465.98375787991, 18465.98375787991, 18465.98375787991, 18465.98375787991, 18465.98375787991, 18465.98375787991, 18465.98375787991, 18465.98375787991, 18465.98375787991, 18465.98375787991, 18465.98375787991, 18465.98375787991, 18465.98375787991, 18465.98375787991, 18465.98375787991, 18465.98375787991, 18465.98375787991, 18465.98375787991, 18465.98375787991, 18465.98375787991, 18465.98375787991, 18465.98375787991, 18465.98375787991, 18465.98375787991, 18465.98375787991, 18465.98375787991, 18465.98375787991, 18465.98375787991, 18465.98375787991, 18465.98375787991, 18465.98375787991, 18465.98375787991, 18465.98375787991, 18465.98375787991, 18465.98375787991, 18465.98375787991, 18465.98375787991, 18465.98375787991, 18465.98375787991, 18465.98375787991, 18465.98375787991, 18465.98375787991, 18465.98375787991, 18465.98375787991]
Computational time : 1697.60099983