Name : Ahmed ElMousel
Problem : X-n190-k8 
Whale Algorithm 
cost : 1145.79214013
Routes : 
1->9->33->11->13->22->1
1->26->42->51->49->19->30->1
1->5->8->43->32->27->47->15->1
1->38->4->34->35->18->21->1
1->29->55->14->28->20->23->31->1
1->6->41->17->39->48->10->36->44->1
1->37->3->52->12->16->54->1
1->2->46->7->1
1->40->50->45->25->53->24->1
best solutions : 
[1170.7630004155774, 1170.7630004155774, 1170.7630004155774, 1167.7942186929583, 1167.7942186929583, 1165.9289302214945, 1161.3855084494721, 1161.3855084494721, 1161.3855084494721, 1158.2697075047963, 1158.2697075047963, 1158.2697075047963, 1158.2697075047963, 1158.2697075047963, 1158.2697075047963, 1158.2697075047963, 1158.2697075047963, 1158.2697075047963, 1150.9235153013321, 1150.9235153013321, 1150.9235153013321, 1150.9235153013321, 1150.9235153013321, 1149.6780052324261, 1149.6780052324261, 1149.6780052324261, 1149.6780052324261, 1149.6780052324261, 1149.6780052324261, 1149.6780052324261, 1149.6780052324261, 1149.6780052324261, 1149.6780052324261, 1149.6780052324261, 1149.6780052324261, 1149.6780052324261, 1149.6780052324261, 1148.6358870284198, 1148.6358870284198, 1148.6358870284198, 1148.6358870284198, 1148.6358870284198, 1148.6358870284198, 1148.6358870284198, 1148.6358870284198, 1148.6358870284198, 1148.6358870284198, 1148.6358870284198, 1148.6358870284198, 1148.6358870284198, 1148.6358870284198, 1145.7921401307628, 1145.7921401307628, 1145.7921401307628, 1145.7921401307628, 1145.7921401307628, 1145.7921401307628, 1145.7921401307628, 1145.7921401307628, 1145.7921401307628, 1145.7921401307628, 1145.7921401307628, 1145.7921401307628, 1145.7921401307628, 1145.7921401307628, 1145.7921401307628, 1145.7921401307628, 1145.7921401307628, 1145.7921401307628, 1145.7921401307628, 1145.7921401307628, 1145.7921401307628, 1145.7921401307628, 1145.7921401307628, 1145.7921401307628, 1145.7921401307628, 1145.7921401307628, 1145.7921401307628, 1145.7921401307628, 1145.7921401307628, 1145.7921401307628, 1145.7921401307628, 1145.7921401307628, 1145.7921401307628, 1145.7921401307628, 1145.7921401307628, 1145.7921401307628, 1145.7921401307628, 1145.7921401307628, 1145.7921401307628, 1145.7921401307628, 1145.7921401307628, 1145.7921401307628, 1145.7921401307628, 1145.7921401307628, 1145.7921401307628, 1145.7921401307628, 1145.7921401307628, 1145.7921401307628, 1145.7921401307628, 1145.7921401307628, 1145.7921401307628, 1145.7921401307628, 1145.7921401307628, 1145.7921401307628, 1145.7921401307628, 1145.7921401307628, 1145.7921401307628, 1145.7921401307628, 1145.7921401307628, 1145.7921401307628, 1145.7921401307628, 1145.7921401307628, 1145.7921401307628, 1145.7921401307628, 1145.7921401307628, 1145.7921401307628, 1145.7921401307628, 1145.7921401307628, 1145.7921401307628, 1145.7921401307628, 1145.7921401307628, 1145.7921401307628, 1145.7921401307628, 1145.7921401307628, 1145.7921401307628, 1145.7921401307628, 1145.7921401307628, 1145.7921401307628, 1145.7921401307628, 1145.7921401307628, 1145.7921401307628, 1145.7921401307628, 1145.7921401307628, 1145.7921401307628, 1145.7921401307628, 1145.7921401307628, 1145.7921401307628, 1145.7921401307628, 1145.7921401307628, 1145.7921401307628, 1145.7921401307628, 1145.7921401307628, 1145.7921401307628, 1145.7921401307628, 1145.7921401307628, 1145.7921401307628, 1145.7921401307628, 1145.7921401307628, 1145.7921401307628, 1145.7921401307628, 1145.7921401307628, 1145.7921401307628, 1145.7921401307628, 1145.7921401307628, 1145.7921401307628, 1145.7921401307628, 1145.7921401307628, 1145.7921401307628, 1145.7921401307628, 1145.7921401307628, 1145.7921401307628, 1145.7921401307628, 1145.7921401307628, 1145.7921401307628, 1145.7921401307628, 1145.7921401307628, 1145.7921401307628, 1145.7921401307628, 1145.7921401307628, 1145.7921401307628, 1145.7921401307628, 1145.7921401307628, 1145.7921401307628, 1145.7921401307628, 1145.7921401307628, 1145.7921401307628, 1145.7921401307628, 1145.7921401307628, 1145.7921401307628, 1145.7921401307628, 1145.7921401307628, 1145.7921401307628, 1145.7921401307628, 1145.7921401307628, 1145.7921401307628, 1145.7921401307628, 1145.7921401307628, 1145.7921401307628, 1145.7921401307628, 1145.7921401307628, 1145.7921401307628, 1145.7921401307628, 1145.7921401307628, 1145.7921401307628, 1145.7921401307628, 1145.7921401307628, 1145.7921401307628, 1145.7921401307628, 1145.7921401307628, 1145.7921401307628, 1145.7921401307628, 1145.7921401307628, 1145.7921401307628, 1145.7921401307628, 1145.7921401307628, 1145.7921401307628, 1145.7921401307628, 1145.7921401307628, 1145.7921401307628, 1145.7921401307628, 1145.7921401307628, 1145.7921401307628, 1145.7921401307628, 1145.7921401307628, 1145.7921401307628, 1145.7921401307628, 1145.7921401307628, 1145.7921401307628, 1145.7921401307628, 1145.7921401307628, 1145.7921401307628, 1145.7921401307628, 1145.7921401307628, 1145.7921401307628, 1145.7921401307628, 1145.7921401307628, 1145.7921401307628, 1145.7921401307628, 1145.7921401307628, 1145.7921401307628, 1145.7921401307628, 1145.7921401307628, 1145.7921401307628, 1145.7921401307628, 1145.7921401307628, 1145.7921401307628, 1145.7921401307628, 1145.7921401307628, 1145.7921401307628, 1145.7921401307628, 1145.7921401307628, 1145.7921401307628, 1145.7921401307628, 1145.7921401307628, 1145.7921401307628, 1145.7921401307628, 1145.7921401307628, 1145.7921401307628, 1145.7921401307628, 1145.7921401307628, 1145.7921401307628, 1145.7921401307628, 1145.7921401307628, 1145.7921401307628, 1145.7921401307628, 1145.7921401307628, 1145.7921401307628, 1145.7921401307628, 1145.7921401307628, 1145.7921401307628, 1145.7921401307628, 1145.7921401307628, 1145.7921401307628, 1145.7921401307628, 1145.7921401307628, 1145.7921401307628, 1145.7921401307628, 1145.7921401307628, 1145.7921401307628, 1145.7921401307628, 1145.7921401307628, 1145.7921401307628, 1145.7921401307628, 1145.7921401307628, 1145.7921401307628, 1145.7921401307628, 1145.7921401307628, 1145.7921401307628, 1145.7921401307628, 1145.7921401307628, 1145.7921401307628, 1145.7921401307628, 1145.7921401307628, 1145.7921401307628, 1145.7921401307628, 1145.7921401307628, 1145.7921401307628, 1145.7921401307628, 1145.7921401307628, 1145.7921401307628, 1145.7921401307628, 1145.7921401307628, 1145.7921401307628, 1145.7921401307628, 1145.7921401307628, 1145.7921401307628, 1145.7921401307628, 1145.7921401307628, 1145.7921401307628, 1145.7921401307628, 1145.7921401307628, 1145.7921401307628, 1145.7921401307628, 1145.7921401307628, 1145.7921401307628, 1145.7921401307628, 1145.7921401307628, 1145.7921401307628, 1145.7921401307628, 1145.7921401307628, 1145.7921401307628, 1145.7921401307628, 1145.7921401307628, 1145.7921401307628, 1145.7921401307628, 1145.7921401307628, 1145.7921401307628, 1145.7921401307628, 1145.7921401307628, 1145.7921401307628, 1145.7921401307628, 1145.7921401307628, 1145.7921401307628, 1145.7921401307628, 1145.7921401307628, 1145.7921401307628, 1145.7921401307628, 1145.7921401307628, 1145.7921401307628, 1145.7921401307628, 1145.7921401307628, 1145.7921401307628, 1145.7921401307628, 1145.7921401307628, 1145.7921401307628, 1145.7921401307628, 1145.7921401307628, 1145.7921401307628, 1145.7921401307628, 1145.7921401307628, 1145.7921401307628, 1145.7921401307628, 1145.7921401307628, 1145.7921401307628, 1145.7921401307628, 1145.7921401307628, 1145.7921401307628, 1145.7921401307628, 1145.7921401307628, 1145.7921401307628, 1145.7921401307628, 1145.7921401307628, 1145.7921401307628, 1145.7921401307628, 1145.7921401307628, 1145.7921401307628, 1145.7921401307628, 1145.7921401307628, 1145.7921401307628, 1145.7921401307628, 1145.7921401307628, 1145.7921401307628, 1145.7921401307628, 1145.7921401307628, 1145.7921401307628, 1145.7921401307628, 1145.7921401307628, 1145.7921401307628, 1145.7921401307628, 1145.7921401307628, 1145.7921401307628, 1145.7921401307628, 1145.7921401307628, 1145.7921401307628, 1145.7921401307628, 1145.7921401307628, 1145.7921401307628, 1145.7921401307628, 1145.7921401307628, 1145.7921401307628, 1145.7921401307628, 1145.7921401307628, 1145.7921401307628, 1145.7921401307628, 1145.7921401307628, 1145.7921401307628, 1145.7921401307628, 1145.7921401307628, 1145.7921401307628, 1145.7921401307628, 1145.7921401307628, 1145.7921401307628, 1145.7921401307628, 1145.7921401307628, 1145.7921401307628, 1145.7921401307628, 1145.7921401307628, 1145.7921401307628, 1145.7921401307628, 1145.7921401307628, 1145.7921401307628, 1145.7921401307628, 1145.7921401307628, 1145.7921401307628, 1145.7921401307628, 1145.7921401307628, 1145.7921401307628, 1145.7921401307628, 1145.7921401307628, 1145.7921401307628, 1145.7921401307628, 1145.7921401307628, 1145.7921401307628, 1145.7921401307628, 1145.7921401307628, 1145.7921401307628, 1145.7921401307628, 1145.7921401307628, 1145.7921401307628, 1145.7921401307628, 1145.7921401307628, 1145.7921401307628, 1145.7921401307628, 1145.7921401307628, 1145.7921401307628, 1145.7921401307628, 1145.7921401307628, 1145.7921401307628, 1145.7921401307628, 1145.7921401307628, 1145.7921401307628, 1145.7921401307628, 1145.7921401307628, 1145.7921401307628, 1145.7921401307628, 1145.7921401307628, 1145.7921401307628, 1145.7921401307628, 1145.7921401307628, 1145.7921401307628, 1145.7921401307628, 1145.7921401307628, 1145.7921401307628, 1145.7921401307628, 1145.7921401307628, 1145.7921401307628, 1145.7921401307628, 1145.7921401307628, 1145.7921401307628, 1145.7921401307628, 1145.7921401307628, 1145.7921401307628, 1145.7921401307628, 1145.7921401307628, 1145.7921401307628, 1145.7921401307628, 1145.7921401307628, 1145.7921401307628, 1145.7921401307628, 1145.7921401307628, 1145.7921401307628, 1145.7921401307628, 1145.7921401307628, 1145.7921401307628, 1145.7921401307628, 1145.7921401307628, 1145.7921401307628, 1145.7921401307628, 1145.7921401307628, 1145.7921401307628, 1145.7921401307628, 1145.7921401307628, 1145.7921401307628, 1145.7921401307628, 1145.7921401307628, 1145.7921401307628, 1145.7921401307628, 1145.7921401307628, 1145.7921401307628, 1145.7921401307628, 1145.7921401307628, 1145.7921401307628, 1145.7921401307628, 1145.7921401307628, 1145.7921401307628, 1145.7921401307628, 1145.7921401307628, 1145.7921401307628, 1145.7921401307628, 1145.7921401307628, 1145.7921401307628, 1145.7921401307628, 1145.7921401307628, 1145.7921401307628, 1145.7921401307628, 1145.7921401307628, 1145.7921401307628, 1145.7921401307628, 1145.7921401307628, 1145.7921401307628, 1145.7921401307628, 1145.7921401307628, 1145.7921401307628, 1145.7921401307628, 1145.7921401307628, 1145.7921401307628, 1145.7921401307628, 1145.7921401307628, 1145.7921401307628, 1145.7921401307628, 1145.7921401307628, 1145.7921401307628, 1145.7921401307628, 1145.7921401307628, 1145.7921401307628, 1145.7921401307628, 1145.7921401307628, 1145.7921401307628, 1145.7921401307628, 1145.7921401307628, 1145.7921401307628, 1145.7921401307628, 1145.7921401307628, 1145.7921401307628, 1145.7921401307628, 1145.7921401307628, 1145.7921401307628, 1145.7921401307628, 1145.7921401307628, 1145.7921401307628, 1145.7921401307628, 1145.7921401307628, 1145.7921401307628, 1145.7921401307628, 1145.7921401307628, 1145.7921401307628, 1145.7921401307628, 1145.7921401307628, 1145.7921401307628, 1145.7921401307628, 1145.7921401307628, 1145.7921401307628, 1145.7921401307628, 1145.7921401307628, 1145.7921401307628, 1145.7921401307628, 1145.7921401307628, 1145.7921401307628, 1145.7921401307628, 1145.7921401307628, 1145.7921401307628, 1145.7921401307628, 1145.7921401307628, 1145.7921401307628, 1145.7921401307628, 1145.7921401307628, 1145.7921401307628, 1145.7921401307628, 1145.7921401307628, 1145.7921401307628, 1145.7921401307628, 1145.7921401307628, 1145.7921401307628, 1145.7921401307628, 1145.7921401307628, 1145.7921401307628, 1145.7921401307628, 1145.7921401307628, 1145.7921401307628, 1145.7921401307628, 1145.7921401307628, 1145.7921401307628, 1145.7921401307628, 1145.7921401307628, 1145.7921401307628, 1145.7921401307628, 1145.7921401307628, 1145.7921401307628, 1145.7921401307628, 1145.7921401307628, 1145.7921401307628, 1145.7921401307628, 1145.7921401307628, 1145.7921401307628, 1145.7921401307628, 1145.7921401307628, 1145.7921401307628]
Computational time : 20.1629998684