Name : Ahmed ElMousel
Problem : X-n190-k8 
Whale Algorithm 
cost : 779.906435822
Routes : 
1->68->35->47->53->28->5->1
1->46->30->6->38->21->71->61->72->37->48->49->1
1->31->75->29->63->74->34->64->17->52->7->1
1->18->45->4->50->25->19->51->33->41->1
1->76->69->22->70->16->58->14->55->20->9->8->27->1
1->3->62->23->65->43->42->57->24->44->2->1
1->59->39->11->32->56->26->10->40->73->13->1
1->54->12->66->67->60->15->36->1
best solutions : 
[825.7615652096621, 825.7615652096621, 825.7615652096621, 825.7615652096621, 825.7615652096621, 815.8379701325338, 815.8379701325338, 815.8379701325338, 815.8379701325338, 815.8379701325338, 814.2040311688068, 809.077673897623, 809.077673897623, 807.8333621977721, 807.8333621977721, 805.2855801336394, 805.2855801336394, 805.2855801336394, 805.2855801336394, 805.2855801336394, 805.2855801336394, 805.2855801336394, 805.2855801336394, 805.2855801336394, 805.2855801336394, 805.2855801336394, 805.2855801336394, 805.2855801336394, 805.2855801336394, 805.2855801336394, 805.2855801336394, 805.2855801336394, 805.0464775282373, 805.0464775282373, 805.0464775282373, 805.0464775282373, 805.0464775282373, 805.0464775282373, 805.0464775282373, 802.7131681156894, 802.7131681156894, 802.7131681156894, 799.9009777651398, 799.9009777651398, 799.9009777651398, 799.9009777651398, 799.9009777651398, 799.9009777651398, 799.9009777651398, 799.9009777651398, 799.9009777651398, 799.9009777651398, 796.5621165720471, 796.5621165720471, 796.5621165720471, 796.5621165720471, 795.9815950979977, 795.9815950979977, 795.9815950979977, 793.9724303711428, 793.9724303711428, 793.9724303711428, 793.9724303711428, 793.9724303711428, 793.9724303711428, 792.081446011448, 792.081446011448, 792.081446011448, 792.081446011448, 791.282052019936, 791.282052019936, 791.282052019936, 788.709640001986, 788.709640001986, 788.709640001986, 788.709640001986, 788.709640001986, 788.709640001986, 788.709640001986, 788.709640001986, 788.709640001986, 788.709640001986, 785.3854592943256, 785.3854592943256, 785.3854592943256, 785.3854592943256, 785.3854592943256, 785.3854592943256, 785.3854592943256, 785.3854592943256, 784.1849471001386, 784.1849471001386, 784.1849471001386, 784.1849471001386, 784.1849471001386, 784.1849471001386, 784.1849471001386, 784.1849471001386, 784.1849471001386, 784.1849471001386, 784.1849471001386, 784.1849471001386, 784.1849471001386, 784.1849471001386, 784.1849471001386, 784.1849471001386, 784.1849471001386, 784.1849471001386, 784.1849471001386, 783.6111506393291, 783.6111506393291, 783.6111506393291, 783.6111506393291, 783.6111506393291, 783.6111506393291, 783.6111506393291, 783.6111506393291, 783.6111506393291, 783.6111506393291, 783.6111506393291, 783.6111506393291, 783.0215655059625, 783.0215655059625, 783.0215655059625, 783.0215655059625, 783.0215655059625, 781.802241960709, 781.802241960709, 781.802241960709, 781.802241960709, 781.802241960709, 781.802241960709, 781.802241960709, 781.802241960709, 781.802241960709, 781.802241960709, 781.802241960709, 781.802241960709, 781.802241960709, 781.802241960709, 781.802241960709, 781.802241960709, 781.802241960709, 781.802241960709, 781.802241960709, 781.802241960709, 781.802241960709, 781.802241960709, 781.802241960709, 781.802241960709, 781.802241960709, 781.802241960709, 781.802241960709, 781.802241960709, 781.802241960709, 781.802241960709, 781.802241960709, 781.802241960709, 781.802241960709, 781.802241960709, 781.802241960709, 781.802241960709, 781.802241960709, 781.802241960709, 781.802241960709, 781.802241960709, 781.802241960709, 781.802241960709, 781.802241960709, 781.802241960709, 781.802241960709, 781.802241960709, 781.802241960709, 781.802241960709, 781.802241960709, 781.802241960709, 781.802241960709, 781.802241960709, 781.802241960709, 781.802241960709, 781.802241960709, 781.802241960709, 781.802241960709, 781.802241960709, 781.802241960709, 781.802241960709, 781.802241960709, 781.802241960709, 781.802241960709, 781.802241960709, 781.802241960709, 781.802241960709, 781.802241960709, 781.802241960709, 781.802241960709, 781.802241960709, 781.802241960709, 781.802241960709, 781.8022419607089, 781.8022419607089, 781.8022419607089, 781.8022419607089, 781.8022419607089, 781.8022419607089, 781.8022419607089, 781.8022419607089, 781.8022419607089, 781.8022419607089, 781.8022419607089, 781.8022419607089, 781.8022419607089, 781.8022419607089, 781.8022419607089, 781.8022419607089, 781.8022419607089, 781.8022419607089, 781.8022419607089, 781.8022419607089, 781.8022419607089, 781.8022419607089, 781.8022419607089, 781.8022419607089, 781.8022419607089, 781.8022419607089, 781.8022419607089, 781.8022419607089, 781.8022419607089, 781.8022419607089, 781.8022419607089, 781.8022419607089, 781.8022419607089, 781.8022419607089, 781.8022419607089, 781.8022419607089, 781.8022419607089, 781.8022419607089, 781.8022419607089, 781.8022419607089, 781.8022419607089, 781.8022419607089, 781.8022419607089, 781.8022419607089, 781.8022419607089, 781.8022419607089, 781.8022419607089, 781.8022419607089, 781.8022419607089, 781.8022419607089, 781.8022419607089, 781.8022419607089, 781.8022419607089, 781.8022419607089, 781.8022419607089, 781.8022419607089, 781.8022419607089, 781.8022419607089, 781.8022419607089, 781.8022419607089, 781.8022419607089, 781.8022419607089, 781.8022419607089, 781.8022419607089, 781.8022419607089, 781.8022419607089, 781.8022419607089, 781.8022419607089, 781.8022419607089, 781.8022419607089, 781.8022419607089, 781.8022419607089, 781.8022419607089, 781.8022419607089, 781.8022419607089, 781.8022419607089, 781.8022419607089, 781.8022419607089, 781.8022419607089, 781.8022419607089, 781.8022419607089, 781.8022419607089, 781.8022419607089, 779.9064358221593, 779.9064358221593, 779.9064358221593, 779.9064358221593, 779.9064358221593, 779.9064358221593, 779.9064358221593, 779.9064358221593, 779.9064358221593, 779.9064358221593, 779.9064358221593, 779.9064358221593, 779.9064358221593, 779.9064358221593, 779.9064358221593, 779.9064358221593, 779.9064358221593, 779.9064358221593, 779.9064358221593, 779.9064358221593, 779.9064358221593, 779.9064358221593, 779.9064358221593, 779.9064358221593, 779.9064358221593, 779.9064358221593, 779.9064358221593, 779.9064358221593, 779.9064358221593, 779.9064358221593, 779.9064358221593, 779.9064358221593, 779.9064358221593, 779.9064358221593, 779.9064358221593, 779.9064358221593, 779.9064358221593, 779.9064358221593, 779.9064358221593, 779.9064358221593, 779.9064358221593, 779.9064358221593, 779.9064358221593, 779.9064358221593, 779.9064358221593, 779.9064358221593, 779.9064358221593, 779.9064358221593, 779.9064358221593, 779.9064358221593, 779.9064358221593, 779.9064358221593, 779.9064358221593, 779.9064358221593, 779.9064358221593, 779.9064358221593, 779.9064358221593, 779.9064358221593, 779.9064358221593, 779.9064358221593, 779.9064358221593, 779.9064358221593, 779.9064358221593, 779.9064358221593, 779.9064358221593, 779.9064358221593, 779.9064358221593, 779.9064358221593, 779.9064358221593, 779.9064358221593, 779.9064358221593, 779.9064358221593, 779.9064358221593, 779.9064358221593, 779.9064358221593, 779.9064358221593, 779.9064358221593, 779.9064358221593, 779.9064358221593, 779.9064358221593, 779.9064358221593, 779.9064358221593, 779.9064358221593, 779.9064358221593, 779.9064358221593, 779.9064358221593, 779.9064358221593, 779.9064358221593, 779.9064358221593, 779.9064358221593, 779.9064358221593, 779.9064358221593, 779.9064358221593, 779.9064358221593, 779.9064358221593, 779.9064358221593, 779.9064358221593, 779.9064358221593, 779.9064358221593, 779.9064358221593, 779.9064358221593, 779.9064358221593, 779.9064358221593, 779.9064358221593, 779.9064358221593, 779.9064358221593, 779.9064358221593, 779.9064358221593, 779.9064358221593, 779.9064358221593, 779.9064358221593, 779.9064358221593, 779.9064358221593, 779.9064358221593, 779.9064358221593, 779.9064358221593, 779.9064358221593, 779.9064358221593, 779.9064358221593, 779.9064358221593, 779.9064358221593, 779.9064358221593, 779.9064358221593, 779.9064358221593, 779.9064358221593, 779.9064358221593, 779.9064358221593, 779.9064358221593, 779.9064358221593, 779.9064358221593, 779.9064358221593, 779.9064358221593, 779.9064358221593, 779.9064358221593, 779.9064358221593, 779.9064358221593, 779.9064358221593, 779.9064358221593, 779.9064358221593, 779.9064358221593, 779.9064358221593, 779.9064358221593, 779.9064358221593, 779.9064358221593, 779.9064358221593, 779.9064358221593, 779.9064358221593, 779.9064358221593, 779.9064358221593, 779.9064358221593, 779.9064358221593, 779.9064358221593, 779.9064358221593, 779.9064358221593, 779.9064358221593, 779.9064358221593, 779.9064358221593, 779.9064358221593, 779.9064358221593, 779.9064358221593, 779.9064358221593, 779.9064358221593, 779.9064358221593, 779.9064358221593, 779.9064358221593, 779.9064358221593, 779.9064358221593, 779.9064358221593, 779.9064358221593, 779.9064358221593, 779.9064358221593, 779.9064358221593, 779.9064358221593, 779.9064358221593, 779.9064358221593, 779.9064358221593, 779.9064358221593, 779.9064358221593, 779.9064358221593, 779.9064358221593, 779.9064358221593, 779.9064358221593, 779.9064358221593, 779.9064358221593, 779.9064358221593, 779.9064358221593, 779.9064358221593, 779.9064358221593, 779.9064358221593, 779.9064358221593, 779.9064358221593, 779.9064358221593, 779.9064358221593, 779.9064358221593, 779.9064358221593, 779.9064358221593, 779.9064358221593, 779.9064358221593, 779.9064358221593, 779.9064358221593, 779.9064358221593, 779.9064358221593, 779.9064358221593, 779.9064358221593, 779.9064358221593, 779.9064358221593, 779.9064358221593, 779.9064358221593, 779.9064358221593, 779.9064358221593, 779.9064358221593, 779.9064358221593, 779.9064358221593, 779.9064358221593, 779.9064358221593, 779.9064358221593, 779.9064358221593, 779.9064358221593, 779.9064358221593, 779.9064358221593, 779.9064358221593, 779.9064358221593, 779.9064358221593, 779.9064358221593, 779.9064358221593, 779.9064358221593, 779.9064358221593, 779.9064358221593, 779.9064358221593, 779.9064358221593, 779.9064358221593, 779.9064358221593, 779.9064358221593, 779.9064358221593, 779.9064358221593, 779.9064358221593, 779.9064358221593, 779.9064358221593, 779.9064358221593, 779.9064358221593, 779.9064358221593, 779.9064358221593, 779.9064358221593, 779.9064358221593, 779.9064358221593, 779.9064358221593, 779.9064358221593, 779.9064358221593, 779.9064358221593, 779.9064358221593, 779.9064358221593, 779.9064358221593, 779.9064358221593, 779.9064358221593, 779.9064358221593, 779.9064358221593, 779.9064358221593, 779.9064358221593, 779.9064358221593, 779.9064358221593, 779.9064358221593, 779.9064358221593, 779.9064358221593, 779.9064358221593, 779.9064358221593, 779.9064358221593, 779.9064358221593, 779.9064358221593, 779.9064358221593, 779.9064358221593, 779.9064358221593, 779.9064358221593, 779.9064358221593, 779.9064358221593, 779.9064358221593, 779.9064358221593, 779.9064358221593, 779.9064358221593, 779.9064358221593, 779.9064358221593, 779.9064358221593, 779.9064358221593, 779.9064358221593, 779.9064358221593, 779.9064358221593, 779.9064358221593, 779.9064358221593, 779.9064358221593, 779.9064358221593, 779.9064358221593, 779.9064358221593, 779.9064358221593, 779.9064358221593, 779.9064358221593, 779.9064358221593, 779.9064358221593, 779.9064358221593, 779.9064358221593, 779.9064358221593, 779.9064358221593, 779.9064358221593, 779.9064358221593, 779.9064358221593, 779.9064358221593, 779.9064358221593, 779.9064358221593, 779.9064358221593, 779.9064358221593, 779.9064358221593, 779.9064358221593, 779.9064358221593, 779.9064358221593, 779.9064358221593, 779.9064358221593, 779.9064358221593, 779.9064358221593, 779.9064358221593, 779.9064358221593, 779.9064358221593, 779.9064358221593, 779.9064358221593, 779.9064358221593, 779.9064358221593, 779.9064358221593, 779.9064358221593, 779.9064358221593, 779.9064358221593, 779.9064358221593, 779.9064358221593, 779.9064358221593, 779.9064358221593, 779.9064358221593, 779.9064358221593, 779.9064358221593, 779.9064358221593, 779.9064358221593, 779.9064358221593, 779.9064358221593, 779.9064358221593, 779.9064358221593, 779.9064358221593, 779.9064358221593, 779.9064358221593, 779.9064358221593, 779.9064358221593, 779.9064358221593, 779.9064358221593, 779.9064358221593, 779.9064358221593, 779.9064358221593, 779.9064358221593, 779.9064358221593, 779.9064358221593, 779.9064358221593, 779.9064358221593, 779.9064358221593, 779.9064358221593, 779.9064358221593, 779.9064358221593, 779.9064358221593, 779.9064358221593, 779.9064358221593, 779.9064358221593, 779.9064358221593, 779.9064358221593, 779.9064358221593, 779.9064358221593, 779.9064358221593, 779.9064358221593, 779.9064358221593, 779.9064358221593, 779.9064358221593, 779.9064358221593, 779.9064358221593, 779.9064358221593, 779.9064358221593, 779.9064358221593, 779.9064358221593, 779.9064358221593, 779.9064358221593, 779.9064358221593, 779.9064358221593, 779.9064358221593, 779.9064358221593, 779.9064358221593, 779.9064358221593, 779.9064358221593, 779.9064358221593, 779.9064358221593, 779.9064358221593, 779.9064358221593, 779.9064358221593, 779.9064358221593, 779.9064358221593, 779.9064358221593, 779.9064358221593, 779.9064358221593, 779.9064358221593, 779.9064358221593, 779.9064358221593, 779.9064358221593, 779.9064358221593, 779.9064358221593, 779.9064358221593, 779.9064358221593, 779.9064358221593, 779.9064358221593, 779.9064358221593, 779.9064358221593, 779.9064358221593, 779.9064358221593, 779.9064358221593, 779.9064358221593, 779.9064358221593, 779.9064358221593, 779.9064358221593, 779.9064358221593, 779.9064358221593, 779.9064358221593, 779.9064358221593, 779.9064358221593, 779.9064358221593, 779.9064358221593, 779.9064358221593, 779.9064358221593, 779.9064358221593, 779.9064358221593, 779.9064358221593, 779.9064358221593, 779.9064358221593, 779.9064358221593, 779.9064358221593, 779.9064358221593, 779.9064358221593, 779.9064358221593, 779.9064358221593, 779.9064358221593, 779.9064358221593, 779.9064358221593, 779.9064358221593, 779.9064358221593, 779.9064358221593, 779.9064358221593, 779.9064358221593, 779.9064358221593, 779.9064358221593, 779.9064358221593, 779.9064358221593, 779.9064358221593, 779.9064358221593, 779.9064358221593, 779.9064358221593, 779.9064358221593, 779.9064358221593, 779.9064358221593, 779.9064358221593, 779.9064358221593, 779.9064358221593, 779.9064358221593, 779.9064358221593, 779.9064358221593, 779.9064358221593, 779.9064358221593, 779.9064358221593, 779.9064358221593, 779.9064358221593, 779.9064358221593, 779.9064358221593, 779.9064358221593, 779.9064358221593, 779.9064358221593, 779.9064358221593, 779.9064358221593, 779.9064358221593, 779.9064358221593, 779.9064358221593, 779.9064358221593, 779.9064358221593, 779.9064358221593, 779.9064358221593, 779.9064358221593, 779.9064358221593, 779.9064358221593, 779.9064358221593, 779.9064358221593, 779.9064358221593, 779.9064358221593, 779.9064358221593, 779.9064358221593, 779.9064358221593, 779.9064358221593, 779.9064358221593, 779.9064358221593, 779.9064358221593, 779.9064358221593, 779.9064358221593, 779.9064358221593, 779.9064358221593, 779.9064358221593, 779.9064358221593, 779.9064358221593, 779.9064358221593, 779.9064358221593, 779.9064358221593, 779.9064358221593, 779.9064358221593, 779.9064358221593, 779.9064358221593, 779.9064358221593, 779.9064358221593, 779.9064358221593, 779.9064358221593, 779.9064358221593, 779.9064358221593, 779.9064358221593, 779.9064358221593, 779.9064358221593, 779.9064358221593, 779.9064358221593, 779.9064358221593, 779.9064358221593, 779.9064358221593, 779.9064358221593, 779.9064358221593, 779.9064358221593, 779.9064358221593, 779.9064358221593, 779.9064358221593, 779.9064358221593, 779.9064358221593, 779.9064358221593, 779.9064358221593, 779.9064358221593, 779.9064358221593, 779.9064358221593, 779.9064358221593, 779.9064358221593, 779.9064358221593, 779.9064358221593, 779.9064358221593, 779.9064358221593, 779.9064358221593, 779.9064358221593, 779.9064358221593, 779.9064358221593, 779.9064358221593, 779.9064358221593, 779.9064358221593, 779.9064358221593, 779.9064358221593, 779.9064358221593, 779.9064358221593, 779.9064358221593, 779.9064358221593, 779.9064358221593, 779.9064358221593, 779.9064358221593, 779.9064358221593, 779.9064358221593, 779.9064358221593, 779.9064358221593, 779.9064358221593, 779.9064358221593, 779.9064358221593, 779.9064358221593, 779.9064358221593, 779.9064358221593, 779.9064358221593, 779.9064358221593, 779.9064358221593, 779.9064358221593, 779.9064358221593, 779.9064358221593, 779.9064358221593, 779.9064358221593, 779.9064358221593, 779.9064358221593, 779.9064358221593, 779.9064358221593, 779.9064358221593, 779.9064358221593, 779.9064358221593, 779.9064358221593, 779.9064358221593, 779.9064358221593, 779.9064358221593, 779.9064358221593, 779.9064358221593, 779.9064358221593, 779.9064358221593, 779.9064358221593, 779.9064358221593, 779.9064358221593, 779.9064358221593, 779.9064358221593, 779.9064358221593, 779.9064358221593, 779.9064358221593, 779.9064358221593, 779.9064358221593, 779.9064358221593, 779.9064358221593, 779.9064358221593, 779.9064358221593, 779.9064358221593, 779.9064358221593, 779.9064358221593, 779.9064358221593, 779.9064358221593, 779.9064358221593, 779.9064358221593, 779.9064358221593, 779.9064358221593, 779.9064358221593, 779.9064358221593, 779.9064358221593, 779.9064358221593, 779.9064358221593, 779.9064358221593, 779.9064358221593, 779.9064358221593, 779.9064358221593, 779.9064358221593, 779.9064358221593, 779.9064358221593, 779.9064358221593, 779.9064358221593, 779.9064358221593, 779.9064358221593, 779.9064358221593, 779.9064358221593, 779.9064358221593, 779.9064358221593, 779.9064358221593, 779.9064358221593, 779.9064358221593, 779.9064358221593, 779.9064358221593, 779.9064358221593, 779.9064358221593, 779.9064358221593, 779.9064358221593, 779.9064358221593, 779.9064358221593, 779.9064358221593, 779.9064358221593, 779.9064358221593, 779.9064358221593, 779.9064358221593, 779.9064358221593, 779.9064358221593, 779.9064358221593, 779.9064358221593, 779.9064358221593, 779.9064358221593, 779.9064358221593, 779.9064358221593, 779.9064358221593, 779.9064358221593, 779.9064358221593, 779.9064358221593, 779.9064358221593, 779.9064358221593, 779.9064358221593, 779.9064358221593, 779.9064358221593, 779.9064358221593, 779.9064358221593, 779.9064358221593, 779.9064358221593, 779.9064358221593, 779.9064358221593, 779.9064358221593, 779.9064358221593, 779.9064358221593, 779.9064358221593, 779.9064358221593, 779.9064358221593, 779.9064358221593, 779.9064358221593, 779.9064358221593, 779.9064358221593, 779.9064358221593, 779.9064358221593, 779.9064358221593, 779.9064358221593, 779.9064358221593, 779.9064358221593, 779.9064358221593, 779.9064358221593, 779.9064358221593, 779.9064358221593, 779.9064358221593, 779.9064358221593, 779.9064358221593, 779.9064358221593, 779.9064358221593, 779.9064358221593, 779.9064358221593, 779.9064358221593, 779.9064358221593, 779.9064358221593, 779.9064358221593, 779.9064358221593, 779.9064358221593, 779.9064358221593, 779.9064358221593, 779.9064358221593, 779.9064358221593, 779.9064358221593, 779.9064358221593, 779.9064358221593, 779.9064358221593, 779.9064358221593, 779.9064358221593, 779.9064358221593, 779.9064358221593, 779.9064358221593, 779.9064358221593, 779.9064358221593, 779.9064358221593, 779.9064358221593, 779.9064358221593, 779.9064358221593, 779.9064358221593, 779.9064358221593, 779.9064358221593, 779.9064358221593, 779.9064358221593, 779.9064358221593, 779.9064358221593, 779.9064358221593, 779.9064358221593, 779.9064358221593, 779.9064358221593, 779.9064358221593, 779.9064358221593, 779.9064358221593, 779.9064358221593, 779.9064358221593, 779.9064358221593, 779.9064358221593, 779.9064358221593, 779.9064358221593, 779.9064358221593, 779.9064358221593, 779.9064358221593, 779.9064358221593, 779.9064358221593, 779.9064358221593, 779.9064358221593, 779.9064358221593, 779.9064358221593, 779.9064358221593, 779.9064358221593, 779.9064358221593, 779.9064358221593, 779.9064358221593, 779.9064358221593, 779.9064358221593, 779.9064358221593, 779.9064358221593, 779.9064358221593, 779.9064358221593, 779.9064358221593, 779.9064358221593, 779.9064358221593, 779.9064358221593, 779.9064358221593, 779.9064358221593, 779.9064358221593, 779.9064358221593, 779.9064358221593, 779.9064358221593, 779.9064358221593, 779.9064358221593, 779.9064358221593, 779.9064358221593, 779.9064358221593, 779.9064358221593, 779.9064358221593, 779.9064358221593, 779.9064358221593, 779.9064358221593, 779.9064358221593, 779.9064358221593, 779.9064358221593, 779.9064358221593, 779.9064358221593, 779.9064358221593, 779.9064358221593, 779.9064358221593, 779.9064358221593, 779.9064358221593, 779.9064358221593, 779.9064358221593, 779.9064358221593, 779.9064358221593, 779.9064358221593, 779.9064358221593, 779.9064358221593, 779.9064358221593, 779.9064358221593, 779.9064358221593, 779.9064358221593, 779.9064358221593, 779.9064358221593, 779.9064358221593, 779.9064358221593, 779.9064358221593, 779.9064358221593, 779.9064358221593, 779.9064358221593, 779.9064358221593, 779.9064358221593, 779.9064358221593, 779.9064358221593, 779.9064358221593, 779.9064358221593, 779.9064358221593, 779.9064358221593, 779.9064358221593, 779.9064358221593, 779.9064358221593, 779.9064358221593, 779.9064358221593, 779.9064358221593, 779.9064358221593, 779.9064358221593, 779.9064358221593, 779.9064358221593, 779.9064358221593, 779.9064358221593, 779.9064358221593, 779.9064358221593, 779.9064358221593, 779.9064358221593, 779.9064358221593, 779.9064358221593, 779.9064358221593, 779.9064358221593, 779.9064358221593, 779.9064358221593, 779.9064358221593, 779.9064358221593, 779.9064358221593, 779.9064358221593, 779.9064358221593, 779.9064358221593, 779.9064358221593, 779.9064358221593, 779.9064358221593, 779.9064358221593, 779.9064358221593, 779.9064358221593, 779.9064358221593, 779.9064358221593, 779.9064358221593, 779.9064358221593, 779.9064358221593, 779.9064358221593, 779.9064358221593, 779.9064358221593, 779.9064358221593, 779.9064358221593, 779.9064358221593, 779.9064358221593, 779.9064358221593, 779.9064358221593, 779.9064358221593, 779.9064358221593, 779.9064358221593, 779.9064358221593, 779.9064358221593, 779.9064358221593, 779.9064358221593, 779.9064358221593, 779.9064358221593, 779.9064358221593, 779.9064358221593, 779.9064358221593, 779.9064358221593, 779.9064358221593, 779.9064358221593, 779.9064358221593, 779.9064358221593, 779.9064358221593, 779.9064358221593, 779.9064358221593, 779.9064358221593, 779.9064358221593, 779.9064358221593, 779.9064358221593, 779.9064358221593, 779.9064358221593, 779.9064358221593, 779.9064358221593, 779.9064358221593, 779.9064358221593, 779.9064358221593, 779.9064358221593, 779.9064358221593, 779.9064358221593, 779.9064358221593, 779.9064358221593, 779.9064358221593, 779.9064358221593, 779.9064358221593, 779.9064358221593, 779.9064358221593, 779.9064358221593, 779.9064358221593, 779.9064358221593, 779.9064358221593, 779.9064358221593, 779.9064358221593, 779.9064358221593, 779.9064358221593, 779.9064358221593, 779.9064358221593, 779.9064358221593, 779.9064358221593, 779.9064358221593, 779.9064358221593, 779.9064358221593, 779.9064358221593, 779.9064358221593, 779.9064358221593, 779.9064358221593, 779.9064358221593, 779.9064358221593, 779.9064358221593, 779.9064358221593, 779.9064358221593, 779.9064358221593, 779.9064358221593, 779.9064358221593, 779.9064358221593, 779.9064358221593, 779.9064358221593, 779.9064358221593, 779.9064358221593, 779.9064358221593, 779.9064358221593, 779.9064358221593, 779.9064358221593, 779.9064358221593, 779.9064358221593, 779.9064358221593, 779.9064358221593, 779.9064358221593, 779.9064358221593, 779.9064358221593, 779.9064358221593, 779.9064358221593, 779.9064358221593, 779.9064358221593, 779.9064358221593, 779.9064358221593, 779.9064358221593, 779.9064358221593, 779.9064358221593, 779.9064358221593, 779.9064358221593, 779.9064358221593, 779.9064358221593, 779.9064358221593, 779.9064358221593, 779.9064358221593, 779.9064358221593, 779.9064358221593, 779.9064358221593, 779.9064358221593, 779.9064358221593, 779.9064358221593, 779.9064358221593, 779.9064358221593, 779.9064358221593, 779.9064358221593, 779.9064358221593, 779.9064358221593, 779.9064358221593, 779.9064358221593, 779.9064358221593, 779.9064358221593, 779.9064358221593, 779.9064358221593, 779.9064358221593, 779.9064358221593, 779.9064358221593, 779.9064358221593, 779.9064358221593, 779.9064358221593, 779.9064358221593, 779.9064358221593, 779.9064358221593, 779.9064358221593, 779.9064358221593, 779.9064358221593, 779.9064358221593, 779.9064358221593, 779.9064358221593, 779.9064358221593, 779.9064358221593, 779.9064358221593, 779.9064358221593, 779.9064358221593, 779.9064358221593, 779.9064358221593, 779.9064358221593, 779.9064358221593, 779.9064358221593, 779.9064358221593, 779.9064358221593, 779.9064358221593, 779.9064358221593, 779.9064358221593, 779.9064358221593, 779.9064358221593, 779.9064358221593, 779.9064358221593, 779.9064358221593, 779.9064358221593, 779.9064358221593, 779.9064358221593, 779.9064358221593, 779.9064358221593, 779.9064358221593, 779.9064358221593, 779.9064358221593, 779.9064358221593, 779.9064358221593, 779.9064358221593, 779.9064358221593, 779.9064358221593, 779.9064358221593, 779.9064358221593, 779.9064358221593, 779.9064358221593, 779.9064358221593, 779.9064358221593, 779.9064358221593, 779.9064358221593, 779.9064358221593, 779.9064358221593, 779.9064358221593, 779.9064358221593, 779.9064358221593, 779.9064358221593, 779.9064358221593, 779.9064358221593, 779.9064358221593, 779.9064358221593, 779.9064358221593, 779.9064358221593, 779.9064358221593, 779.9064358221593, 779.9064358221593, 779.9064358221593, 779.9064358221593, 779.9064358221593, 779.9064358221593, 779.9064358221593, 779.9064358221593, 779.9064358221593, 779.9064358221593, 779.9064358221593, 779.9064358221593, 779.9064358221593, 779.9064358221593, 779.9064358221593, 779.9064358221593, 779.9064358221593, 779.9064358221593, 779.9064358221593, 779.9064358221593, 779.9064358221593, 779.9064358221593, 779.9064358221593, 779.9064358221593, 779.9064358221593, 779.9064358221593, 779.9064358221593, 779.9064358221593, 779.9064358221593, 779.9064358221593, 779.9064358221593, 779.9064358221593, 779.9064358221593, 779.9064358221593, 779.9064358221593, 779.9064358221593, 779.9064358221593, 779.9064358221593, 779.9064358221593, 779.9064358221593, 779.9064358221593, 779.9064358221593, 779.9064358221593, 779.9064358221593, 779.9064358221593, 779.9064358221593, 779.9064358221593, 779.9064358221593, 779.9064358221593, 779.9064358221593, 779.9064358221593, 779.9064358221593, 779.9064358221593, 779.9064358221593, 779.9064358221593, 779.9064358221593, 779.9064358221593, 779.9064358221593, 779.9064358221593, 779.9064358221593, 779.9064358221593, 779.9064358221593, 779.9064358221593, 779.9064358221593, 779.9064358221593, 779.9064358221593, 779.9064358221593, 779.9064358221593, 779.9064358221593, 779.9064358221593, 779.9064358221593, 779.9064358221593, 779.9064358221593, 779.9064358221593, 779.9064358221593, 779.9064358221593, 779.9064358221593, 779.9064358221593, 779.9064358221593, 779.9064358221593, 779.9064358221593, 779.9064358221593, 779.9064358221593, 779.9064358221593, 779.9064358221593, 779.9064358221593, 779.9064358221593, 779.9064358221593, 779.9064358221593, 779.9064358221593, 779.9064358221593, 779.9064358221593, 779.9064358221593, 779.9064358221593, 779.9064358221593, 779.9064358221593, 779.9064358221593, 779.9064358221593, 779.9064358221593, 779.9064358221593, 779.9064358221593, 779.9064358221593, 779.9064358221593, 779.9064358221593, 779.9064358221593, 779.9064358221593, 779.9064358221593, 779.9064358221593, 779.9064358221593, 779.9064358221593, 779.9064358221593, 779.9064358221593, 779.9064358221593, 779.9064358221593, 779.9064358221593, 779.9064358221593, 779.9064358221593, 779.9064358221593, 779.9064358221593, 779.9064358221593, 779.9064358221593, 779.9064358221593, 779.9064358221593, 779.9064358221593, 779.9064358221593, 779.9064358221593, 779.9064358221593, 779.9064358221593, 779.9064358221593, 779.9064358221593, 779.9064358221593, 779.9064358221593, 779.9064358221593, 779.9064358221593, 779.9064358221593, 779.9064358221593, 779.9064358221593, 779.9064358221593, 779.9064358221593, 779.9064358221593, 779.9064358221593, 779.9064358221593, 779.9064358221593, 779.9064358221593, 779.9064358221593, 779.9064358221593, 779.9064358221593, 779.9064358221593, 779.9064358221593, 779.9064358221593, 779.9064358221593, 779.9064358221593, 779.9064358221593, 779.9064358221593, 779.9064358221593, 779.9064358221593, 779.9064358221593, 779.9064358221593, 779.9064358221593, 779.9064358221593, 779.9064358221593, 779.9064358221593, 779.9064358221593, 779.9064358221593, 779.9064358221593, 779.9064358221593, 779.9064358221593, 779.9064358221593, 779.9064358221593, 779.9064358221593, 779.9064358221593, 779.9064358221593, 779.9064358221593, 779.9064358221593, 779.9064358221593, 779.9064358221593, 779.9064358221593, 779.9064358221593, 779.9064358221593, 779.9064358221593, 779.9064358221593, 779.9064358221593, 779.9064358221593, 779.9064358221593, 779.9064358221593, 779.9064358221593, 779.9064358221593, 779.9064358221593, 779.9064358221593, 779.9064358221593, 779.9064358221593, 779.9064358221593, 779.9064358221593, 779.9064358221593, 779.9064358221593, 779.9064358221593, 779.9064358221593, 779.9064358221593, 779.9064358221593, 779.9064358221593, 779.9064358221593, 779.9064358221593, 779.9064358221593, 779.9064358221593, 779.9064358221593, 779.9064358221593, 779.9064358221593, 779.9064358221593, 779.9064358221593, 779.9064358221593, 779.9064358221593, 779.9064358221593, 779.9064358221593, 779.9064358221593, 779.9064358221593, 779.9064358221593, 779.9064358221593, 779.9064358221593, 779.9064358221593, 779.9064358221593, 779.9064358221593, 779.9064358221593, 779.9064358221593, 779.9064358221593, 779.9064358221593, 779.9064358221593, 779.9064358221593, 779.9064358221593, 779.9064358221593, 779.9064358221593, 779.9064358221593, 779.9064358221593, 779.9064358221593, 779.9064358221593, 779.9064358221593, 779.9064358221593, 779.9064358221593, 779.9064358221593, 779.9064358221593, 779.9064358221593, 779.9064358221593, 779.9064358221593, 779.9064358221593, 779.9064358221593]
Computational time : 152.319999933