Name : Ahmed ElMousel
Problem : X-n115-k10 
Whale Algorithm 
cost : 568.562501071
Routes : 
1->22->5->6->9->10->8->1
1->19->20->21->23->18->15->16->17->4->3->2->7->12->13->1
1->14->11->1
best solutions : 
[591.3613880841867, 573.1542480026571, 569.8846342332732, 569.8846342332732, 569.8846342332732, 569.8846342332732, 569.8846342332732, 569.8846342332732, 569.8846342332732, 569.8846342332732, 569.8846342332732, 569.8846342332732, 569.8846342332732, 569.8846342332732, 569.8846342332732, 569.8846342332732, 569.8846342332732, 569.8846342332732, 569.7461012117926, 569.7461012117926, 569.7461012117925, 569.7461012117925, 569.7461012117925, 569.7461012117925, 569.7461012117925, 569.7461012117925, 569.7461012117925, 569.7461012117925, 569.7461012117925, 569.7461012117925, 569.7461012117925, 569.7461012117925, 569.7461012117925, 569.7461012117925, 569.7461012117925, 569.7461012117925, 569.7461012117925, 569.7461012117925, 569.7461012117925, 569.7461012117925, 569.7461012117925, 569.7461012117925, 569.7461012117925, 569.7461012117925, 569.7461012117925, 569.7461012117925, 569.7461012117925, 569.7461012117925, 569.7461012117925, 569.7461012117925, 569.7461012117925, 569.7461012117925, 569.7461012117925, 569.7461012117925, 569.7461012117925, 569.7461012117925, 569.7461012117925, 569.7461012117925, 569.7461012117925, 569.7461012117925, 569.7461012117925, 569.7461012117925, 569.7461012117925, 569.7461012117925, 569.7461012117925, 569.7461012117925, 569.7461012117925, 569.7461012117925, 569.7461012117925, 569.7461012117925, 569.7461012117925, 569.7461012117925, 569.7461012117925, 569.7461012117925, 569.7461012117925, 569.7461012117925, 569.7461012117925, 569.7461012117925, 569.7461012117925, 569.7461012117925, 569.7461012117925, 569.7461012117925, 569.7461012117925, 569.7461012117925, 569.7461012117925, 569.7461012117925, 569.7461012117925, 569.7461012117925, 569.7461012117925, 569.7461012117925, 568.5625010705219, 568.5625010705219, 568.5625010705219, 568.5625010705219, 568.5625010705219, 568.5625010705219, 568.5625010705219, 568.5625010705219, 568.5625010705219, 568.5625010705219, 568.5625010705219, 568.5625010705219, 568.5625010705219, 568.5625010705219, 568.5625010705219, 568.5625010705219, 568.5625010705219, 568.5625010705219, 568.5625010705219, 568.5625010705219, 568.5625010705219, 568.5625010705219, 568.5625010705219, 568.5625010705219, 568.5625010705219, 568.5625010705219, 568.5625010705219, 568.5625010705219, 568.5625010705219, 568.5625010705219, 568.5625010705219, 568.5625010705219, 568.5625010705219, 568.5625010705219, 568.5625010705219, 568.5625010705219, 568.5625010705219, 568.5625010705219, 568.5625010705219, 568.5625010705219, 568.5625010705219, 568.5625010705219, 568.5625010705219, 568.5625010705219, 568.5625010705219, 568.5625010705219, 568.5625010705219, 568.5625010705219, 568.5625010705219, 568.5625010705219, 568.5625010705219, 568.5625010705219, 568.5625010705219, 568.5625010705219, 568.5625010705219, 568.5625010705219, 568.5625010705219, 568.5625010705219, 568.5625010705219, 568.5625010705219, 568.5625010705219, 568.5625010705219, 568.5625010705219, 568.5625010705219, 568.5625010705219, 568.5625010705219, 568.5625010705219, 568.5625010705219, 568.5625010705219, 568.5625010705219, 568.5625010705219, 568.5625010705219, 568.5625010705219, 568.5625010705219, 568.5625010705219, 568.5625010705219, 568.5625010705219, 568.5625010705219, 568.5625010705219, 568.5625010705219, 568.5625010705219, 568.5625010705219, 568.5625010705219, 568.5625010705219, 568.5625010705219, 568.5625010705219, 568.5625010705219, 568.5625010705219, 568.5625010705219, 568.5625010705219, 568.5625010705219, 568.5625010705219, 568.5625010705219, 568.5625010705219, 568.5625010705219, 568.5625010705219, 568.5625010705219, 568.5625010705219, 568.5625010705219, 568.5625010705219]
Computational time : 3.81100010872