Name : Ahmed ElMousel
Problem : X-n190-k8 
Whale Algorithm 
cost : 784.818418248
Routes : 
1->27->13->41->18->7->76->1
1->5->46->30->28->53->47->35->68->1
1->49->6->16->58->14->55->60->15->20->9->1
1->69->31->75->29->63->74->34->64->17->4->45->1
1->48->37->38->21->71->61->72->70->62->22->3->1
1->33->51->19->56->26->32->10->40->73->59->1
1->52->25->50->24->57->42->44->43->65->23->2->1
1->11->39->66->67->12->54->36->8->1
best solutions : 
[826.930349087269, 826.930349087269, 821.1175991498553, 816.8164614726858, 816.8164614726858, 813.4476865960083, 813.4476865960083, 813.4476865960083, 813.4476865960083, 813.4476865960083, 813.4476865960083, 813.4476865960083, 813.4476865960083, 813.4476865960083, 813.4476865960083, 813.4476865960083, 813.4476865960083, 813.4476865960083, 813.4476865960083, 813.4476865960083, 812.7330578387924, 812.7330578387924, 812.7330578387924, 812.7330578387924, 812.7330578387924, 810.5289229069837, 810.5289229069837, 810.5289229069837, 810.5289229069837, 810.5289229069837, 810.5289229069837, 810.5289229069837, 807.9083248525892, 807.9083248525892, 807.9083248525892, 807.9083248525892, 807.9083248525892, 807.9083248525892, 807.9083248525892, 807.9083248525892, 807.9083248525892, 807.9083248525892, 807.9083248525892, 807.9083248525892, 807.9083248525892, 807.9083248525892, 807.9083248525892, 807.9083248525892, 807.9083248525892, 807.9083248525892, 807.9083248525892, 807.9083248525892, 807.9083248525892, 807.9083248525892, 807.9083248525892, 807.9083248525892, 807.9083248525892, 807.9083248525892, 807.9083248525892, 807.9083248525891, 807.5175565829074, 807.5175565829074, 807.5175565829074, 807.5175565829074, 807.5175565829074, 807.5175565829074, 807.5175565829074, 807.5175565829074, 807.5175565829074, 807.5175565829074, 807.5175565829074, 807.5175565829074, 807.5175565829074, 807.5175565829074, 807.5175565829074, 807.5175565829074, 807.5175565829074, 807.5175565829074, 807.5175565829074, 807.5175565829074, 807.5175565829074, 807.5175565829074, 807.5175565829074, 807.5175565829074, 807.5175565829074, 807.5175565829074, 807.5175565829074, 807.5175565829074, 807.5175565829074, 807.5175565829074, 807.5175565829074, 807.5175565829074, 807.5175565829074, 807.5175565829074, 807.5175565829074, 807.5175565829074, 807.5175565829074, 807.5175565829074, 807.5175565829074, 807.5175565829074, 807.5175565829074, 807.5175565829074, 807.1590913416746, 807.1590913416746, 807.1590913416746, 807.1590913416746, 807.1590913416746, 807.1590913416746, 807.1590913416746, 807.1590913416746, 807.1590913416746, 807.1590913416746, 807.1590913416745, 807.1590913416745, 807.1590913416745, 807.1590913416745, 807.1590913416745, 807.1590913416745, 807.1590913416745, 807.1590913416745, 807.1590913416745, 807.1590913416745, 807.1590913416745, 807.1590913416745, 807.1590913416745, 807.1590913416745, 807.1590913416745, 807.1590913416745, 807.1590913416745, 807.1590913416745, 807.1590913416745, 807.1590913416745, 807.1590913416745, 807.1590913416745, 807.1590913416745, 807.1590913416745, 807.1590913416745, 807.1590913416745, 807.1590913416745, 807.1590913416745, 807.1590913416745, 807.1590913416745, 807.1590913416745, 807.1590913416745, 807.1590913416745, 807.1590913416745, 807.1590913416745, 807.1590913416745, 807.1590913416745, 807.1590913416745, 807.1590913416745, 807.1590913416745, 807.1590913416745, 807.1590913416745, 807.1590913416745, 807.1590913416745, 807.1590913416745, 807.1590913416745, 807.1590913416745, 807.1590913416745, 807.1590913416745, 807.1590913416745, 807.1590913416745, 807.1590913416745, 807.1590913416745, 807.1590913416745, 807.1590913416745, 807.1590913416745, 807.1590913416745, 807.1590913416745, 807.1590913416745, 807.1590913416745, 807.1590913416745, 807.1590913416745, 807.1590913416745, 807.1590913416745, 807.1590913416745, 807.1590913416745, 807.1590913416745, 807.1590913416745, 807.1590913416745, 807.1590913416745, 807.1590913416745, 807.1590913416745, 807.1590913416745, 807.1590913416745, 807.1590913416745, 807.1590913416745, 807.1590913416745, 807.1590913416745, 807.1590913416745, 807.1590913416745, 807.1590913416745, 807.1590913416745, 807.1590913416745, 807.1590913416745, 807.1590913416745, 807.1590913416745, 807.1590913416745, 807.1590913416745, 807.1590913416745, 807.1590913416745, 807.1590913416745, 807.1590913416745, 807.1590913416745, 807.1590913416745, 807.1590913416745, 807.1590913416745, 807.1590913416745, 807.1590913416745, 807.1590913416745, 807.1590913416745, 807.1590913416745, 807.1590913416745, 807.1590913416745, 807.1590913416745, 807.1590913416745, 807.1590913416745, 807.1590913416745, 807.1590913416745, 807.1590913416745, 807.1590913416745, 807.1590913416745, 807.1590913416745, 807.1590913416745, 807.1590913416745, 807.1590913416745, 807.1590913416745, 807.1590913416745, 807.1590913416745, 807.1590913416745, 807.1590913416745, 807.1590913416745, 807.1590913416745, 807.1590913416745, 807.1590913416745, 807.1590913416745, 807.1590913416745, 807.1590913416745, 807.1590913416745, 807.1590913416745, 807.1590913416745, 807.1590913416745, 807.1590913416745, 807.1590913416745, 807.1590913416745, 807.1590913416745, 807.1590913416745, 807.1590913416745, 807.1590913416745, 807.1590913416745, 807.1590913416745, 807.1590913416745, 807.1590913416745, 807.1590913416745, 807.1590913416745, 807.1590913416745, 807.1590913416745, 807.1590913416745, 807.1590913416745, 807.1590913416745, 807.1590913416745, 807.1590913416745, 807.1590913416745, 807.1590913416745, 807.1590913416745, 807.1590913416745, 807.1590913416745, 807.1590913416745, 807.1590913416745, 807.1590913416745, 807.1590913416745, 807.1590913416745, 807.1590913416745, 807.1590913416745, 807.1590913416745, 807.1590913416745, 807.1590913416745, 807.1590913416745, 807.1590913416745, 807.1590913416745, 807.1590913416745, 807.1590913416745, 807.1590913416745, 807.1590913416745, 807.1590913416745, 807.1590913416745, 807.1590913416745, 807.1590913416745, 807.1590913416745, 807.1590913416745, 807.1590913416745, 807.1590913416745, 807.1590913416745, 807.1590913416745, 807.1590913416745, 807.1590913416745, 807.1590913416745, 807.1590913416745, 807.1590913416745, 807.1590913416745, 807.1590913416745, 807.1590913416745, 807.1590913416745, 807.1590913416745, 807.1590913416745, 807.1590913416745, 807.1590913416745, 807.1590913416745, 807.1590913416745, 807.1590913416745, 807.1590913416745, 807.1590913416745, 807.1590913416745, 807.1590913416745, 807.1590913416745, 807.1590913416745, 807.1590913416745, 807.1590913416745, 807.1590913416745, 807.1590913416745, 807.1590913416745, 807.1590913416745, 807.1590913416745, 807.1590913416745, 807.1590913416745, 807.1590913416745, 807.1590913416745, 807.1590913416745, 807.1590913416745, 807.1590913416745, 807.1590913416745, 807.1590913416745, 807.1590913416745, 807.1590913416745, 807.1590913416745, 807.1590913416745, 807.1590913416745, 807.1590913416745, 807.1590913416745, 807.1590913416745, 807.1590913416745, 807.1590913416745, 807.1590913416745, 807.1590913416745, 807.1590913416745, 807.1590913416745, 807.1590913416745, 807.1590913416745, 807.1590913416745, 807.1590913416745, 807.1590913416745, 807.1590913416745, 807.1590913416745, 807.1590913416745, 807.1590913416745, 807.1590913416745, 807.1590913416745, 807.1590913416745, 807.1590913416745, 807.1590913416745, 807.1590913416745, 807.1590913416745, 807.1590913416745, 807.1590913416745, 807.1590913416745, 807.1590913416745, 807.1590913416745, 807.1590913416745, 807.1590913416745, 807.1590913416745, 807.1590913416745, 807.1590913416745, 807.1590913416745, 807.1590913416745, 807.1590913416745, 807.1590913416745, 807.1590913416745, 807.1590913416745, 807.1590913416745, 807.1590913416745, 807.1590913416745, 807.1590913416745, 807.1590913416745, 807.1590913416745, 807.1590913416745, 807.1590913416745, 807.1590913416745, 807.1590913416745, 807.1590913416745, 807.1590913416745, 807.1590913416745, 807.1590913416745, 807.1590913416745, 807.1590913416745, 807.1590913416745, 807.1590913416745, 807.1590913416745, 807.1590913416745, 807.1590913416745, 807.1590913416745, 807.1590913416745, 807.1590913416745, 807.1590913416745, 807.1590913416745, 807.1590913416745, 807.1590913416745, 807.1590913416745, 807.1590913416745, 807.1590913416745, 807.1590913416745, 807.1590913416745, 807.1590913416745, 807.1590913416745, 807.1590913416745, 807.1590913416745, 807.1590913416745, 807.1590913416745, 807.1590913416745, 807.1590913416745, 807.1590913416745, 807.1590913416745, 807.1590913416745, 807.1590913416745, 807.1590913416745, 807.1590913416745, 807.1590913416745, 807.1590913416745, 807.1590913416745, 807.1590913416745, 807.1590913416745, 807.1590913416745, 807.1590913416745, 807.1590913416745, 807.1590913416745, 807.1590913416745, 807.1590913416745, 807.1590913416745, 807.1590913416745, 807.1590913416745, 807.1590913416745, 807.1590913416745, 807.1590913416745, 807.1590913416745, 807.1590913416745, 807.1590913416745, 807.1590913416745, 807.1590913416745, 807.1590913416745, 807.1590913416745, 807.1590913416745, 807.1590913416745, 807.1590913416745, 807.1590913416745, 807.1590913416745, 807.1590913416745, 807.1590913416745, 807.1590913416745, 807.1590913416745, 807.1590913416745, 807.1590913416745, 807.1590913416745, 807.1590913416745, 807.1590913416745, 807.1590913416745, 807.1590913416745, 807.1590913416745, 807.1590913416745, 807.1590913416745, 807.1590913416745, 807.1590913416745, 807.1590913416745, 807.1590913416745, 807.1590913416745, 807.1590913416745, 807.1590913416745, 807.1590913416745, 807.1590913416745, 807.1590913416745, 807.1590913416745, 807.1590913416745, 807.1590913416745, 807.1590913416745, 807.1590913416745, 807.1590913416745, 807.1590913416745, 807.1590913416745, 807.1590913416745, 807.1590913416745, 807.1590913416745, 807.1590913416745, 807.1590913416745, 807.1590913416745, 807.1590913416745, 807.1590913416745, 807.1590913416745, 807.1590913416745, 807.1590913416745, 807.1590913416745, 807.1590913416745, 807.1590913416745, 807.1590913416745, 807.1590913416745, 807.1590913416745, 807.1590913416745, 807.1590913416745, 807.1590913416745, 807.1590913416745, 807.1590913416745, 807.1590913416745, 807.1590913416745, 807.1590913416745, 807.1590913416745, 807.1590913416745, 807.1590913416745, 807.1590913416745, 807.1590913416745, 807.1590913416745, 807.1590913416745, 807.1590913416745, 807.1590913416745, 807.1590913416745, 807.1590913416745, 807.1590913416745, 807.1590913416745, 807.1590913416745, 807.1590913416745, 807.1590913416745, 807.1590913416745, 807.1590913416745, 807.1590913416745, 807.1590913416745, 807.1590913416745, 807.1590913416745, 807.1590913416745, 807.1590913416745, 807.1590913416745, 807.1590913416745, 807.1590913416745, 807.1590913416745, 807.1590913416745, 807.1590913416745, 807.1590913416745, 807.1590913416745, 807.1590913416745, 807.1590913416745, 807.1590913416745, 807.1590913416745, 807.1590913416745, 807.1590913416745, 807.1590913416745, 807.1590913416745, 807.1590913416745, 807.1590913416745, 807.1590913416745, 807.1590913416745, 807.1590913416745, 807.1590913416745, 807.1590913416745, 807.1590913416745, 807.1590913416745, 807.1590913416745, 807.1590913416745, 807.1590913416745, 807.1590913416745, 807.1590913416745, 807.1590913416745, 807.1590913416745, 807.1590913416745, 807.1590913416745, 807.1590913416745, 807.1590913416745, 807.1590913416745, 807.1590913416745, 807.1590913416745, 807.1590913416745, 807.1590913416745, 807.1590913416745, 807.1590913416745, 807.1590913416745, 806.9587497034639, 806.9587497034639, 806.9587497034639, 806.9587497034639, 802.4617736107926, 802.4617736107926, 802.4617736107926, 802.4617736107926, 802.4617736107926, 802.4617736107926, 802.4617736107926, 802.4617736107926, 802.4617736107926, 798.2852726993639, 798.2852726993639, 798.2852726993639, 798.2852726993639, 798.2852726993639, 798.2852726993639, 798.2852726993639, 798.2852726993639, 798.2852726993639, 798.2852726993639, 798.2852726993639, 798.2852726993639, 798.2852726993638, 798.2852726993638, 798.2852726993638, 798.2852726993638, 798.2852726993638, 798.2852726993638, 798.2852726993638, 798.2852726993638, 798.2852726993638, 798.2852726993638, 798.2852726993638, 798.2852726993638, 798.2852726993638, 798.2852726993638, 798.2852726993638, 798.2852726993638, 798.2852726993638, 798.2852726993638, 798.2852726993638, 798.2852726993638, 798.2852726993638, 798.2852726993638, 798.2852726993638, 798.2852726993638, 798.2852726993638, 798.2852726993638, 798.2852726993638, 798.2852726993638, 798.2852726993638, 798.2852726993638, 798.2852726993638, 798.2852726993638, 798.2852726993638, 798.2852726993638, 798.2852726993638, 798.2852726993638, 798.2852726993638, 798.2852726993638, 798.2852726993638, 798.2852726993638, 798.2852726993638, 798.2852726993638, 798.2852726993638, 798.2852726993638, 798.2852726993638, 798.2852726993638, 798.2852726993638, 798.2852726993638, 798.2852726993638, 798.2852726993638, 798.2852726993638, 798.2852726993638, 798.2852726993638, 798.2852726993638, 798.2852726993638, 798.2852726993638, 798.2852726993638, 798.2852726993638, 798.2852726993638, 798.2852726993638, 798.2852726993638, 798.2852726993638, 798.2852726993638, 798.2852726993638, 798.2852726993638, 798.2852726993638, 798.2852726993638, 798.2852726993638, 798.2852726993638, 798.2852726993638, 798.2852726993638, 798.2852726993638, 798.2852726993638, 798.2852726993638, 798.2852726993638, 798.2852726993638, 796.6102665610546, 796.6102665610546, 796.6102665610546, 796.6102665610546, 796.6102665610546, 796.6102665610546, 796.6102665610546, 796.6102665610546, 796.6102665610546, 796.6102665610546, 796.6102665610546, 796.6102665610546, 796.6102665610546, 796.6102665610546, 796.6102665610546, 796.6102665610546, 796.6102665610546, 796.6102665610546, 796.6102665610546, 796.6102665610546, 796.6102665610546, 796.6102665610546, 796.6102665610546, 796.6102665610546, 796.6102665610546, 796.6102665610546, 796.6102665610546, 796.6102665610546, 796.6102665610546, 796.6102665610546, 796.6102665610546, 796.6102665610546, 796.6102665610546, 796.6102665610546, 796.6102665610546, 796.6102665610546, 796.6102665610546, 796.6102665610546, 796.6102665610546, 796.6102665610546, 796.6102665610546, 796.6102665610546, 796.6102665610546, 796.6102665610546, 796.6102665610546, 796.6102665610546, 796.6102665610546, 796.6102665610546, 796.6102665610546, 796.6102665610546, 796.6102665610546, 796.6102665610546, 796.6102665610546, 796.6102665610546, 796.6102665610546, 796.6102665610546, 796.6102665610546, 796.6102665610546, 796.6102665610546, 796.6102665610546, 796.6102665610546, 796.6102665610546, 796.6102665610546, 796.6102665610546, 796.6102665610546, 796.6102665610546, 796.6102665610546, 796.6102665610546, 796.6102665610546, 796.6102665610546, 796.6102665610546, 796.6102665610546, 796.6102665610546, 796.6102665610546, 796.6102665610546, 796.6102665610546, 796.6102665610546, 796.6102665610546, 796.6102665610546, 796.6102665610546, 796.6102665610546, 796.6102665610546, 796.6102665610546, 796.6102665610546, 796.6102665610546, 796.6102665610546, 796.6102665610546, 796.6102665610546, 796.6102665610546, 796.6102665610546, 796.6102665610546, 796.6102665610546, 796.6102665610546, 796.6102665610546, 796.6102665610546, 796.6102665610546, 796.6102665610546, 796.6102665610546, 796.6102665610546, 796.6102665610546, 796.6102665610546, 796.6102665610546, 796.6102665610546, 796.6102665610546, 796.6102665610546, 796.6102665610546, 796.6102665610546, 796.6102665610546, 796.6102665610546, 796.6102665610546, 796.6102665610546, 796.6102665610546, 796.6102665610546, 796.6102665610546, 796.6102665610546, 796.6102665610546, 796.6102665610546, 796.6102665610546, 796.6102665610546, 796.6102665610546, 796.6102665610546, 796.6102665610546, 796.6102665610546, 796.6102665610546, 796.6102665610546, 796.6102665610546, 796.6102665610546, 796.6102665610546, 796.6102665610546, 796.6102665610546, 796.6102665610546, 796.6102665610546, 796.6102665610546, 796.4774952469676, 789.0073451596546, 789.0073451596546, 789.0073451596546, 789.0073451596546, 789.0073451596546, 789.0073451596546, 789.0073451596546, 789.0073451596546, 789.0073451596546, 789.0073451596546, 789.0073451596546, 789.0073451596546, 789.0073451596546, 789.0073451596546, 789.0073451596546, 789.0073451596546, 789.0073451596546, 789.0073451596546, 789.0073451596546, 789.0073451596546, 789.0073451596546, 789.0073451596546, 789.0073451596546, 789.0073451596546, 789.0073451596546, 789.0073451596546, 789.0073451596546, 789.0073451596546, 789.0073451596546, 789.0073451596546, 789.0073451596546, 789.0073451596546, 789.0073451596546, 789.0073451596546, 789.0073451596546, 789.0073451596546, 789.0073451596546, 789.0073451596546, 789.0073451596546, 787.6148336993548, 787.6148336993548, 787.6148336993548, 787.6148336993548, 787.6148336993548, 787.6148336993548, 787.6148336993548, 787.6148336993548, 787.6148336993548, 787.6148336993548, 786.0789602194533, 786.0789602194533, 786.0789602194533, 786.0789602194533, 786.0789602194533, 786.0789602194533, 786.0789602194533, 786.0789602194533, 786.0789602194533, 786.0789602194533, 786.0789602194533, 786.0789602194533, 786.0789602194533, 786.0789602194533, 786.0789602194533, 784.818418247595, 784.818418247595, 784.818418247595, 784.818418247595, 784.818418247595, 784.818418247595, 784.818418247595, 784.818418247595, 784.818418247595, 784.818418247595, 784.818418247595, 784.818418247595, 784.818418247595, 784.818418247595, 784.818418247595, 784.818418247595, 784.818418247595, 784.818418247595, 784.818418247595, 784.818418247595, 784.818418247595, 784.818418247595, 784.818418247595, 784.818418247595, 784.818418247595, 784.818418247595, 784.818418247595, 784.818418247595, 784.818418247595, 784.818418247595, 784.818418247595, 784.818418247595, 784.818418247595, 784.818418247595, 784.818418247595, 784.818418247595, 784.818418247595, 784.818418247595, 784.818418247595, 784.818418247595, 784.818418247595, 784.818418247595, 784.818418247595, 784.818418247595, 784.818418247595, 784.818418247595, 784.818418247595, 784.818418247595, 784.818418247595, 784.818418247595, 784.818418247595, 784.818418247595, 784.818418247595, 784.818418247595, 784.818418247595, 784.818418247595, 784.818418247595, 784.818418247595, 784.818418247595, 784.818418247595, 784.818418247595, 784.818418247595, 784.818418247595, 784.818418247595, 784.818418247595, 784.818418247595, 784.818418247595, 784.818418247595, 784.818418247595, 784.818418247595, 784.818418247595, 784.818418247595, 784.818418247595, 784.818418247595, 784.818418247595, 784.818418247595, 784.818418247595, 784.818418247595, 784.818418247595, 784.818418247595, 784.818418247595, 784.818418247595, 784.818418247595, 784.818418247595, 784.818418247595, 784.818418247595, 784.818418247595, 784.818418247595, 784.818418247595, 784.818418247595, 784.818418247595, 784.818418247595, 784.818418247595, 784.818418247595, 784.818418247595, 784.818418247595, 784.818418247595, 784.818418247595, 784.818418247595, 784.818418247595, 784.818418247595, 784.818418247595, 784.818418247595, 784.818418247595, 784.818418247595, 784.818418247595, 784.818418247595, 784.818418247595, 784.818418247595, 784.818418247595, 784.818418247595, 784.818418247595, 784.818418247595, 784.818418247595, 784.818418247595, 784.818418247595, 784.818418247595, 784.818418247595, 784.818418247595, 784.818418247595, 784.818418247595, 784.818418247595, 784.818418247595, 784.818418247595, 784.818418247595, 784.818418247595, 784.818418247595, 784.818418247595, 784.818418247595, 784.818418247595, 784.818418247595, 784.818418247595, 784.818418247595, 784.818418247595, 784.818418247595, 784.818418247595, 784.818418247595, 784.818418247595, 784.818418247595, 784.818418247595, 784.818418247595, 784.818418247595, 784.818418247595, 784.818418247595, 784.818418247595, 784.818418247595, 784.818418247595, 784.818418247595, 784.818418247595, 784.818418247595, 784.818418247595, 784.818418247595, 784.818418247595, 784.818418247595, 784.818418247595, 784.818418247595, 784.818418247595, 784.818418247595, 784.818418247595, 784.818418247595, 784.818418247595, 784.818418247595, 784.818418247595, 784.818418247595, 784.818418247595, 784.818418247595, 784.818418247595, 784.818418247595, 784.818418247595, 784.818418247595, 784.818418247595, 784.818418247595, 784.818418247595, 784.818418247595, 784.818418247595, 784.818418247595, 784.818418247595, 784.818418247595, 784.818418247595, 784.818418247595, 784.818418247595, 784.818418247595, 784.818418247595, 784.818418247595, 784.818418247595, 784.818418247595, 784.818418247595, 784.818418247595, 784.818418247595, 784.818418247595, 784.818418247595, 784.818418247595, 784.818418247595, 784.818418247595, 784.818418247595, 784.818418247595, 784.818418247595, 784.818418247595, 784.818418247595, 784.818418247595, 784.818418247595, 784.818418247595, 784.818418247595, 784.818418247595, 784.818418247595, 784.818418247595, 784.818418247595, 784.818418247595, 784.818418247595, 784.818418247595, 784.818418247595, 784.818418247595, 784.818418247595, 784.818418247595, 784.818418247595, 784.818418247595, 784.818418247595, 784.818418247595, 784.818418247595, 784.818418247595, 784.818418247595, 784.818418247595, 784.818418247595, 784.818418247595, 784.818418247595, 784.818418247595, 784.818418247595, 784.818418247595, 784.818418247595, 784.818418247595, 784.818418247595, 784.818418247595, 784.818418247595, 784.818418247595, 784.818418247595, 784.818418247595, 784.818418247595, 784.818418247595, 784.818418247595, 784.818418247595, 784.818418247595, 784.818418247595, 784.818418247595, 784.818418247595, 784.818418247595, 784.818418247595, 784.818418247595, 784.818418247595, 784.818418247595, 784.818418247595, 784.818418247595, 784.818418247595, 784.818418247595, 784.818418247595, 784.818418247595, 784.818418247595, 784.818418247595, 784.818418247595, 784.818418247595, 784.818418247595, 784.818418247595, 784.818418247595, 784.818418247595, 784.818418247595, 784.818418247595, 784.818418247595, 784.818418247595, 784.818418247595, 784.818418247595, 784.818418247595, 784.818418247595, 784.818418247595, 784.818418247595, 784.818418247595, 784.818418247595, 784.818418247595, 784.818418247595, 784.818418247595, 784.818418247595, 784.818418247595, 784.818418247595, 784.818418247595, 784.818418247595, 784.818418247595, 784.818418247595, 784.818418247595, 784.818418247595, 784.818418247595, 784.818418247595, 784.818418247595, 784.818418247595, 784.818418247595, 784.818418247595, 784.818418247595, 784.818418247595, 784.818418247595, 784.818418247595, 784.818418247595, 784.818418247595, 784.818418247595, 784.818418247595, 784.818418247595, 784.818418247595, 784.818418247595, 784.818418247595, 784.818418247595, 784.818418247595, 784.818418247595, 784.818418247595, 784.818418247595, 784.818418247595, 784.818418247595, 784.818418247595, 784.818418247595, 784.818418247595, 784.818418247595, 784.818418247595, 784.818418247595, 784.818418247595, 784.818418247595, 784.818418247595, 784.818418247595, 784.818418247595, 784.818418247595, 784.818418247595, 784.818418247595, 784.818418247595, 784.818418247595, 784.818418247595, 784.818418247595, 784.818418247595, 784.818418247595, 784.818418247595, 784.818418247595, 784.818418247595, 784.818418247595, 784.818418247595, 784.818418247595, 784.818418247595, 784.818418247595, 784.818418247595, 784.818418247595, 784.818418247595, 784.818418247595, 784.818418247595, 784.818418247595, 784.818418247595, 784.818418247595, 784.818418247595, 784.818418247595, 784.818418247595, 784.818418247595, 784.818418247595, 784.818418247595, 784.818418247595, 784.818418247595, 784.818418247595, 784.818418247595, 784.818418247595, 784.818418247595, 784.818418247595, 784.818418247595, 784.818418247595, 784.818418247595, 784.818418247595, 784.818418247595, 784.818418247595, 784.818418247595, 784.818418247595, 784.818418247595, 784.818418247595, 784.818418247595, 784.818418247595, 784.818418247595, 784.818418247595, 784.818418247595, 784.818418247595, 784.818418247595, 784.818418247595, 784.818418247595, 784.818418247595, 784.818418247595, 784.818418247595, 784.818418247595, 784.818418247595, 784.818418247595, 784.818418247595, 784.818418247595, 784.818418247595, 784.818418247595, 784.818418247595, 784.818418247595, 784.818418247595, 784.818418247595, 784.818418247595, 784.818418247595, 784.818418247595, 784.818418247595, 784.818418247595, 784.818418247595, 784.818418247595, 784.818418247595, 784.818418247595, 784.818418247595, 784.818418247595, 784.818418247595, 784.818418247595, 784.818418247595, 784.818418247595, 784.818418247595, 784.818418247595, 784.818418247595, 784.818418247595, 784.818418247595, 784.818418247595, 784.818418247595, 784.818418247595, 784.818418247595, 784.818418247595, 784.818418247595, 784.818418247595, 784.818418247595, 784.818418247595, 784.818418247595, 784.818418247595, 784.818418247595, 784.818418247595, 784.818418247595, 784.818418247595, 784.818418247595, 784.818418247595, 784.818418247595, 784.818418247595, 784.818418247595, 784.818418247595, 784.818418247595, 784.818418247595, 784.818418247595, 784.818418247595, 784.818418247595, 784.818418247595, 784.818418247595, 784.818418247595, 784.818418247595, 784.818418247595, 784.818418247595, 784.818418247595, 784.818418247595, 784.818418247595, 784.818418247595, 784.818418247595, 784.818418247595, 784.818418247595, 784.818418247595, 784.818418247595, 784.818418247595, 784.818418247595, 784.818418247595, 784.818418247595, 784.818418247595, 784.818418247595, 784.818418247595, 784.818418247595, 784.818418247595, 784.818418247595, 784.818418247595, 784.818418247595, 784.818418247595, 784.818418247595, 784.818418247595, 784.818418247595, 784.818418247595, 784.818418247595, 784.818418247595, 784.818418247595, 784.818418247595, 784.818418247595, 784.818418247595, 784.818418247595, 784.818418247595, 784.818418247595, 784.818418247595, 784.818418247595, 784.818418247595, 784.818418247595, 784.818418247595, 784.818418247595, 784.818418247595, 784.818418247595, 784.818418247595, 784.818418247595, 784.818418247595, 784.818418247595, 784.818418247595, 784.818418247595, 784.818418247595, 784.818418247595, 784.818418247595, 784.818418247595, 784.818418247595, 784.818418247595, 784.818418247595, 784.818418247595, 784.818418247595, 784.818418247595, 784.818418247595, 784.818418247595, 784.818418247595, 784.818418247595, 784.818418247595, 784.818418247595, 784.818418247595, 784.818418247595, 784.818418247595, 784.818418247595, 784.818418247595, 784.818418247595, 784.818418247595, 784.818418247595, 784.818418247595, 784.818418247595, 784.818418247595, 784.818418247595, 784.818418247595, 784.818418247595, 784.818418247595, 784.818418247595, 784.818418247595, 784.818418247595, 784.818418247595, 784.818418247595, 784.818418247595, 784.818418247595, 784.818418247595, 784.818418247595, 784.818418247595, 784.818418247595, 784.818418247595, 784.818418247595, 784.818418247595, 784.818418247595, 784.818418247595, 784.818418247595, 784.818418247595, 784.818418247595, 784.818418247595, 784.818418247595, 784.818418247595, 784.818418247595, 784.818418247595, 784.818418247595, 784.818418247595, 784.818418247595, 784.818418247595, 784.818418247595, 784.818418247595, 784.818418247595, 784.818418247595, 784.818418247595, 784.818418247595, 784.818418247595, 784.818418247595, 784.818418247595, 784.818418247595, 784.818418247595, 784.818418247595, 784.818418247595, 784.818418247595, 784.818418247595, 784.818418247595, 784.818418247595, 784.818418247595, 784.818418247595, 784.818418247595, 784.818418247595, 784.818418247595, 784.818418247595, 784.818418247595, 784.818418247595, 784.818418247595, 784.818418247595, 784.818418247595, 784.818418247595, 784.818418247595, 784.818418247595, 784.818418247595, 784.818418247595, 784.818418247595, 784.818418247595, 784.818418247595, 784.818418247595, 784.818418247595, 784.818418247595, 784.818418247595, 784.818418247595, 784.818418247595, 784.818418247595, 784.818418247595, 784.818418247595, 784.818418247595, 784.818418247595, 784.818418247595, 784.818418247595, 784.818418247595, 784.818418247595, 784.818418247595, 784.818418247595, 784.818418247595, 784.818418247595, 784.818418247595, 784.818418247595, 784.818418247595, 784.818418247595, 784.818418247595, 784.818418247595, 784.818418247595, 784.818418247595, 784.818418247595, 784.818418247595, 784.818418247595, 784.818418247595, 784.818418247595, 784.818418247595, 784.818418247595, 784.818418247595, 784.818418247595, 784.818418247595, 784.818418247595, 784.818418247595, 784.818418247595, 784.818418247595, 784.818418247595, 784.818418247595, 784.818418247595, 784.818418247595, 784.818418247595, 784.818418247595, 784.818418247595, 784.818418247595, 784.818418247595, 784.818418247595, 784.818418247595, 784.818418247595, 784.818418247595, 784.818418247595, 784.818418247595, 784.818418247595, 784.818418247595, 784.818418247595, 784.818418247595, 784.818418247595, 784.818418247595, 784.818418247595, 784.818418247595, 784.818418247595, 784.818418247595, 784.818418247595, 784.818418247595, 784.818418247595, 784.818418247595, 784.818418247595, 784.818418247595, 784.818418247595, 784.818418247595, 784.818418247595, 784.818418247595, 784.818418247595, 784.818418247595, 784.818418247595, 784.818418247595, 784.818418247595, 784.818418247595, 784.818418247595, 784.818418247595, 784.818418247595, 784.818418247595, 784.818418247595, 784.818418247595, 784.818418247595, 784.818418247595, 784.818418247595, 784.818418247595, 784.818418247595, 784.818418247595, 784.818418247595, 784.818418247595, 784.818418247595, 784.818418247595, 784.818418247595, 784.818418247595, 784.818418247595, 784.818418247595, 784.818418247595, 784.818418247595, 784.818418247595, 784.818418247595, 784.818418247595, 784.818418247595, 784.818418247595, 784.818418247595, 784.818418247595, 784.818418247595, 784.818418247595, 784.818418247595, 784.818418247595, 784.818418247595, 784.818418247595, 784.818418247595, 784.818418247595, 784.818418247595, 784.818418247595, 784.818418247595, 784.818418247595, 784.818418247595, 784.818418247595, 784.818418247595, 784.818418247595, 784.818418247595, 784.818418247595, 784.818418247595, 784.818418247595, 784.818418247595, 784.818418247595, 784.818418247595, 784.818418247595, 784.818418247595, 784.818418247595, 784.818418247595, 784.818418247595, 784.818418247595, 784.818418247595, 784.818418247595, 784.818418247595, 784.818418247595, 784.818418247595, 784.818418247595, 784.818418247595, 784.818418247595, 784.818418247595, 784.818418247595, 784.818418247595, 784.818418247595, 784.818418247595, 784.818418247595, 784.818418247595, 784.818418247595, 784.818418247595, 784.818418247595, 784.818418247595, 784.818418247595]
Computational time : 475.068000078