Name : Ahmed ElMousel
Problem : X-n115-k10 
Whale Algorithm 
cost : 847.107397697
Routes : 
1->4->6->7->8->10->9->33->12->13->3->1
1->5->11->19->20->22->21->23->24->25->26->14->1
1->31->32->15->2->1
1->30->29->17->28->27->18->16->1
best solutions : 
[860.0079106960131, 860.0079106960131, 860.0079106960131, 860.0079106960131, 860.0079106960131, 856.1113013713954, 855.2141440084782, 855.2141440084782, 855.2141440084782, 851.3209190378667, 851.3209190378667, 851.3209190378667, 847.1073976969187, 847.1073976969187, 847.1073976969187, 847.1073976969187, 847.1073976969187, 847.1073976969187, 847.1073976969187, 847.1073976969187, 847.1073976969187, 847.1073976969187, 847.1073976969187, 847.1073976969187, 847.1073976969187, 847.1073976969187, 847.1073976969187, 847.1073976969187, 847.1073976969187, 847.1073976969187, 847.1073976969187, 847.1073976969187, 847.1073976969187, 847.1073976969187, 847.1073976969187, 847.1073976969187, 847.1073976969187, 847.1073976969187, 847.1073976969187, 847.1073976969187, 847.1073976969187, 847.1073976969187, 847.1073976969187, 847.1073976969187, 847.1073976969187, 847.1073976969187, 847.1073976969187, 847.1073976969187, 847.1073976969187, 847.1073976969187, 847.1073976969187, 847.1073976969187, 847.1073976969187, 847.1073976969187, 847.1073976969187, 847.1073976969187, 847.1073976969187, 847.1073976969187, 847.1073976969187, 847.1073976969187, 847.1073976969187, 847.1073976969187, 847.1073976969187, 847.1073976969187, 847.1073976969187, 847.1073976969187, 847.1073976969187, 847.1073976969187, 847.1073976969187, 847.1073976969187, 847.1073976969187, 847.1073976969187, 847.1073976969187, 847.1073976969187, 847.1073976969187, 847.1073976969187, 847.1073976969187, 847.1073976969187, 847.1073976969187, 847.1073976969187, 847.1073976969187, 847.1073976969187, 847.1073976969187, 847.1073976969187, 847.1073976969187, 847.1073976969187, 847.1073976969187, 847.1073976969187, 847.1073976969187, 847.1073976969187, 847.1073976969187, 847.1073976969187, 847.1073976969187, 847.1073976969187, 847.1073976969187, 847.1073976969187, 847.1073976969187, 847.1073976969187, 847.1073976969187, 847.1073976969187, 847.1073976969187, 847.1073976969187, 847.1073976969187, 847.1073976969187, 847.1073976969187, 847.1073976969187, 847.1073976969187, 847.1073976969187, 847.1073976969187, 847.1073976969187, 847.1073976969187, 847.1073976969187, 847.1073976969187, 847.1073976969187, 847.1073976969187, 847.1073976969187, 847.1073976969187, 847.1073976969187, 847.1073976969187, 847.1073976969187, 847.1073976969187, 847.1073976969187, 847.1073976969187, 847.1073976969187, 847.1073976969187, 847.1073976969187, 847.1073976969187, 847.1073976969187, 847.1073976969187, 847.1073976969187, 847.1073976969187, 847.1073976969187, 847.1073976969187, 847.1073976969187, 847.1073976969187, 847.1073976969187, 847.1073976969187, 847.1073976969187, 847.1073976969187, 847.1073976969187, 847.1073976969187, 847.1073976969187, 847.1073976969187, 847.1073976969187, 847.1073976969187, 847.1073976969187, 847.1073976969187, 847.1073976969187, 847.1073976969187, 847.1073976969187, 847.1073976969187, 847.1073976969187, 847.1073976969187, 847.1073976969187, 847.1073976969187, 847.1073976969187, 847.1073976969187, 847.1073976969187, 847.1073976969187, 847.1073976969187, 847.1073976969187, 847.1073976969187, 847.1073976969187, 847.1073976969187, 847.1073976969187, 847.1073976969187, 847.1073976969187, 847.1073976969187, 847.1073976969187, 847.1073976969187, 847.1073976969187, 847.1073976969187, 847.1073976969187, 847.1073976969187, 847.1073976969187, 847.1073976969187, 847.1073976969187, 847.1073976969187, 847.1073976969187, 847.1073976969187, 847.1073976969187, 847.1073976969187, 847.1073976969187, 847.1073976969187, 847.1073976969187, 847.1073976969187, 847.1073976969187, 847.1073976969187, 847.1073976969187, 847.1073976969187, 847.1073976969187, 847.1073976969187, 847.1073976969187, 847.1073976969187]
Computational time : 2.55100011826